System ID	Database ID	Patient Number	Surname	First Name	Sex	Date Of Birth	Patient ID	Patient Code	Patient Notes	SP	DP	MP	DATA_REV	DATETIME	AGE	MEDICATION	NOTES	OPERATOR	INTERPRETATION	HEIGHT	WEIGHT	BODY_MASS_INDEX	SAMPLE_RATE	SIMULATION MODE	Tonometer Serial Number	SUB_TYPE	Inconclusive	Reference Age	PPAmpRatio	P_MAX_DPDT	ED	CalcED	QUALITY_ED	P_QC_PH	P_QC_PHV	P_QC_PLV	P_QC_DV	P_QC_SDEV	Operator Index	P_SP	P_DP	P_MEANP	P_T1	P_T2	P_AI	P_CalcT1	P_CalcT2	P_ESP	P_P1	P_P2	P_T1ED	P_T2ED	P_QUALITY_T1	P_QUALITY_T2	C_AP	C_AP_HR75	C_MPS	C_MPD	C_TTI	C_DTI	C_SVI	C_AL	C_ATI	HR	C_PERIOD	C_DD	C_ED_PERIOD	C_DD_PERIOD	C_PH	C_AGPH	C_AGPH_HR75	C_P1_HEIGHT	C_T1R	C_SP	C_DP	C_MEANP	C_T1	C_T2	C_AI	C_CalcT1	C_CalcT2	C_ESP	C_P1	C_P2	C_T1ED	C_T2ED	C_QUALITY_T1	C_QUALITY_T2	C_APRT	C_CFTT	C_CFD	C_WRPWV	C_RI	C_FPPH	C_FPPT	C_RPPH	C_RPPT
00139	FQTTEST	661	Conwell	Naomi	FEMALE	14/04/1981				125	53	0	100	29/06/1998 09:51:59	17	NIL		01		171	71	24.28	128	No	0	RADIAL	Yes	20	178	1376	322	322	2	148	7	8	9	0	67	125	53	74	87	216	30	87	216	68	125	74	27	67	1	1	-3	-4	84	68	1874	2553	136	9999	0	69	867	545	37	63	40	-8	-11	40	0	94	54	74	95	167	92	95	167	74	94	91	29	52	1	1

PeriphSignal 	 CentralSignal 	 PeriphPulse 	 CentralPulse 
280.0	347.0	53.0	53.83
279.0	347.0	56.15	55.54
279.0	347.0	61.47	58.42
279.0	346.0	69.18	62.54
278.0	345.0	78.85	67.71
277.0	343.0	89.5	73.47
277.0	342.0	99.93	79.22
276.0	340.0	109.13	84.36
275.0	339.0	116.32	88.47
275.0	337.0	121.26	91.35
276.0	336.0	124.05	93.1
280.0	334.0	125.0	93.97
289.0	331.0	124.42	94.24
303.0	329.0	122.55	94.14
323.0	326.0	119.55	93.85
346.0	324.0	115.7	93.43
369.0	321.0	111.27	92.95
387.0	319.0	106.48	92.45
400.0	317.0	101.6	92.0
407.0	315.0	96.91	91.64
411.0	313.0	92.54	91.37
412.0	311.0	88.61	91.16
411.0	309.0	85.15	90.94
408.0	309.0	82.18	90.65
404.0	308.0	79.73	90.24
397.0	309.0	77.76	89.74
388.0	310.0	76.21	89.17
378.0	312.0	75.01	88.58
369.0	314.0	74.1	87.99
359.0	316.0	73.38	87.37
350.0	318.0	72.8	86.69
342.0	320.0	72.33	85.9
335.0	322.0	71.97	84.98
329.0	324.0	71.65	83.93
325.0	325.0	71.33	82.77
321.0	326.0	70.93	81.54
318.0	327.0	70.46	80.26
315.0	328.0	69.85	78.95
313.0	328.0	69.19	77.65
311.0	328.0	68.58	76.42
309.0	328.0	68.12	75.31
308.0	327.0	67.89	74.36
306.0	326.0	67.95	73.65
305.0	326.0	68.35	73.17
305.0	325.0	69.04	72.94
304.0	324.0	70.04	72.94
303.0	324.0	71.32	73.17
302.0	323.0	72.94	73.61
302.0	322.0	74.8	74.24
301.0	322.0	76.88	75.02
301.0	322.0	79.02	75.89
300.0	321.0	81.07	76.77
299.0	320.0	82.87	77.57
300.0	320.0	84.31	78.22
301.0	319.0	85.25	78.66
303.0	317.0	85.65	78.87
306.0	316.0	85.52	78.88
310.0	315.0	84.9	78.7
314.0	313.0	83.86	78.38
320.0	312.0	82.55	77.98
325.0	310.0	81.04	77.54
330.0	309.0	79.43	77.08
334.0	307.0	77.76	76.62
338.0	306.0	76.12	76.17
341.0	304.0	74.5	75.73
344.0	302.0	72.96	75.31
345.0	301.0	71.52	74.88
346.0	299.0	70.21	74.45
346.0	298.0	69.0	73.98
346.0	297.0	67.86	73.47
343.0	297.0	66.83	72.91
340.0	296.0	65.89	72.32
337.0	295.0	65.02	71.7
333.0	295.0	64.25	71.07
330.0	294.0	63.58	70.44
326.0	293.0	62.96	69.8
323.0	292.0	62.39	69.15
320.0	291.0	61.83	68.48
317.0	291.0	61.31	67.78
315.0	290.0	60.81	67.07
313.0	291.0	60.38	66.36
312.0	294.0	59.99	65.66
311.0	299.0	59.65	64.99
309.0	307.0	59.34	64.35
308.0	319.0	59.07	63.74
307.0	331.0	58.82	63.17
305.0	344.0	58.56	62.61
305.0	354.0	58.28	62.06
303.0	361.0	58.0	61.53
302.0	366.0	57.69	61.0
301.0	368.0	57.33	60.48
299.0	369.0	56.99	59.99
298.0	369.0	56.66	59.51
297.0	369.0	56.34	59.07
295.0	369.0	56.03	58.64
294.0	368.0	55.75	58.25
292.0	368.0	55.46	57.89
291.0	367.0	55.2	57.57
290.0	366.0	55.04	57.34
289.0	365.0	55.07	57.28
289.0	364.0	55.24	57.42
289.0	364.0	55.4	57.42
289.0	364.0	55.27	57.43
289.0	363.0	55.17	57.4
289.0	362.0	55.03	57.3
289.0	361.0	54.78	57.07
288.0	360.0	54.6	57.01
288.0	359.0	54.73	56.97
287.0	358.0	54.8	56.97
287.0	357.0	54.85	57.0
287.0	356.0	55.06	57.07
288.0	354.0	55.38	57.09
294.0	352.0
306.0	350.0
323.0	348.0
346.0	345.0
370.0	342.0
391.0	339.0
408.0	336.0
419.0	333.0
426.0	331.0
430.0	329.0
430.0	328.0
428.0	327.0
424.0	327.0
419.0	327.0
411.0	328.0
402.0	329.0
393.0	330.0
383.0	332.0
374.0	334.0
365.0	335.0
357.0	337.0
351.0	338.0
345.0	339.0
340.0	339.0
337.0	339.0
334.0	339.0
333.0	338.0
331.0	338.0
330.0	337.0
329.0	336.0
328.0	335.0
328.0	335.0
327.0	334.0
326.0	333.0
325.0	332.0
323.0	332.0
321.0	331.0
319.0	330.0
317.0	328.0
316.0	327.0
315.0	325.0
316.0	323.0
317.0	322.0
319.0	320.0
322.0	319.0
325.0	317.0
328.0	316.0
333.0	314.0
338.0	312.0
342.0	311.0
346.0	309.0
349.0	307.0
352.0	306.0
353.0	305.0
354.0	303.0
354.0	302.0
352.0	301.0
350.0	300.0
347.0	299.0
345.0	298.0
341.0	297.0
338.0	296.0
335.0	295.0
332.0	294.0
329.0	293.0
326.0	291.0
324.0	290.0
323.0	290.0
320.0	291.0
317.0	295.0
313.0	302.0
311.0	312.0
309.0	325.0
307.0	338.0
306.0	349.0
304.0	358.0
303.0	364.0
301.0	368.0
300.0	369.0
298.0	369.0
297.0	369.0
296.0	369.0
295.0	368.0
294.0	367.0
294.0	367.0
293.0	367.0
293.0	367.0
292.0	367.0
292.0	367.0
291.0	368.0
291.0	367.0
291.0	367.0
291.0	365.0
290.0	364.0
289.0	363.0
288.0	361.0
286.0	361.0
285.0	360.0
285.0	360.0
288.0	360.0
297.0	360.0
312.0	359.0
332.0	358.0
356.0	356.0
380.0	353.0
400.0	351.0
414.0	348.0
423.0	345.0
429.0	343.0
431.0	341.0
430.0	340.0
426.0	340.0
421.0	340.0
414.0	340.0
406.0	342.0
398.0	343.0
390.0	345.0
381.0	347.0
374.0	348.0
367.0	350.0
361.0	352.0
355.0	353.0
350.0	354.0
346.0	354.0
342.0	355.0
339.0	355.0
337.0	354.0
336.0	354.0
336.0	353.0
337.0	352.0
339.0	352.0
340.0	351.0
342.0	350.0
343.0	349.0
342.0	348.0
341.0	347.0
340.0	347.0
337.0	346.0
335.0	346.0
334.0	345.0
333.0	344.0
333.0	343.0
334.0	341.0
336.0	340.0
338.0	339.0
341.0	337.0
345.0	336.0
349.0	335.0
353.0	334.0
357.0	333.0
361.0	332.0
364.0	331.0
367.0	331.0
368.0	330.0
369.0	329.0
369.0	328.0
368.0	327.0
366.0	326.0
363.0	325.0
361.0	324.0
358.0	324.0
354.0	324.0
351.0	324.0
348.0	323.0
345.0	323.0
342.0	322.0
340.0	321.0
338.0	320.0
337.0	319.0
335.0	319.0
334.0	319.0
332.0	319.0
331.0	319.0
330.0	320.0
328.0	320.0
327.0	320.0
326.0	320.0
325.0	320.0
325.0	320.0
324.0	319.0
324.0	319.0
324.0	319.0
324.0	319.0
324.0	319.0
324.0	322.0
324.0	327.0
323.0	336.0
322.0	348.0
322.0	362.0
321.0	376.0
321.0	389.0
321.0	399.0
322.0	405.0
322.0	409.0
321.0	410.0
321.0	411.0
319.0	411.0
318.0	411.0
317.0	410.0
316.0	409.0
316.0	407.0
317.0	406.0
317.0	404.0
318.0	403.0
318.0	402.0
319.0	402.0
320.0	401.0
320.0	400.0
320.0	398.0
320.0	397.0
320.0	396.0
320.0	395.0
319.0	394.0
319.0	392.0
321.0	391.0
325.0	388.0
336.0	385.0
353.0	382.0
375.0	380.0
402.0	377.0
429.0	375.0
450.0	373.0
465.0	370.0
473.0	368.0
478.0	367.0
480.0	365.0
479.0	363.0
475.0	362.0
469.0	361.0
460.0	360.0
449.0	360.0
438.0	360.0
426.0	361.0
415.0	363.0
404.0	365.0
394.0	367.0
386.0	369.0
379.0	370.0
373.0	371.0
369.0	371.0
366.0	371.0
364.0	370.0
363.0	369.0
362.0	367.0
361.0	365.0
359.0	364.0
358.0	363.0
356.0	361.0
356.0	360.0
356.0	359.0
356.0	358.0
355.0	357.0
355.0	356.0
355.0	354.0
355.0	353.0
355.0	352.0
356.0	350.0
356.0	349.0
355.0	347.0
356.0	345.0
356.0	343.0
358.0	341.0
360.0	339.0
364.0	338.0
367.0	336.0
372.0	334.0
376.0	332.0
379.0	330.0
382.0	329.0
383.0	328.0
384.0	327.0
382.0	326.0
380.0	325.0
377.0	324.0
373.0	323.0
369.0	321.0
365.0	320.0
361.0	319.0
358.0	318.0
354.0	317.0
351.0	316.0
348.0	315.0
345.0	314.0
343.0	313.0
340.0	313.0
338.0	312.0
337.0	311.0
335.0	310.0
333.0	309.0
331.0	308.0
330.0	308.0
328.0	307.0
326.0	307.0
325.0	307.0
323.0	307.0
321.0	306.0
320.0	306.0
319.0	306.0
318.0	306.0
317.0	305.0
317.0	305.0
317.0	304.0
317.0	303.0
317.0	303.0
317.0	304.0
316.0	306.0
315.0	311.0
314.0	318.0
313.0	329.0
313.0	342.0
311.0	354.0
311.0	365.0
310.0	373.0
309.0	378.0
309.0	381.0
308.0	382.0
307.0	381.0
306.0	381.0
305.0	380.0
304.0	380.0
303.0	379.0
303.0	378.0
303.0	378.0
303.0	377.0
303.0	376.0
303.0	376.0
304.0	376.0
304.0	376.0
304.0	375.0
304.0	373.0
304.0	372.0
303.0	371.0
303.0	369.0
302.0	368.0
301.0	366.0
302.0	364.0
307.0	362.0
317.0	359.0
333.0	357.0
354.0	354.0
378.0	351.0
400.0	348.0
417.0	346.0
430.0	343.0
438.0	340.0
441.0	338.0
442.0	337.0
439.0	336.0
435.0	335.0
429.0	335.0
422.0	336.0
414.0	336.0
404.0	338.0
395.0	339.0
386.0	341.0
377.0	344.0
370.0	346.0
364.0	348.0
359.0	349.0
354.0	349.0
350.0	349.0
347.0	349.0
345.0	348.0
343.0	347.0
341.0	346.0
339.0	345.0
337.0	345.0
335.0	344.0
334.0	344.0
332.0	343.0
331.0	343.0
330.0	343.0
328.0	342.0
326.0	341.0
325.0	340.0
323.0	339.0
323.0	338.0
324.0	336.0
325.0	335.0
326.0	334.0
329.0	332.0
332.0	331.0
335.0	329.0
339.0	328.0
344.0	326.0
349.0	325.0
355.0	323.0
359.0	322.0
363.0	321.0
365.0	320.0
366.0	319.0
366.0	318.0
364.0	316.0
361.0	315.0
359.0	314.0
355.0	313.0
352.0	312.0
348.0	312.0
346.0	311.0
343.0	310.0
341.0	309.0
338.0	308.0
336.0	307.0
334.0	306.0
332.0	305.0
330.0	304.0
328.0	303.0
326.0	303.0
324.0	303.0
323.0	305.0
321.0	309.0
320.0	315.0
318.0	325.0
317.0	337.0
315.0	349.0
314.0	361.0
313.0	372.0
312.0	379.0
311.0	384.0
311.0	387.0
311.0	389.0
310.0	389.0
309.0	389.0
309.0	387.0
308.0	385.0
307.0	383.0
307.0	381.0
307.0	380.0
307.0	379.0
306.0	378.0
305.0	378.0
304.0	379.0
303.0	379.0
302.0	378.0
301.0	377.0
299.0	376.0
299.0	375.0
298.0	373.0
298.0	371.0
299.0	368.0
303.0	366.0
311.0	363.0
325.0	360.0
344.0	357.0
367.0	353.0
391.0	350.0
412.0	347.0
429.0	344.0
441.0	341.0
450.0	339.0
454.0	337.0
455.0	336.0
452.0	336.0
447.0	337.0
438.0	338.0
427.0	339.0
416.0	341.0
404.0	343.0
393.0	345.0
383.0	346.0
375.0	348.0
367.0	348.0
362.0	349.0
357.0	349.0
354.0	350.0
351.0	349.0
348.0	349.0
346.0	349.0
343.0	348.0
341.0	347.0
339.0	347.0
337.0	346.0
335.0	345.0
333.0	345.0
331.0	344.0
328.0	343.0
326.0	342.0
324.0	341.0
322.0	340.0
321.0	339.0
321.0	338.0
321.0	336.0
323.0	335.0
326.0	334.0
330.0	332.0
334.0	331.0
339.0	330.0
344.0	328.0
350.0	327.0
355.0	326.0
359.0	325.0
362.0	324.0
365.0	323.0
366.0	322.0
367.0	321.0
366.0	319.0
365.0	318.0
363.0	317.0
360.0	316.0
357.0	315.0
354.0	314.0
351.0	313.0
347.0	312.0
344.0	311.0
341.0	310.0
339.0	309.0
336.0	308.0
333.0	307.0
331.0	308.0
329.0	311.0
326.0	317.0
324.0	327.0
322.0	339.0
321.0	352.0
320.0	365.0
319.0	377.0
317.0	385.0
316.0	390.0
315.0	392.0
314.0	392.0
315.0	391.0
316.0	390.0
316.0	388.0
315.0	387.0
314.0	385.0
313.0	384.0
313.0	384.0
312.0	384.0
311.0	384.0
310.0	385.0
310.0	384.0
309.0	384.0
308.0	383.0
307.0	381.0
306.0	380.0
304.0	379.0
303.0	378.0
302.0	377.0
301.0	376.0
303.0	375.0
310.0	373.0
324.0	371.0
343.0	368.0
367.0	365.0
392.0	362.0
415.0	359.0
434.0	355.0
447.0	352.0
455.0	349.0
458.0	347.0
457.0	346.0
453.0	346.0
446.0	345.0
438.0	345.0
428.0	346.0
418.0	346.0
408.0	348.0
399.0	349.0
391.0	351.0
383.0	353.0
376.0	355.0
370.0	356.0
364.0	357.0
359.0	357.0
356.0	357.0
354.0	356.0
352.0	356.0
351.0	355.0
350.0	354.0
350.0	353.0
350.0	353.0
349.0	352.0
349.0	351.0
347.0	351.0
345.0	350.0
343.0	349.0
340.0	349.0
337.0	348.0
335.0	347.0
334.0	346.0
333.0	345.0
334.0	344.0
335.0	343.0
336.0	342.0
338.0	341.0
341.0	340.0
344.0	339.0
348.0	337.0
353.0	336.0
358.0	334.0
363.0	333.0
367.0	331.0
369.0	330.0
371.0	329.0
372.0	328.0
371.0	326.0
369.0	325.0
367.0	324.0
364.0	323.0
362.0	322.0
359.0	321.0
356.0	320.0
353.0	319.0
349.0	319.0
347.0	318.0
345.0	318.0
342.0	317.0
340.0	317.0
338.0	318.0
337.0	320.0
335.0	324.0
334.0	332.0
333.0	342.0
332.0	355.0
331.0	369.0
330.0	381.0
329.0	391.0
328.0	397.0
327.0	401.0
326.0	402.0
324.0	402.0
323.0	401.0
322.0	400.0
321.0	399.0
320.0	398.0
319.0	396.0
319.0	395.0
318.0	393.0
317.0	393.0
317.0	392.0
315.0	392.0
315.0	392.0
314.0	391.0
314.0	390.0
313.0	388.0
313.0	387.0
313.0	385.0
313.0	384.0
314.0	382.0
315.0	381.0
320.0	379.0
329.0	377.0
345.0	375.0
366.0	373.0
391.0	370.0
416.0	368.0
438.0	365.0
453.0	362.0
462.0	359.0
466.0	356.0
468.0	354.0
466.0	352.0
462.0	350.0
455.0	350.0
446.0	350.0
436.0	351.0
424.0	352.0
413.0	353.0
403.0	355.0
393.0	357.0
385.0	358.0
377.0	359.0
371.0	360.0
367.0	360.0
363.0	360.0
359.0	359.0
357.0	358.0
355.0	357.0
353.0	356.0
353.0	355.0
351.0	354.0
351.0	353.0
351.0	352.0
351.0	351.0
351.0	350.0
351.0	349.0
350.0	348.0
349.0	346.0
347.0	345.0
344.0	344.0
343.0	342.0
341.0	341.0
341.0	340.0
341.0	339.0
343.0	338.0
345.0	337.0
347.0	335.0
351.0	333.0
355.0	332.0
359.0	330.0
364.0	329.0
367.0	327.0
369.0	326.0
371.0	325.0
372.0	324.0
371.0	322.0
369.0	321.0
367.0	320.0
364.0	319.0
361.0	318.0
358.0	317.0
355.0	316.0
352.0	315.0
348.0	314.0
345.0	314.0
343.0	314.0
340.0	314.0
337.0	314.0
334.0	315.0
332.0	315.0
330.0	315.0
329.0	314.0
328.0	313.0
327.0	312.0
326.0	311.0
325.0	311.0
324.0	311.0
323.0	312.0
321.0	312.0
320.0	313.0
319.0	314.0
318.0	314.0
317.0	314.0
317.0	314.0
316.0	313.0
315.0	313.0
315.0	312.0
314.0	311.0
313.0	311.0
313.0	310.0
311.0	311.0
310.0	312.0
309.0	317.0
309.0	324.0
309.0	335.0
309.0	347.0
310.0	360.0
311.0	372.0
313.0	380.0
314.0	386.0
315.0	390.0
315.0	391.0
314.0	392.0
313.0	392.0
312.0	392.0
311.0	392.0
311.0	391.0
311.0	391.0
313.0	390.0
314.0	389.0
315.0	388.0
316.0	388.0
316.0	388.0
316.0	388.0
315.0	388.0
315.0	387.0
314.0	387.0
312.0	387.0
311.0	388.0
310.0	388.0
309.0	388.0
309.0	387.0
312.0	385.0
320.0	383.0
336.0	381.0
356.0	379.0
380.0	377.0
403.0	375.0
422.0	374.0
436.0	372.0
445.0	369.0
450.0	367.0
452.0	366.0
452.0	364.0
450.0	364.0
445.0	364.0
439.0	364.0
430.0	365.0
421.0	365.0
412.0	367.0
402.0	368.0
393.0	369.0
386.0	371.0
379.0	372.0
374.0	373.0
370.0	373.0
367.0	373.0
366.0	372.0
366.0	371.0
367.0	370.0
367.0	369.0
367.0	368.0
366.0	367.0
365.0	366.0
364.0	365.0
364.0	364.0
364.0	363.0
364.0	362.0
363.0	361.0
363.0	360.0
361.0	359.0
359.0	358.0
358.0	358.0
357.0	357.0
357.0	356.0
358.0	356.0
359.0	355.0
361.0	354.0
363.0	353.0
366.0	352.0
369.0	350.0
373.0	349.0
376.0	348.0
379.0	347.0
381.0	346.0
383.0	346.0
384.0	345.0
383.0	345.0
382.0	344.0
379.0	343.0
376.0	342.0
373.0	340.0
370.0	339.0
367.0	338.0
364.0	336.0
361.0	336.0
358.0	335.0
355.0	335.0
353.0	335.0
351.0	335.0
349.0	334.0
348.0	334.0
347.0	333.0
346.0	332.0
346.0	331.0
346.0	330.0
346.0	330.0
346.0	329.0
346.0	329.0
345.0	329.0
344.0	329.0
343.0	328.0
341.0	328.0
341.0	328.0
341.0	327.0
341.0	327.0
341.0	326.0
341.0	326.0
341.0	326.0
340.0	327.0
339.0	327.0
338.0	327.0
336.0	327.0
334.0	327.0
332.0	327.0
331.0	326.0
330.0	326.0
330.0	326.0
330.0	326.0
330.0	327.0
330.0	331.0
330.0	337.0
329.0	346.0
328.0	358.0
327.0	371.0
326.0	384.0
326.0	394.0
326.0	401.0
326.0	405.0
326.0	406.0
326.0	405.0
326.0	404.0
326.0	403.0
326.0	402.0
326.0	401.0
325.0	400.0
325.0	399.0
325.0	398.0
325.0	398.0
326.0	398.0
327.0	397.0
328.0	397.0
328.0	396.0
328.0	394.0
328.0	392.0
328.0	390.0
327.0	388.0
327.0	386.0
326.0	385.0
326.0	383.0
329.0	381.0
335.0	380.0
348.0	378.0
366.0	376.0
389.0	374.0
413.0	371.0
435.0	369.0
450.0	367.0
460.0	366.0
465.0	364.0
466.0	364.0
464.0	364.0
459.0	364.0
453.0	364.0
446.0	364.0
437.0	365.0
427.0	367.0
418.0	369.0
409.0	371.0
401.0	374.0
393.0	377.0
386.0	379.0
380.0	382.0
374.0	383.0
369.0	383.0
365.0	383.0
362.0	382.0
359.0	381.0
356.0	380.0
355.0	379.0
353.0	378.0
353.0	377.0
353.0	376.0
353.0	375.0
353.0	374.0
353.0	373.0
353.0	372.0
353.0	371.0
353.0	370.0
354.0	368.0
355.0	367.0
357.0	365.0
360.0	363.0
362.0	362.0
364.0	360.0
367.0	359.0
370.0	358.0
374.0	358.0
379.0	357.0
384.0	356.0
390.0	355.0
395.0	354.0
399.0	353.0
402.0	351.0
404.0	350.0
402.0	349.0
400.0	348.0
397.0	347.0
394.0	346.0
390.0	346.0
386.0	345.0
382.0	345.0
377.0	344.0
373.0	344.0
369.0	344.0
366.0	343.0
362.0	343.0
359.0	343.0
357.0	343.0
355.0	342.0
352.0	342.0
350.0	342.0
348.0	342.0
346.0	342.0
345.0	341.0
344.0	340.0
344.0	339.0
344.0	338.0
345.0	337.0
346.0	338.0
346.0	339.0
347.0	343.0
346.0	350.0
346.0	359.0
345.0	370.0
345.0	382.0
345.0	393.0
344.0	401.0
344.0	406.0
343.0	409.0
343.0	409.0
343.0	409.0
343.0	408.0
342.0	407.0
342.0	406.0
342.0	405.0
342.0	404.0
341.0	403.0
341.0	403.0
342.0	402.0
342.0	401.0
342.0	399.0
342.0	398.0
342.0	396.0
341.0	395.0
340.0	393.0
338.0	391.0
336.0	390.0
334.0	389.0
333.0	388.0
334.0	387.0
339.0	386.0
345.0	384.0
358.0	382.0
377.0	379.0
398.0	376.0
420.0	373.0
439.0
452.0
460.0
463.0
464.0
462.0
458.0
452.0
445.0
437.0
429.0
420.0
411.0
403.0
394.0
386.0
379.0
374.0
369.0
365.0
363.0
361.0
360.0
360.0
361.0
361.0
360.0
359.0
358.0
357.0
355.0
354.0
351.0
