System ID	Database ID	Patient Number	Surname	First Name	Sex	Date Of Birth	Patient ID	Patient Code	Patient Notes	SP	DP	MP	DATA_REV	DATETIME	MEDICATION	NOTES	OPERATOR	INTERPRETATION	HEIGHT	WEIGHT	BODY_MASS_INDEX	SAMPLE_RATE	SIMULATION	Tonometer Serial Number	SUB_TYPE	Inconclusive	Reference Age	SRRI	PPAmpRatio	P_MAX_DPDT	ED	CalcED	QUALITY_ED	P_QC_PH	P_QC_PHV	P_QC_PLV	P_QC_DV	P_QC_SDEV	Operator Index	P_SP	P_DP	P_MEANP	P_T1	P_T2	P_AI	P_CalcT1	P_CalcT2	P_ESP	P_P1	P_P2	P_T1ED	P_T2ED	P_QUALITY_T1	P_QUALITY_T2	C_AP	C_AP_HR75	C_MPS	C_MPD	C_TTI	C_DTI	C_SVI	C_AL	C_ATI	HR	C_PERIOD	C_DD	C_ED_PERIOD	C_DD_PERIOD	C_PH	C_AGPH	C_AGPH_HR75	C_P1_HEIGHT	C_T1R	C_SP	C_DP	C_MEANP	C_T1	C_T2	C_AI	C_CalcT1	C_CalcT2	C_ESP	C_P1	C_P2	C_T1ED	C_T2ED	C_QUALITY_T1	C_QUALITY_T2	C_APRT	C_CFTT	C_CFD	C_WRPWV	C_RI	C_FPPH	C_FPPT	C_RPPH	C_RPPT
00050	DATA	21	First	Patient	MALE	01/01/1966	1234	patient code	this is the notes field	120	80	0	130	05/06/2008 13:54:45	nil	nil	paul		170	70	24.22	128	Yes	0	RADIAL	No	72	83	113	621	333	333	0	400	0	0	0	1	100	120	80	96	110	206	95	110	206	101	120	118	33	62	0	0	13	10	106	91	2235	3540	158	17	91	63	945	612	35	65	35	36	30	23	138	116	81	96	102	239	156	102	239	108	103	116	30	72	1	1	117	62	500	8.0	84	23	94	19	250

PeriphSignal 	 CentralSignal 	 PeriphPulse 	 CentralPulse	 FlowWave 	 ForwardPulse 	 ReflectedPulse 
611.0	530.0	80.0	80.8	0.0	40.4	40.4
606.0	526.0	81.49	81.57	0.77	41.17	40.4
603.0	522.0	83.88	82.83	2.03	42.43	40.4
601.0	518.0	87.23	84.59	3.79	44.19	40.4
601.0	514.0	91.36	86.8	6.0	46.4	40.4
602.0	510.0	96.02	89.31	8.52	48.92	40.4
602.0	506.0	100.86	91.94	11.15	51.55	40.4
603.0	502.0	105.51	94.49	13.7	54.1	40.4
603.0	498.0	109.69	96.8	16.0	56.4	40.4
603.0	494.0	113.18	98.76	17.96	58.36	40.4
602.0	490.0	115.9	100.34	19.55	59.95	40.4
600.0	487.0	117.83	101.59	20.8	61.2	40.4
598.0	484.0	119.09	102.58	23.27	62.93	39.65
594.0	481.0	119.78	103.38	22.34	62.86	40.52
590.0	478.0	120.0	104.09	20.52	62.31	41.79
585.0	475.0	119.88	104.79	18.78	61.79	43.01
579.0	472.0	119.59	105.51	17.07	61.3	44.22
573.0	469.0	119.16	106.31	15.36	60.84	45.47
567.0	466.0	118.7	107.19	13.63	60.41	46.78
561.0	463.0	118.32	108.15	11.86	60.01	48.15
555.0	461.0	118.02	109.17	10.09	59.63	49.54
549.0	459.0	117.8	110.21	8.35	59.28	50.94
542.0	456.0	117.7	111.24	6.66	58.95	52.29
536.0	454.0	117.69	112.2	5.08	58.64	53.56
529.0	452.0	117.71	113.08	3.62	58.35	54.73
523.0	450.0	117.77	113.85	2.3	58.08	55.78
517.0	448.0	117.82	114.52	1.11	57.82	56.71
511.0	447.0	117.8	115.07	0.07	57.57	57.51
506.0	445.0	117.69	115.52	-0.84	57.34	58.18
501.0	443.0	117.48	115.83	-1.61	57.11	58.73
497.0	441.0	117.11	116.01	-2.23	56.9	59.12
493.0	439.0	116.55	116.04	-2.68	56.69	59.36
490.0	437.0	115.79	115.9	-2.95	56.48	59.43
487.0	435.0	114.82	115.59	-3.05	56.27	59.32
484.0	433.0	113.63	115.1	-2.97	56.07	59.04
481.0	431.0	112.22	114.46	-2.74	55.87	58.6
478.0	428.0	110.66	113.69	-2.38	55.66	58.04
475.0	426.0	109.02	112.83	-1.95	55.45	57.39
472.0	424.0	107.36	111.93	-1.48	55.23	56.7
469.0	422.0	105.75	111.02	-1.02	55.0	56.02
466.0	420.0	104.28	110.14	-0.62	54.76	55.38
464.0	419.0	102.99	109.33	-0.3	54.51	54.82
462.0	417.0	101.91	108.59	-0.09	54.25	54.35
460.0	416.0	101.07	107.94	0.0	53.97	53.97
458.0	414.0	100.46	107.38	0.0	53.69	53.69
456.0	413.0	100.06	106.88	0.0	53.44	53.44
454.0	412.0	99.85	106.44	0.0	53.22	53.22
452.0	414.0	99.76	106.02	0.0	53.01	53.01
450.0	420.0	99.75	105.62	0.0	52.81	52.81
448.0	431.0	99.79	105.2	0.0	52.6	52.6
446.0	447.0	99.83	104.76	0.0	52.38	52.38
445.0	470.0	99.84	104.29	0.0	52.15	52.15
443.0	496.0	99.8	103.8	0.0	51.9	51.9
441.0	524.0	99.71	103.28	0.0	51.64	51.64
440.0	550.0	99.53	102.75	0.0	51.38	51.38
438.0	574.0	99.27	102.19	0.0	51.1	51.1
437.0	594.0	98.93	101.63	0.0	50.82	50.82
436.0	609.0	98.51	101.05	0.0	50.53	50.53
434.0	620.0	98.0	100.47	0.0	50.24	50.24
433.0	629.0	97.44	99.89	0.0	49.95	49.95
431.0	636.0	96.84	99.32	0.0	49.66	49.66
430.0	642.0	96.22	98.75	0.0	49.38	49.38
428.0	649.0	95.6	98.21	0.0	49.11	49.11
426.0	655.0	94.96	97.67	0.0	48.84	48.84
424.0	663.0	94.32	97.14	0.0	48.57	48.57
421.0	671.0	93.66	96.62	0.0	48.31	48.31
418.0	680.0	92.99	96.1	0.0	48.05	48.05
416.0	691.0	92.33	95.57	0.0	47.79	47.79
413.0	701.0	91.68	95.06	0.0	47.53	47.53
410.0	711.0	91.06	94.55	0.0	47.28	47.28
409.0	721.0	90.47	94.06	0.0	47.03	47.03
407.0	730.0	89.93	93.59	0.0	46.8	46.8
404.0	737.0	89.42	93.13	0.0	46.57	46.57
403.0	744.0	88.98	92.69	0.0	46.35	46.35
402.0	749.0	88.58	92.27	0.0	46.14	46.14
402.0	754.0	88.22	91.86	0.0	45.93	45.93
400.0	757.0	87.89	91.45	0.0	45.73	45.73
400.0	759.0	87.58	91.05	0.0	45.53	45.53
403.0	760.0	87.27	90.64	0.0	45.32	45.32
418.0	759.0	86.96	90.23	0.0	45.12	45.12
442.0	756.0	86.64	89.81	0.0	44.91	44.91
477.0	752.0	86.33	89.39	0.0	44.7	44.7
521.0	745.0	86.04	88.98	0.0	44.49	44.49
570.0	738.0	85.77	88.59	0.0	44.3	44.3
621.0	729.0	85.52	88.21	0.0	44.11	44.11
669.0	720.0	85.29	87.86	0.0	43.93	43.93
710.0	711.0	85.08	87.52	0.0	43.76	43.76
743.0	702.0	84.87	87.2	0.0	43.6	43.6
768.0	694.0	84.66	86.88	0.0	43.44	43.44
785.0	686.0	84.45	86.58	0.0	43.29	43.29
795.0	680.0	84.25	86.28	0.0	43.14	43.14
799.0	675.0	84.04	85.99	0.0	43.0	43.0
800.0	670.0	83.85	85.71	0.0	42.86	42.86
798.0	666.0	83.66	85.44	0.0	42.72	42.72
793.0	662.0	83.48	85.18	0.0	42.59	42.59
788.0	658.0	83.31	84.94	0.0	42.47	42.47
784.0	655.0	83.14	84.71	0.0	42.36	42.36
779.0	650.0	82.98	84.48	0.0	42.24	42.24
776.0	646.0	82.83	84.27	0.0	42.14	42.14
775.0	641.0	82.68	84.07	0.0	42.04	42.04
774.0	636.0	82.54	83.88	0.0	41.94	41.94
774.0	631.0	82.39	83.69	0.0	41.85	41.85
775.0	626.0	82.25	83.5	0.0	41.75	41.75
776.0	620.0	82.09	83.32	0.0	41.66	41.66
776.0	615.0	81.92	83.12	0.0	41.56	41.56
777.0	609.0	81.74	82.92	0.0	41.46	41.46
776.0	603.0	81.53	82.71	0.0	41.36	41.36
774.0	598.0	81.29	82.49	0.0	41.25	41.25
770.0	592.0	81.04	82.27	0.0	41.14	41.14
765.0	587.0	80.77	82.03	0.0	41.02	41.02
758.0	582.0	80.48	81.8	0.0	40.9	40.9
748.0	577.0	80.23	81.58	0.0	40.79	40.79
736.0	572.0	80.0	81.37	0.0	40.69	40.69
722.0	567.0	79.75	81.16	0.0	40.58	40.58
706.0	562.0	79.54	80.97	0.0	40.49	40.49
689.0	557.0	79.37	80.8	0.0	40.4	40.4
672.0	552.0	79.22	80.63	0.0	40.32	40.32
657.0	547.0	79.07	80.48	0.0	40.24	40.24
642.0	542.0	78.98	80.36	0.0	40.18	40.18
629.0	538.0	78.96	80.31	0.0	40.16	40.16
619.0	534.0	79.27	80.43	0.0	40.22	40.22
611.0	530.0	79.52	80.77	0.0	40.39	40.39
606.0	526.0
603.0	522.0
601.0	518.0
601.0	514.0
602.0	510.0
602.0	506.0
603.0	502.0
603.0	498.0
603.0	494.0
602.0	490.0
600.0	487.0
598.0	484.0
594.0	481.0
590.0	478.0
585.0	475.0
579.0	472.0
573.0	469.0
567.0	466.0
561.0	463.0
555.0	461.0
549.0	459.0
542.0	456.0
536.0	454.0
529.0	452.0
523.0	450.0
517.0	448.0
511.0	447.0
506.0	445.0
501.0	443.0
497.0	441.0
493.0	439.0
490.0	437.0
487.0	435.0
484.0	433.0
481.0	431.0
478.0	428.0
475.0	426.0
472.0	424.0
469.0	422.0
466.0	420.0
464.0	419.0
462.0	417.0
460.0	416.0
458.0	414.0
456.0	413.0
454.0	412.0
452.0	414.0
450.0	420.0
448.0	431.0
446.0	447.0
445.0	470.0
443.0	496.0
441.0	524.0
440.0	550.0
438.0	574.0
437.0	594.0
436.0	609.0
434.0	620.0
433.0	629.0
431.0	636.0
430.0	642.0
428.0	649.0
426.0	655.0
424.0	663.0
421.0	671.0
418.0	680.0
416.0	691.0
413.0	701.0
410.0	711.0
409.0	721.0
407.0	730.0
404.0	737.0
403.0	744.0
402.0	749.0
402.0	754.0
400.0	757.0
400.0	759.0
403.0	760.0
418.0	759.0
442.0	756.0
477.0	752.0
521.0	745.0
570.0	738.0
621.0	729.0
669.0	720.0
710.0	711.0
743.0	702.0
768.0	694.0
785.0	686.0
795.0	680.0
799.0	675.0
800.0	670.0
798.0	666.0
793.0	662.0
788.0	658.0
784.0	655.0
779.0	650.0
776.0	646.0
775.0	641.0
774.0	636.0
774.0	631.0
775.0	626.0
776.0	620.0
776.0	615.0
777.0	609.0
776.0	603.0
774.0	598.0
770.0	592.0
765.0	587.0
758.0	582.0
748.0	577.0
736.0	572.0
722.0	567.0
706.0	562.0
689.0	557.0
672.0	552.0
657.0	547.0
642.0	542.0
629.0	538.0
619.0	534.0
611.0	530.0
606.0	526.0
603.0	522.0
601.0	518.0
601.0	514.0
602.0	510.0
602.0	506.0
603.0	502.0
603.0	498.0
603.0	494.0
602.0	490.0
600.0	487.0
598.0	484.0
594.0	481.0
590.0	478.0
585.0	475.0
579.0	472.0
573.0	469.0
567.0	466.0
561.0	463.0
555.0	461.0
549.0	459.0
542.0	456.0
536.0	454.0
529.0	452.0
523.0	450.0
517.0	448.0
511.0	447.0
506.0	445.0
501.0	443.0
497.0	441.0
493.0	439.0
490.0	437.0
487.0	435.0
484.0	433.0
481.0	431.0
478.0	428.0
475.0	426.0
472.0	424.0
469.0	422.0
466.0	420.0
464.0	419.0
462.0	417.0
460.0	416.0
458.0	414.0
456.0	413.0
454.0	412.0
452.0	414.0
450.0	420.0
448.0	431.0
446.0	447.0
445.0	470.0
443.0	496.0
441.0	524.0
440.0	550.0
438.0	574.0
437.0	594.0
436.0	609.0
434.0	620.0
433.0	629.0
431.0	636.0
430.0	642.0
428.0	649.0
426.0	655.0
424.0	663.0
421.0	671.0
418.0	680.0
416.0	691.0
413.0	701.0
410.0	711.0
409.0	721.0
407.0	730.0
404.0	737.0
403.0	744.0
402.0	749.0
402.0	754.0
400.0	757.0
400.0	759.0
403.0	760.0
418.0	759.0
442.0	756.0
477.0	752.0
521.0	745.0
570.0	738.0
621.0	729.0
669.0	720.0
710.0	711.0
743.0	702.0
768.0	694.0
785.0	686.0
795.0	680.0
799.0	675.0
800.0	670.0
798.0	666.0
793.0	662.0
788.0	658.0
784.0	655.0
779.0	650.0
776.0	646.0
775.0	641.0
774.0	636.0
774.0	631.0
775.0	626.0
776.0	620.0
776.0	615.0
777.0	609.0
776.0	603.0
774.0	598.0
770.0	592.0
765.0	587.0
758.0	582.0
748.0	577.0
736.0	572.0
722.0	567.0
706.0	562.0
689.0	557.0
672.0	552.0
657.0	547.0
642.0	542.0
629.0	538.0
619.0	534.0
611.0	530.0
606.0	526.0
603.0	522.0
601.0	518.0
601.0	514.0
602.0	510.0
602.0	506.0
603.0	502.0
603.0	498.0
603.0	494.0
602.0	490.0
600.0	487.0
598.0	484.0
594.0	481.0
590.0	478.0
585.0	475.0
579.0	472.0
573.0	469.0
567.0	466.0
561.0	463.0
555.0	461.0
549.0	459.0
542.0	456.0
536.0	454.0
529.0	452.0
523.0	450.0
517.0	448.0
511.0	447.0
506.0	445.0
501.0	443.0
497.0	441.0
493.0	439.0
490.0	437.0
487.0	435.0
484.0	433.0
481.0	431.0
478.0	428.0
475.0	426.0
472.0	424.0
469.0	422.0
466.0	420.0
464.0	419.0
462.0	417.0
460.0	416.0
458.0	414.0
456.0	413.0
454.0	412.0
452.0	414.0
450.0	420.0
448.0	431.0
446.0	447.0
445.0	470.0
443.0	496.0
441.0	524.0
440.0	550.0
438.0	574.0
437.0	594.0
436.0	609.0
434.0	620.0
433.0	629.0
431.0	636.0
430.0	642.0
428.0	649.0
426.0	655.0
424.0	663.0
421.0	671.0
418.0	680.0
416.0	691.0
413.0	701.0
410.0	711.0
409.0	721.0
407.0	730.0
404.0	737.0
403.0	744.0
402.0	749.0
402.0	754.0
400.0	757.0
400.0	759.0
403.0	760.0
418.0	759.0
442.0	756.0
477.0	752.0
521.0	745.0
570.0	738.0
621.0	729.0
669.0	720.0
710.0	711.0
743.0	702.0
768.0	694.0
785.0	686.0
795.0	680.0
799.0	675.0
800.0	670.0
798.0	666.0
793.0	662.0
788.0	658.0
784.0	655.0
779.0	650.0
776.0	646.0
775.0	641.0
774.0	636.0
774.0	631.0
775.0	626.0
776.0	620.0
776.0	615.0
777.0	609.0
776.0	603.0
774.0	598.0
770.0	592.0
765.0	587.0
758.0	582.0
748.0	577.0
736.0	572.0
722.0	567.0
706.0	562.0
689.0	557.0
672.0	552.0
657.0	547.0
642.0	542.0
629.0	538.0
619.0	534.0
611.0	530.0
606.0	526.0
603.0	522.0
601.0	518.0
601.0	514.0
602.0	510.0
602.0	506.0
603.0	502.0
603.0	498.0
603.0	494.0
602.0	490.0
600.0	487.0
598.0	484.0
594.0	481.0
590.0	478.0
585.0	475.0
579.0	472.0
573.0	469.0
567.0	466.0
561.0	463.0
555.0	461.0
549.0	459.0
542.0	456.0
536.0	454.0
529.0	452.0
523.0	450.0
517.0	448.0
511.0	447.0
506.0	445.0
501.0	443.0
497.0	441.0
493.0	439.0
490.0	437.0
487.0	435.0
484.0	433.0
481.0	431.0
478.0	428.0
475.0	426.0
472.0	424.0
469.0	422.0
466.0	420.0
464.0	419.0
462.0	417.0
460.0	416.0
458.0	414.0
456.0	413.0
454.0	412.0
452.0	414.0
450.0	420.0
448.0	431.0
446.0	447.0
445.0	470.0
443.0	496.0
441.0	524.0
440.0	550.0
438.0	574.0
437.0	594.0
436.0	609.0
434.0	620.0
433.0	629.0
431.0	636.0
430.0	642.0
428.0	649.0
426.0	655.0
424.0	663.0
421.0	671.0
418.0	680.0
416.0	691.0
413.0	701.0
410.0	711.0
409.0	721.0
407.0	730.0
404.0	737.0
403.0	744.0
402.0	749.0
402.0	754.0
400.0	757.0
400.0	759.0
403.0	760.0
418.0	759.0
442.0	756.0
477.0	752.0
521.0	745.0
570.0	738.0
621.0	729.0
669.0	720.0
710.0	711.0
743.0	702.0
768.0	694.0
785.0	686.0
795.0	680.0
799.0	675.0
800.0	670.0
798.0	666.0
793.0	662.0
788.0	658.0
784.0	655.0
779.0	650.0
776.0	646.0
775.0	641.0
774.0	636.0
774.0	631.0
775.0	626.0
776.0	620.0
776.0	615.0
777.0	609.0
776.0	603.0
774.0	598.0
770.0	592.0
765.0	587.0
758.0	582.0
748.0	577.0
736.0	572.0
722.0	567.0
706.0	562.0
689.0	557.0
672.0	552.0
657.0	547.0
642.0	542.0
629.0	538.0
619.0	534.0
611.0	530.0
606.0	526.0
603.0	522.0
601.0	518.0
601.0	514.0
602.0	510.0
602.0	506.0
603.0	502.0
603.0	498.0
603.0	494.0
602.0	490.0
600.0	487.0
598.0	484.0
594.0	481.0
590.0	478.0
585.0	475.0
579.0	472.0
573.0	469.0
567.0	466.0
561.0	463.0
555.0	461.0
549.0	459.0
542.0	456.0
536.0	454.0
529.0	452.0
523.0	450.0
517.0	448.0
511.0	447.0
506.0	445.0
501.0	443.0
497.0	441.0
493.0	439.0
490.0	437.0
487.0	435.0
484.0	433.0
481.0	431.0
478.0	428.0
475.0	426.0
472.0	424.0
469.0	422.0
466.0	420.0
464.0	419.0
462.0	417.0
460.0	416.0
458.0	414.0
456.0	413.0
454.0	412.0
452.0	414.0
450.0	420.0
448.0	431.0
446.0	447.0
445.0	470.0
443.0	496.0
441.0	524.0
440.0	550.0
438.0	574.0
437.0	594.0
436.0	609.0
434.0	620.0
433.0	629.0
431.0	636.0
430.0	642.0
428.0	649.0
426.0	655.0
424.0	663.0
421.0	671.0
418.0	680.0
416.0	691.0
413.0	701.0
410.0	711.0
409.0	721.0
407.0	730.0
404.0	737.0
403.0	744.0
402.0	749.0
402.0	754.0
400.0	757.0
400.0	759.0
403.0	760.0
418.0	759.0
442.0	756.0
477.0	752.0
521.0	745.0
570.0	738.0
621.0	729.0
669.0	720.0
710.0	711.0
743.0	702.0
768.0	694.0
785.0	686.0
795.0	680.0
799.0	675.0
800.0	670.0
798.0	666.0
793.0	662.0
788.0	658.0
784.0	655.0
779.0	650.0
776.0	646.0
775.0	641.0
774.0	636.0
774.0	631.0
775.0	626.0
776.0	620.0
776.0	615.0
777.0	609.0
776.0	603.0
774.0	598.0
770.0	592.0
765.0	587.0
758.0	582.0
748.0	577.0
736.0	572.0
722.0	567.0
706.0	562.0
689.0	557.0
672.0	552.0
657.0	547.0
642.0	542.0
629.0	538.0
619.0	534.0
611.0	530.0
606.0	526.0
603.0	522.0
601.0	518.0
601.0	514.0
602.0	510.0
602.0	506.0
603.0	502.0
603.0	498.0
603.0	494.0
602.0	490.0
600.0	487.0
598.0	484.0
594.0	481.0
590.0	478.0
585.0	475.0
579.0	472.0
573.0	469.0
567.0	466.0
561.0	463.0
555.0	461.0
549.0	459.0
542.0	456.0
536.0	454.0
529.0	452.0
523.0	450.0
517.0	448.0
511.0	447.0
506.0	445.0
501.0	443.0
497.0	441.0
493.0	439.0
490.0	437.0
487.0	435.0
484.0	433.0
481.0	431.0
478.0	428.0
475.0	426.0
472.0	424.0
469.0	422.0
466.0	420.0
464.0	419.0
462.0	417.0
460.0	416.0
458.0	414.0
456.0	413.0
454.0	412.0
452.0	414.0
450.0	420.0
448.0	431.0
446.0	447.0
445.0	470.0
443.0	496.0
441.0	524.0
440.0	550.0
438.0	574.0
437.0	594.0
436.0	609.0
434.0	620.0
433.0	629.0
431.0	636.0
430.0	642.0
428.0	649.0
426.0	655.0
424.0	663.0
421.0	671.0
418.0	680.0
416.0	691.0
413.0	701.0
410.0	711.0
409.0	721.0
407.0	730.0
404.0	737.0
403.0	744.0
402.0	749.0
402.0	754.0
400.0	757.0
400.0	759.0
403.0	760.0
418.0	759.0
442.0	756.0
477.0	752.0
521.0	745.0
570.0	738.0
621.0	729.0
669.0	720.0
710.0	711.0
743.0	702.0
768.0	694.0
785.0	686.0
795.0	680.0
799.0	675.0
800.0	670.0
798.0	666.0
793.0	662.0
788.0	658.0
784.0	655.0
779.0	650.0
776.0	646.0
775.0	641.0
774.0	636.0
774.0	631.0
775.0	626.0
776.0	620.0
776.0	615.0
777.0	609.0
776.0	603.0
774.0	598.0
770.0	592.0
765.0	587.0
758.0	582.0
748.0	577.0
736.0	572.0
722.0	567.0
706.0	562.0
689.0	557.0
672.0	552.0
657.0	547.0
642.0	542.0
629.0	538.0
619.0	534.0
611.0	530.0
606.0	526.0
603.0	522.0
601.0	518.0
601.0	514.0
602.0	510.0
602.0	506.0
603.0	502.0
603.0	498.0
603.0	494.0
602.0	490.0
600.0	487.0
598.0	484.0
594.0	481.0
590.0	478.0
585.0	475.0
579.0	472.0
573.0	469.0
567.0	466.0
561.0	463.0
555.0	461.0
549.0	459.0
542.0	456.0
536.0	454.0
529.0	452.0
523.0	450.0
517.0	448.0
511.0	447.0
506.0	445.0
501.0	443.0
497.0	441.0
493.0	439.0
490.0	437.0
487.0	435.0
484.0	433.0
481.0	431.0
478.0	428.0
475.0	426.0
472.0	424.0
469.0	422.0
466.0	420.0
464.0	419.0
462.0	417.0
460.0	416.0
458.0	414.0
456.0	413.0
454.0	412.0
452.0	414.0
450.0	420.0
448.0	431.0
446.0	447.0
445.0	470.0
443.0	496.0
441.0	524.0
440.0	550.0
438.0	574.0
437.0	594.0
436.0	609.0
434.0	620.0
433.0	629.0
431.0	636.0
430.0	642.0
428.0	649.0
426.0	655.0
424.0	663.0
421.0	671.0
418.0	680.0
416.0	691.0
413.0	701.0
410.0	711.0
409.0	721.0
407.0	730.0
404.0	737.0
403.0	744.0
402.0	749.0
402.0	754.0
400.0	757.0
400.0	759.0
403.0	760.0
418.0	759.0
442.0	756.0
477.0	752.0
521.0	745.0
570.0	738.0
621.0	729.0
669.0	720.0
710.0	711.0
743.0	702.0
768.0	694.0
785.0	686.0
795.0	680.0
799.0	675.0
800.0	670.0
798.0	666.0
793.0	662.0
788.0	658.0
784.0	655.0
779.0	650.0
776.0	646.0
775.0	641.0
774.0	636.0
774.0	631.0
775.0	626.0
776.0	620.0
776.0	615.0
777.0	609.0
776.0	603.0
774.0	598.0
770.0	592.0
765.0	587.0
758.0	582.0
748.0	577.0
736.0	572.0
722.0	567.0
706.0	562.0
689.0	557.0
672.0	552.0
657.0	547.0
642.0	542.0
629.0	538.0
619.0	534.0
611.0	530.0
606.0	526.0
603.0	522.0
601.0	518.0
601.0	514.0
602.0	510.0
602.0	506.0
603.0	502.0
603.0	498.0
603.0	494.0
602.0	490.0
600.0	487.0
598.0	484.0
594.0	481.0
590.0	478.0
585.0	475.0
579.0	472.0
573.0	469.0
567.0	466.0
561.0	463.0
555.0	461.0
549.0	459.0
542.0	456.0
536.0	454.0
529.0	452.0
523.0	450.0
517.0	448.0
511.0	447.0
506.0	445.0
501.0	443.0
497.0	441.0
493.0	439.0
490.0	437.0
487.0	435.0
484.0	433.0
481.0	431.0
478.0	428.0
475.0	426.0
472.0	424.0
469.0	422.0
466.0	420.0
464.0	419.0
462.0	417.0
460.0	416.0
458.0	414.0
456.0	413.0
454.0	412.0
452.0	414.0
450.0	420.0
448.0	431.0
446.0	447.0
445.0	470.0
443.0	496.0
441.0	524.0
440.0	550.0
438.0	574.0
437.0	594.0
436.0	609.0
434.0	620.0
433.0	629.0
431.0	636.0
430.0	642.0
428.0	649.0
426.0	655.0
424.0	663.0
421.0	671.0
418.0	680.0
416.0	691.0
413.0	701.0
410.0	711.0
409.0	721.0
407.0	730.0
404.0	737.0
403.0	744.0
402.0	749.0
402.0	754.0
400.0	757.0
400.0	759.0
403.0	760.0
418.0	759.0
442.0	756.0
477.0	752.0
521.0	745.0
570.0	738.0
621.0	729.0
669.0	720.0
710.0	711.0
743.0	702.0
768.0	694.0
785.0	686.0
795.0	680.0
799.0	675.0
800.0	670.0
798.0	666.0
793.0	662.0
788.0	658.0
784.0	655.0
779.0	650.0
776.0	646.0
775.0	641.0
774.0	636.0
774.0	631.0
775.0	626.0
776.0	620.0
776.0	615.0
777.0	609.0
776.0	603.0
774.0	598.0
770.0	592.0
765.0	587.0
758.0	582.0
748.0	577.0
736.0	572.0
722.0	567.0
706.0	562.0
689.0	557.0
672.0	552.0
657.0	547.0
642.0	542.0
629.0	538.0
619.0	534.0
611.0	530.0
606.0	526.0
603.0	522.0
601.0	518.0
601.0	514.0
602.0	510.0
602.0	506.0
603.0	502.0
603.0	498.0
603.0	494.0
602.0	490.0
600.0	487.0
598.0	484.0
594.0	481.0
590.0	478.0
585.0	475.0
579.0	472.0
573.0	469.0
567.0	466.0
561.0	463.0
555.0	461.0
549.0	459.0
542.0	456.0
536.0	454.0
529.0	452.0
523.0	450.0
517.0	448.0
511.0	447.0
506.0	445.0
501.0	443.0
497.0
493.0
490.0
487.0
484.0
481.0
478.0
475.0
472.0
469.0
466.0
464.0
462.0
460.0
458.0
456.0
454.0
452.0
450.0
448.0
446.0
445.0
443.0
441.0
440.0
438.0
437.0
436.0
434.0
433.0
431.0
430.0
428.0
