System ID	Database ID	Patient Number	Surname	First Name	Sex	Date Of Birth	Patient ID	Patient Code	Patient Notes	SP	DP	MP	DATA_REV	DATETIME	AGE	MEDICATION	NOTES	OPERATOR	INTERPRETATION	HEIGHT	WEIGHT	BODY_MASS_INDEX	SAMPLE_RATE	SIMULATION	Tonometer Serial Number	SUB_TYPE	Inconclusive	Reference Age	PPAmpRatio	P_MAX_DPDT	ED	CalcED	QUALITY_ED	P_QC_PH	P_QC_PHV	P_QC_PLV	P_QC_DV	P_QC_SDEV	Operator Index	P_SP	P_DP	P_MEANP	P_T1	P_T2	P_AI	P_CalcT1	P_CalcT2	P_ESP	P_P1	P_P2	P_T1ED	P_T2ED	P_QUALITY_T1	P_QUALITY_T2	C_AP	C_AP_HR75	C_MPS	C_MPD	C_TTI	C_DTI	C_SVI	C_AL	C_ATI	HR	C_PERIOD	C_DD	C_ED_PERIOD	C_DD_PERIOD	C_PH	C_AGPH	C_AGPH_HR75	C_P1_HEIGHT	C_T1R	C_SP	C_DP	C_MEANP	C_T1	C_T2	C_AI	C_CalcT1	C_CalcT2	C_ESP	C_P1	C_P2	C_T1ED	C_T2ED	C_QUALITY_T1	C_QUALITY_T2
00139	FQTTEST	684	Harpas	Peter	MALE	29/12/1966				119	80	0	130	18/08/1999 16:30:59	32	nil	nil	pch		172	71	24	128	No	0	RADIAL	Yes	20	177	610	257	257	2	117	17	2	3	3	69	119	80	89	98	198	32	98	198	88	119	92	38	77	1	1	-4	-4	97	86	1732	3633	210	9999	9999	70	859	603	30	70	22	-17	-19	22	157	103	81	89	104	183	83	104	183	96	103	99	41	71	1	1

PeriphSignal 	 CentralSignal 	 PeriphPulse 	 CentralPulse 
402.0	358.0	80.0	80.81
398.0	357.0	81.39	81.59
395.0	357.0	83.54	82.78
392.0	356.0	86.51	84.41
388.0	356.0	90.25	86.46
385.0	356.0	94.61	88.83
382.0	355.0	99.3	91.38
378.0	355.0	104.04	93.96
376.0	354.0	108.54	96.41
373.0	354.0	112.51	98.57
371.0	353.0	115.68	100.33
369.0	352.0	117.86	101.63
367.0	352.0	118.96	102.45
366.0	352.0	119.0	102.8
364.0	351.0	118.01	102.75
363.0	351.0	116.18	102.39
361.0	351.0	113.73	101.85
360.0	350.0	110.85	101.22
359.0	350.0	107.79	100.61
359.0	349.0	104.75	100.09
359.0	349.0	101.89	99.7
358.0	348.0	99.34	99.43
358.0	348.0	97.16	99.27
358.0	347.0	95.35	99.18
357.0	346.0	93.9	99.11
357.0	345.0	92.73	99.01
356.0	344.0	91.78	98.83
356.0	344.0	90.98	98.56
356.0	343.0	90.27	98.18
355.0	342.0	89.62	97.69
354.0	341.0	89.09	97.15
354.0	341.0	88.68	96.58
353.0	341.0	88.45	96.04
353.0	341.0	88.38	95.55
353.0	342.0	88.53	95.15
353.0	345.0	88.88	94.83
353.0	350.0	89.38	94.6
353.0	357.0	90.02	94.42
353.0	366.0	90.77	94.3
352.0	376.0	91.55	94.2
352.0	387.0	92.32	94.1
351.0	398.0	93.02	93.99
350.0	408.0	93.59	93.85
350.0	416.0	94.02	93.67
350.0	423.0	94.28	93.45
349.0	428.0	94.36	93.19
349.0	431.0	94.27	92.91
349.0	432.0	94.02	92.61
348.0	431.0	93.64	92.31
348.0	429.0	93.12	92.01
347.0	426.0	92.52	91.7
346.0	423.0	91.82	91.39
346.0	421.0	91.08	91.07
345.0	419.0	90.27	90.74
344.0	418.0	89.46	90.41
343.0	417.0	88.65	90.06
341.0	417.0	87.87	89.72
340.0	416.0	87.13	89.38
339.0	416.0	86.44	89.05
338.0	416.0	85.84	88.73
337.0	415.0	85.32	88.42
336.0	415.0	84.85	88.13
336.0	413.0	84.46	87.84
336.0	412.0	84.13	87.55
337.0	409.0	83.83	87.25
339.0	407.0	83.58	86.95
346.0	404.0	83.36	86.64
356.0	402.0	83.19	86.33
371.0	400.0	83.04	86.02
388.0	398.0	82.92	85.72
407.0	397.0	82.8	85.42
427.0	396.0	82.71	85.13
446.0	395.0	82.62	84.84
464.0	394.0	82.54	84.57
479.0	393.0	82.47	84.32
491.0	393.0	82.39	84.07
498.0	392.0	82.33	83.85
500.0	392.0	82.25	83.63
497.0	391.0	82.19	83.43
491.0	390.0	82.12	83.23
481.0	389.0	82.08	83.05
469.0	388.0	82.0	82.89
457.0	387.0	81.96	82.75
444.0	386.0	81.93	82.63
433.0	384.0	81.88	82.52
421.0	383.0	81.83	82.43
412.0	381.0	81.82	82.35
404.0	380.0	81.81	82.28
397.0	378.0	81.81	82.22
393.0	377.0	81.82	82.16
389.0	375.0	81.81	82.1
386.0	374.0	81.77	82.02
384.0	372.0	81.66	81.93
382.0	371.0	81.53	81.83
380.0	369.0	81.35	81.71
378.0	368.0	81.18	81.58
376.0	367.0	80.99	81.44
375.0	366.0	80.8	81.31
375.0	365.0	80.59	81.17
375.0	364.0	80.37	81.02
375.0	362.0	80.11	80.87
376.0	361.0	79.85	80.71
378.0	359.0	79.59	80.55
380.0	358.0	79.34	80.4
383.0	357.0	79.14	80.27
386.0	355.0	78.99	80.17
388.0	354.0	78.95	80.13
390.0	353.0	79.1	80.19
392.0	352.0	79.44	80.26
393.0	351.0	79.43	80.32
394.0	350.0	79.27	80.1
394.0	349.0
393.0	347.0
391.0	347.0
389.0	346.0
387.0	345.0
384.0	344.0
380.0	344.0
377.0	343.0
374.0	343.0
370.0	342.0
367.0	342.0
364.0	342.0
361.0	341.0
358.0	341.0
356.0	341.0
354.0	340.0
353.0	340.0
351.0	340.0
351.0	340.0
350.0	339.0
349.0	339.0
348.0	338.0
347.0	337.0
346.0	337.0
346.0	336.0
345.0	336.0
345.0	336.0
344.0	335.0
344.0	335.0
343.0	335.0
343.0	334.0
342.0	333.0
342.0	332.0
341.0	331.0
341.0	331.0
341.0	330.0
340.0	331.0
340.0	331.0
340.0	333.0
340.0	337.0
340.0	342.0
340.0	349.0
340.0	357.0
340.0	365.0
339.0	374.0
339.0	383.0
339.0	390.0
339.0	397.0
339.0	401.0
339.0	404.0
339.0	406.0
338.0	406.0
336.0	404.0
335.0	402.0
334.0	400.0
334.0	398.0
334.0	396.0
333.0	394.0
333.0	393.0
332.0	393.0
332.0	393.0
331.0	392.0
330.0	392.0
328.0	391.0
327.0	390.0
326.0	389.0
326.0	387.0
327.0	385.0
329.0	383.0
333.0	382.0
340.0	380.0
351.0	379.0
364.0	377.0
379.0	376.0
395.0	375.0
411.0	374.0
427.0	374.0
441.0	373.0
451.0	373.0
458.0	372.0
461.0	372.0
461.0	371.0
457.0	371.0
450.0	370.0
441.0	369.0
431.0	368.0
420.0	367.0
410.0	366.0
400.0	365.0
392.0	364.0
385.0	363.0
379.0	362.0
374.0	361.0
370.0	360.0
367.0	359.0
364.0	358.0
362.0	357.0
359.0	356.0
357.0	355.0
356.0	354.0
356.0	353.0
356.0	352.0
356.0	351.0
357.0	349.0
358.0	348.0
360.0	347.0
362.0	346.0
365.0	345.0
367.0	344.0
369.0	343.0
371.0	343.0
372.0	342.0
374.0	341.0
374.0	341.0
375.0	340.0
374.0	339.0
373.0	338.0
371.0	337.0
370.0	337.0
367.0	336.0
365.0	335.0
363.0	335.0
360.0	335.0
357.0	334.0
354.0	334.0
352.0	333.0
350.0	333.0
348.0	334.0
346.0	334.0
345.0	333.0
344.0	333.0
342.0	333.0
341.0	332.0
340.0	332.0
338.0	332.0
337.0	331.0
336.0	331.0
335.0	331.0
335.0	331.0
335.0	331.0
335.0	330.0
335.0	330.0
336.0	329.0
336.0	328.0
336.0	328.0
335.0	327.0
335.0	327.0
334.0	327.0
334.0	327.0
334.0	327.0
334.0	327.0
333.0	329.0
333.0	332.0
333.0	337.0
332.0	343.0
332.0	351.0
332.0	360.0
332.0	369.0
333.0	377.0
333.0	385.0
333.0	392.0
333.0	397.0
332.0	400.0
332.0	402.0
331.0	403.0
331.0	402.0
330.0	400.0
330.0	398.0
330.0	396.0
330.0	394.0
330.0	392.0
329.0	391.0
328.0	390.0
327.0	389.0
326.0	389.0
325.0	389.0
324.0	388.0
324.0	388.0
324.0	387.0
324.0	386.0
324.0	384.0
326.0	383.0
329.0	381.0
335.0	379.0
345.0	378.0
358.0	376.0
372.0	375.0
388.0	374.0
405.0	373.0
421.0	373.0
434.0	373.0
445.0	373.0
453.0	373.0
458.0	373.0
458.0	372.0
455.0	371.0
450.0	370.0
441.0	369.0
431.0	368.0
421.0	367.0
410.0	366.0
400.0	366.0
391.0	365.0
383.0	364.0
376.0	364.0
371.0	363.0
367.0	362.0
364.0	361.0
362.0	360.0
360.0	358.0
358.0	357.0
357.0	356.0
356.0	355.0
356.0	354.0
356.0	353.0
356.0	352.0
356.0	352.0
357.0	351.0
359.0	350.0
361.0	349.0
364.0	348.0
367.0	347.0
370.0	346.0
373.0	345.0
375.0	345.0
376.0	344.0
376.0	343.0
376.0	343.0
375.0	342.0
374.0	341.0
372.0	341.0
370.0	340.0
368.0	340.0
367.0	339.0
365.0	339.0
363.0	339.0
360.0	339.0
358.0	339.0
355.0	338.0
352.0	338.0
350.0	338.0
348.0	338.0
346.0	338.0
344.0	338.0
343.0	338.0
342.0	337.0
342.0	337.0
341.0	337.0
341.0	336.0
340.0	336.0
340.0	336.0
340.0	335.0
340.0	335.0
339.0	334.0
339.0	334.0
339.0	333.0
339.0	332.0
339.0	332.0
339.0	332.0
339.0	331.0
338.0	332.0
338.0	332.0
338.0	334.0
338.0	337.0
338.0	342.0
338.0	348.0
338.0	356.0
338.0	363.0
338.0	371.0
338.0	378.0
338.0	385.0
339.0	390.0
339.0	394.0
338.0	396.0
338.0	397.0
337.0	396.0
337.0	394.0
336.0	392.0
336.0	390.0
336.0	388.0
335.0	387.0
334.0	386.0
333.0	385.0
333.0	384.0
332.0	384.0
331.0	384.0
330.0	383.0
329.0	383.0
328.0	382.0
328.0	381.0
328.0	379.0
329.0	377.0
330.0	376.0
334.0	374.0
341.0	373.0
351.0	372.0
363.0	371.0
376.0	371.0
391.0	370.0
405.0	370.0
418.0	370.0
430.0	369.0
439.0	369.0
444.0	368.0
445.0	368.0
443.0	367.0
439.0	367.0
432.0	366.0
424.0	366.0
415.0	365.0
406.0	364.0
397.0	363.0
389.0	362.0
381.0	361.0
375.0	360.0
370.0	359.0
367.0	359.0
363.0	358.0
361.0	357.0
359.0	357.0
356.0	356.0
355.0	355.0
353.0	354.0
352.0	353.0
352.0	352.0
352.0	351.0
353.0	350.0
355.0	350.0
357.0	349.0
359.0	348.0
361.0	348.0
364.0	347.0
366.0	346.0
368.0	345.0
369.0	344.0
371.0	344.0
371.0	343.0
372.0	343.0
372.0	343.0
371.0	342.0
370.0	342.0
369.0	341.0
366.0	341.0
364.0	341.0
361.0	340.0
359.0	340.0
357.0	340.0
355.0	340.0
353.0	339.0
351.0	339.0
350.0	339.0
348.0	339.0
347.0	339.0
345.0	340.0
344.0	340.0
343.0	339.0
342.0	339.0
341.0	338.0
341.0	337.0
341.0	337.0
341.0	336.0
341.0	336.0
341.0	335.0
340.0	335.0
339.0	334.0
339.0	333.0
339.0	333.0
339.0	332.0
340.0	332.0
340.0	332.0
340.0	333.0
340.0	334.0
340.0	337.0
340.0	341.0
340.0	347.0
340.0	353.0
340.0	361.0
340.0	368.0
339.0	375.0
339.0	381.0
339.0	387.0
339.0	390.0
340.0	392.0
340.0	393.0
340.0	392.0
340.0	391.0
339.0	389.0
338.0	387.0
337.0	385.0
336.0	383.0
335.0	382.0
334.0	382.0
334.0	381.0
333.0	381.0
331.0	381.0
330.0	381.0
329.0	381.0
328.0	381.0
328.0	380.0
327.0	378.0
328.0	377.0
329.0	375.0
333.0	373.0
339.0	371.0
348.0	370.0
359.0	370.0
372.0	369.0
385.0	369.0
399.0	369.0
412.0	369.0
423.0	369.0
432.0	369.0
437.0	369.0
439.0	368.0
437.0	368.0
433.0	367.0
427.0	366.0
419.0	365.0
411.0	364.0
402.0	364.0
393.0	363.0
386.0	363.0
379.0	362.0
373.0	361.0
369.0	359.0
366.0	358.0
364.0	357.0
362.0	356.0
360.0	356.0
359.0	355.0
357.0	354.0
355.0	354.0
353.0	353.0
352.0	352.0
352.0	352.0
353.0	351.0
354.0	350.0
356.0	349.0
359.0	348.0
361.0	347.0
364.0	346.0
367.0	346.0
369.0	345.0
371.0	344.0
371.0	344.0
371.0	343.0
371.0	342.0
371.0	342.0
370.0	341.0
369.0	341.0
368.0	340.0
366.0	340.0
364.0	339.0
362.0	339.0
359.0	338.0
356.0	338.0
354.0	338.0
352.0	338.0
350.0	338.0
348.0	338.0
347.0	338.0
346.0	338.0
345.0	337.0
344.0	337.0
343.0	337.0
343.0	336.0
342.0	336.0
342.0	336.0
341.0	336.0
340.0	335.0
340.0	335.0
340.0	335.0
340.0	334.0
340.0	334.0
339.0	333.0
339.0	333.0
339.0	333.0
339.0	333.0
339.0	333.0
339.0	334.0
338.0	336.0
338.0	339.0
338.0	344.0
338.0	351.0
337.0	358.0
337.0	366.0
336.0	373.0
336.0	379.0
336.0	385.0
337.0	389.0
337.0	392.0
337.0	393.0
337.0	393.0
337.0	393.0
337.0	391.0
336.0	389.0
336.0	387.0
335.0	386.0
335.0	385.0
335.0	384.0
335.0	384.0
334.0	384.0
333.0	384.0
332.0	384.0
332.0	384.0
331.0	383.0
331.0	382.0
330.0	381.0
330.0	380.0
331.0	378.0
333.0	376.0
337.0	375.0
345.0	374.0
355.0	373.0
367.0	373.0
380.0	372.0
394.0	372.0
407.0	372.0
418.0	372.0
427.0	372.0
434.0	372.0
438.0	371.0
438.0	371.0
436.0	370.0
431.0	369.0
424.0	368.0
416.0	367.0
408.0	367.0
400.0	366.0
392.0	365.0
386.0	365.0
379.0	364.0
375.0	363.0
371.0	362.0
369.0	361.0
366.0	360.0
364.0	359.0
363.0	358.0
360.0	357.0
359.0	356.0
357.0	356.0
356.0	355.0
356.0	355.0
356.0	354.0
357.0	354.0
359.0	353.0
361.0	352.0
364.0	352.0
366.0	350.0
368.0	349.0
370.0	348.0
372.0	348.0
373.0	347.0
374.0	346.0
374.0	346.0
373.0	345.0
373.0	345.0
371.0	344.0
370.0	344.0
369.0	343.0
367.0	343.0
365.0	342.0
363.0	342.0
361.0	342.0
359.0	342.0
357.0	342.0
355.0	342.0
353.0	342.0
350.0	342.0
349.0	341.0
348.0	341.0
347.0	340.0
346.0	340.0
346.0	340.0
346.0	339.0
346.0	339.0
346.0	339.0
345.0	338.0
345.0	338.0
344.0	337.0
343.0	336.0
343.0	335.0
343.0	335.0
342.0	335.0
342.0	335.0
342.0	336.0
341.0	337.0
342.0	339.0
341.0	342.0
341.0	346.0
341.0	351.0
340.0	357.0
340.0	364.0
340.0	370.0
340.0	376.0
341.0	382.0
341.0	386.0
342.0	389.0
342.0	391.0
341.0	391.0
341.0	391.0
341.0	390.0
340.0	388.0
340.0	386.0
339.0	385.0
339.0	384.0
338.0	383.0
338.0	383.0
337.0	383.0
335.0	383.0
334.0	383.0
332.0	383.0
331.0	383.0
331.0	382.0
331.0	381.0
332.0	379.0
334.0	378.0
336.0	376.0
340.0	375.0
346.0	374.0
355.0	373.0
365.0	373.0
376.0	373.0
388.0	373.0
400.0	372.0
411.0	372.0
421.0	372.0
429.0	371.0
432.0	371.0
433.0	370.0
431.0	370.0
428.0	369.0
422.0	369.0
415.0	368.0
407.0	367.0
399.0	367.0
392.0	366.0
386.0	365.0
380.0	364.0
376.0	363.0
373.0	362.0
370.0	361.0
368.0	360.0
366.0	359.0
364.0	359.0
362.0	358.0
360.0	357.0
358.0	357.0
357.0	356.0
357.0	355.0
358.0	355.0
359.0	353.0
360.0	353.0
362.0	352.0
364.0	351.0
366.0	350.0
367.0	350.0
369.0	349.0
370.0	348.0
371.0	348.0
373.0	347.0
373.0	347.0
374.0	346.0
373.0	346.0
372.0	345.0
371.0	345.0
369.0	344.0
368.0	344.0
366.0	343.0
364.0	343.0
362.0	343.0
359.0	343.0
357.0	343.0
355.0	342.0
353.0	342.0
352.0	342.0
350.0	342.0
349.0	341.0
348.0	341.0
348.0	341.0
347.0	341.0
346.0	341.0
345.0	340.0
344.0	340.0
344.0	339.0
344.0	338.0
344.0	338.0
344.0	338.0
343.0	337.0
343.0	337.0
344.0	336.0
344.0	336.0
344.0	336.0
344.0	336.0
343.0	337.0
343.0	339.0
343.0	342.0
343.0	346.0
342.0	351.0
342.0	357.0
342.0	363.0
342.0	369.0
343.0	374.0
342.0	379.0
341.0	383.0
341.0	386.0
341.0	387.0
341.0	387.0
341.0	387.0
341.0	385.0
341.0	384.0
340.0	382.0
340.0	380.0
339.0	379.0
338.0	378.0
337.0	378.0
336.0	378.0
336.0	379.0
335.0	379.0
334.0	379.0
334.0	378.0
333.0	377.0
333.0	376.0
334.0	375.0
334.0	373.0
336.0	372.0
340.0	370.0
346.0	369.0
354.0	369.0
364.0	368.0
375.0	368.0
386.0	368.0
397.0	368.0
407.0	368.0
415.0	368.0
422.0	367.0
425.0	367.0
426.0	366.0
424.0	366.0
420.0	365.0
414.0	364.0
407.0	363.0
399.0	363.0
391.0	362.0
385.0	361.0
379.0	360.0
374.0	360.0
371.0	359.0
368.0	358.0
366.0	357.0
365.0	356.0
362.0	356.0
360.0	355.0
358.0	354.0
357.0	354.0
355.0	353.0
354.0	353.0
354.0	352.0
354.0	351.0
355.0	350.0
357.0	350.0
358.0	349.0
360.0	349.0
362.0	348.0
364.0	348.0
366.0	347.0
367.0	346.0
368.0	345.0
368.0	344.0
369.0	344.0
369.0	343.0
367.0	343.0
367.0	343.0
365.0	343.0
364.0	342.0
362.0	341.0
360.0	341.0
358.0	340.0
357.0	340.0
354.0	340.0
353.0	340.0
351.0	340.0
349.0	340.0
348.0	340.0
347.0	340.0
347.0	339.0
346.0	339.0
345.0	338.0
344.0	338.0
344.0	337.0
343.0	337.0
343.0	336.0
343.0	336.0
343.0	336.0
343.0	336.0
343.0	335.0
343.0	335.0
342.0	335.0
341.0	335.0
340.0	334.0
340.0	335.0
341.0	335.0
341.0	336.0
341.0	338.0
341.0	341.0
340.0	346.0
339.0	351.0
339.0	356.0
339.0	362.0
339.0	368.0
339.0	372.0
339.0	376.0
339.0	379.0
340.0	380.0
340.0	381.0
340.0	381.0
339.0	380.0
338.0	379.0
337.0	377.0
336.0	375.0
335.0	374.0
335.0	373.0
335.0	372.0
334.0	372.0
334.0	372.0
333.0	372.0
333.0	372.0
332.0	372.0
332.0	371.0
332.0	370.0
333.0	370.0
333.0	368.0
334.0	367.0
337.0	366.0
341.0	364.0
348.0	363.0
356.0	363.0
366.0	363.0
376.0	363.0
387.0	363.0
396.0	364.0
404.0	364.0
410.0	364.0
414.0	364.0
416.0	363.0
415.0	362.0
412.0	361.0
408.0	360.0
402.0	359.0
396.0	358.0
388.0	357.0
381.0	357.0
375.0	356.0
370.0	356.0
366.0	355.0
362.0	354.0
359.0	353.0
358.0	353.0
356.0	352.0
355.0	352.0
354.0	351.0
353.0	350.0
352.0	350.0
351.0	349.0
350.0	349.0
350.0	348.0
350.0	347.0
351.0	347.0
353.0	346.0
356.0	345.0
359.0	345.0
361.0	344.0
363.0	344.0
365.0	343.0
367.0	343.0
367.0	342.0
366.0	342.0
365.0	341.0
363.0	340.0
362.0	339.0
361.0	339.0
359.0	339.0
358.0	340.0
356.0	340.0
354.0	340.0
352.0	340.0
350.0	340.0
349.0	340.0
347.0	339.0
346.0	339.0
345.0	339.0
344.0	338.0
343.0	338.0
343.0	337.0
343.0	337.0
342.0	336.0
342.0	336.0
341.0	336.0
340.0	336.0
340.0	336.0
340.0	336.0
340.0	336.0
340.0	335.0
340.0	334.0
340.0	334.0
340.0	333.0
340.0	332.0
339.0	332.0
338.0	333.0
337.0	333.0
337.0	335.0
337.0	337.0
338.0	340.0
339.0	344.0
340.0	348.0
340.0	353.0
340.0	358.0
340.0	362.0
340.0	367.0
340.0	370.0
340.0	373.0
339.0	375.0
338.0	375.0
338.0	375.0
337.0	374.0
336.0	373.0
335.0	372.0
335.0	371.0
335.0	370.0
335.0	370.0
334.0	369.0
334.0	369.0
334.0	369.0
333.0	369.0
332.0	369.0
331.0	370.0
330.0	370.0
329.0	369.0
329.0	368.0
330.0	367.0
332.0	366.0
335.0	365.0
339.0	364.0
345.0	363.0
353.0	363.0
361.0	362.0
370.0	362.0
379.0	362.0
388.0	361.0
396.0	361.0
402.0	361.0
406.0	361.0
408.0	361.0
407.0	361.0
404.0	360.0
400.0	359.0
395.0	358.0
390.0	357.0
384.0	357.0
379.0	356.0
373.0	355.0
369.0	355.0
365.0	354.0
362.0	354.0
360.0	353.0
359.0	353.0
358.0	352.0
357.0	352.0
356.0	351.0
355.0	351.0
354.0	350.0
354.0	349.0
353.0	349.0
352.0	348.0
353.0	348.0
353.0	348.0
353.0	347.0
355.0	347.0
356.0	346.0
357.0	345.0
359.0	344.0
360.0	343.0
361.0	342.0
362.0	341.0
363.0	341.0
362.0	340.0
362.0	340.0
360.0	340.0
359.0	340.0
358.0	340.0
357.0	340.0
355.0	339.0
354.0	339.0
353.0	338.0
351.0	338.0
350.0	338.0
349.0	338.0
348.0	338.0
347.0	338.0
346.0	338.0
345.0	337.0
344.0	336.0
343.0	336.0
343.0	335.0
343.0	335.0
344.0	334.0
343.0	334.0
343.0	334.0
343.0
342.0
341.0
340.0
339.0
338.0
337.0
336.0
336.0
336.0
337.0
337.0
337.0
338.0
337.0
337.0
336.0
336.0
337.0
338.0
338.0
338.0
338.0
337.0
335.0
334.0
334.0
333.0
333.0
333.0
333.0
333.0
333.0
