System ID	Database ID	Patient Number	Surname	First Name	Sex	Date Of Birth	Patient ID	Patient Code	Patient Notes	SESSION_ID	SP	DP	MP	DATA_REV	DATETIME	AGE	MEDICATION	NOTES	OPERATOR	INTERPRETATION	HEIGHT	WEIGHT	BODY_MASS_INDEX	SAMPLE_RATE	SIMULATION	Tonometer Serial Number	SUB_TYPE	Inconclusive	Reference Age	PPAmpRatio	P_MAX_DPDT	ED	CalcED	QUALITY_ED	P_QC_PH	P_QC_PHV	P_QC_PLV	P_QC_DV	P_QC_SDEV	Operator Index	P_SP	P_DP	P_MEANP	P_T1	P_T2	P_AI	P_CalcT1	P_CalcT2	P_ESP	P_P1	P_P2	P_T1ED	P_T2ED	P_QUALITY_T1	P_QUALITY_T2	C_AP	C_AP_HR75	C_MPS	C_MPD	C_TTI	C_DTI	C_SVI	C_AL	C_ATI	HR	C_PERIOD	C_DD	C_ED_PERIOD	C_DD_PERIOD	C_PH	C_AGPH	C_AGPH_HR75	C_P1_HEIGHT	C_T1R	C_SP	C_DP	C_MEANP	C_T1	C_T2	C_AI	C_CalcT1	C_CalcT2	C_ESP	C_P1	C_P2	C_T1ED	C_T2ED	C_QUALITY_T1	C_QUALITY_T2
00050	DATA	313	McBryde	Paul	MALE	14/05/1978	1234567890	code	Healthy	2	120	80	0	130	05/02/2009 15:42:55	30			paul	test2	170	70	24.22	128	Yes	0	RADIAL	No	80	118	503	333	333	0	70	2	1	1	1	74	120	80	95	113	156	106	113	156	98	118	120	34	47	1	2	14	12	104	89	2322	3363	145	9999	9999	67	898	565	37	63	34	41	37	20	128	115	81	95	99	239	169	99	239	106	101	115	30	72	1	1

PeriphSignal 	 CentralSignal 	 PeriphPulse 	 CentralPulse 
270.0	263.0	80.0	80.73
270.0	262.0	81.2	81.37
269.0	262.0	83.17	82.41
269.0	262.0	85.95	83.88
268.0	261.0	89.39	85.7
268.0	261.0	93.2	87.77
268.0	261.0	97.12	89.92
267.0	261.0	100.94	92.02
267.0	262.0	104.46	93.98
267.0	263.0	107.62	95.75
266.0	266.0	110.39	97.33
266.0	269.0	112.74	98.75
266.0	273.0	114.61	100.04
266.0	277.0	116.11	101.24
265.0	281.0	117.31	102.39
265.0	285.0	118.23	103.52
265.0	288.0	118.9	104.64
265.0	291.0	119.41	105.76
264.0	293.0	119.75	106.88
264.0	295.0	119.94	107.99
264.0	298.0	120.0	109.07
264.0	299.0	119.93	110.08
263.0	301.0	119.78	110.99
263.0	303.0	119.53	111.8
263.0	305.0	119.18	112.49
263.0	307.0	118.73	113.07
263.0	310.0	118.22	113.56
262.0	312.0	117.64	113.96
262.0	314.0	117.0	114.28
262.0	315.0	116.3	114.51
262.0	317.0	115.55	114.64
261.0	318.0	114.72	114.66
261.0	319.0	113.78	114.54
261.0	320.0	112.72	114.29
260.0	321.0	111.52	113.88
260.0	321.0	110.19	113.3
260.0	322.0	108.66	112.57
260.0	322.0	106.95	111.68
260.0	322.0	105.16	110.68
261.0	322.0	103.33	109.6
265.0	322.0	101.54	108.52
270.0	322.0	99.96	107.49
277.0	321.0	98.64	106.53
285.0	320.0	97.54	105.67
292.0	319.0	96.67	104.9
298.0	317.0	96.0	104.19
305.0	315.0	95.44	103.51
310.0	313.0	95.0	102.83
315.0	311.0	94.65	102.15
319.0	309.0	94.35	101.46
323.0	307.0	94.07	100.75
325.0	306.0	93.81	100.04
327.0	304.0	93.54	99.33
328.0	303.0	93.28	98.63
330.0	302.0	93.01	97.94
331.0	301.0	92.72	97.26
331.0	300.0	92.42	96.61
332.0	299.0	92.11	95.99
332.0	297.0	91.77	95.39
332.0	296.0	91.42	94.83
332.0	295.0	91.06	94.29
331.0	294.0	90.72	93.77
330.0	292.0	90.38	93.28
330.0	291.0	90.05	92.81
329.0	290.0	89.73	92.35
328.0	289.0	89.39	91.92
327.0	288.0	89.05	91.5
326.0	287.0	88.69	91.09
324.0	286.0	88.34	90.7
323.0	285.0	87.99	90.33
322.0	285.0	87.66	89.98
320.0	284.0	87.35	89.64
319.0	283.0	87.05	89.31
317.0	282.0	86.75	88.99
314.0	281.0	86.44	88.67
311.0	281.0	86.14	88.35
308.0	280.0	85.83	88.03
305.0	279.0	85.53	87.72
302.0	279.0	85.24	87.41
298.0	278.0	84.95	87.12
296.0	278.0	84.72	86.84
293.0	277.0	84.48	86.56
291.0	276.0	84.25	86.29
290.0	276.0	84.03	86.02
289.0	275.0	83.8	85.75
288.0	275.0	83.57	85.48
287.0	274.0	83.35	85.21
287.0	274.0	83.11	84.95
286.0	274.0	82.91	84.7
286.0	273.0	82.75	84.47
285.0	273.0	82.56	84.24
285.0	272.0	82.39	84.03
285.0	272.0	82.27	83.82
284.0	271.0	82.13	83.63
284.0	271.0	82.01	83.44
283.0	270.0	81.91	83.27
283.0	270.0	81.84	83.11
282.0	269.0	81.76	82.95
282.0	269.0	81.67	82.8
281.0	269.0	81.55	82.63
281.0	268.0	81.4	82.46
280.0	268.0	81.21	82.27
280.0	267.0	81.06	82.08
279.0	267.0	80.88	81.89
278.0	267.0	80.69	81.7
278.0	267.0	80.51	81.53
277.0	266.0	80.34	81.36
276.0	266.0	80.14	81.19
276.0	266.0	79.94	81.03
275.0	266.0	79.78	80.86
275.0	265.0	79.63	80.71
274.0	265.0	79.52	80.59
273.0	265.0	79.47	80.51
273.0	264.0	79.5	80.49
272.0	264.0	79.66	80.56
272.0	264.0	79.92	80.64
271.0	264.0
271.0	263.0
271.0	263.0
270.0	263.0
270.0	262.0
270.0	262.0
269.0	262.0
269.0	263.0
268.0	264.0
268.0	265.0
268.0	268.0
267.0	272.0
267.0	276.0
267.0	280.0
266.0	283.0
266.0	287.0
266.0	290.0
265.0	292.0
265.0	295.0
265.0	297.0
265.0	299.0
265.0	301.0
265.0	303.0
265.0	304.0
264.0	306.0
264.0	308.0
264.0	310.0
264.0	312.0
263.0	314.0
263.0	316.0
263.0	317.0
262.0	318.0
262.0	319.0
262.0	320.0
261.0	320.0
261.0	321.0
261.0	321.0
261.0	321.0
261.0	321.0
264.0	321.0
268.0	321.0
274.0	320.0
281.0	319.0
288.0	318.0
295.0	316.0
301.0	314.0
308.0	312.0
313.0	310.0
317.0	309.0
321.0	307.0
324.0	305.0
326.0	304.0
327.0	303.0
329.0	302.0
330.0	301.0
330.0	300.0
331.0	299.0
331.0	297.0
331.0	296.0
331.0	295.0
331.0	294.0
330.0	293.0
329.0	291.0
329.0	290.0
328.0	289.0
327.0	288.0
325.0	287.0
324.0	286.0
323.0	285.0
321.0	284.0
320.0	284.0
318.0	283.0
316.0	282.0
313.0	281.0
311.0	281.0
308.0	280.0
304.0	279.0
301.0	279.0
298.0	278.0
295.0	278.0
293.0	277.0
291.0	277.0
290.0	276.0
289.0	276.0
289.0	275.0
288.0	275.0
287.0	274.0
287.0	274.0
287.0	273.0
286.0	273.0
286.0	272.0
285.0	272.0
285.0	271.0
284.0	271.0
283.0	270.0
283.0	270.0
282.0	270.0
282.0	269.0
281.0	269.0
280.0	268.0
280.0	268.0
279.0	268.0
279.0	267.0
278.0	267.0
277.0	267.0
277.0	267.0
276.0	266.0
276.0	266.0
275.0	266.0
275.0	265.0
274.0	265.0
274.0	265.0
274.0	265.0
273.0	264.0
273.0	264.0
272.0	264.0
272.0	263.0
271.0	263.0
271.0	263.0
270.0	263.0
270.0	262.0
269.0	262.0
269.0	262.0
268.0	262.0
268.0	263.0
268.0	265.0
267.0	268.0
267.0	272.0
267.0	276.0
266.0	280.0
266.0	284.0
266.0	287.0
265.0	290.0
265.0	292.0
265.0	295.0
265.0	297.0
265.0	299.0
265.0	301.0
265.0	303.0
264.0	305.0
264.0	306.0
264.0	308.0
264.0	310.0
263.0	312.0
263.0	314.0
263.0	315.0
263.0	317.0
262.0	318.0
262.0	319.0
262.0	319.0
261.0	320.0
261.0	321.0
261.0	321.0
261.0	321.0
262.0	322.0
263.0	321.0
268.0	321.0
274.0	320.0
281.0	319.0
288.0	318.0
295.0	316.0
302.0	314.0
308.0	312.0
313.0	310.0
317.0	308.0
321.0	307.0
324.0	305.0
326.0	304.0
327.0	303.0
329.0	302.0
330.0	301.0
331.0	300.0
331.0	298.0
331.0	297.0
331.0	296.0
331.0	295.0
330.0	293.0
330.0	292.0
329.0	291.0
328.0	290.0
327.0	289.0
326.0	288.0
325.0	287.0
324.0	286.0
323.0	285.0
321.0	285.0
320.0	284.0
318.0	283.0
316.0	282.0
313.0	282.0
311.0	281.0
308.0	280.0
304.0	280.0
301.0	279.0
298.0	278.0
295.0	278.0
293.0	277.0
292.0	277.0
290.0	276.0
289.0	276.0
288.0	275.0
288.0	275.0
287.0	274.0
287.0	274.0
286.0	273.0
286.0	273.0
285.0	272.0
285.0	272.0
284.0	271.0
284.0	271.0
284.0	270.0
283.0	270.0
282.0	270.0
282.0	269.0
281.0	269.0
281.0	268.0
280.0	268.0
280.0	268.0
279.0	268.0
279.0	267.0
278.0	267.0
277.0	267.0
277.0	266.0
276.0	266.0
275.0	266.0
275.0	266.0
274.0	265.0
274.0	265.0
273.0	265.0
273.0	265.0
272.0	264.0
271.0	264.0
271.0	264.0
271.0	263.0
270.0	263.0
270.0	263.0
270.0	263.0
269.0	263.0
269.0	263.0
268.0	264.0
268.0	266.0
268.0	269.0
267.0	273.0
267.0	277.0
267.0	281.0
267.0	285.0
266.0	288.0
266.0	291.0
266.0	293.0
266.0	295.0
266.0	297.0
265.0	299.0
265.0	301.0
265.0	303.0
265.0	305.0
265.0	307.0
265.0	309.0
264.0	311.0
264.0	313.0
264.0	314.0
264.0	316.0
263.0	317.0
263.0	318.0
262.0	319.0
262.0	320.0
262.0	320.0
261.0	321.0
261.0	321.0
261.0	321.0
262.0	321.0
264.0	321.0
269.0	321.0
275.0	320.0
282.0	319.0
290.0	317.0
296.0	316.0
303.0	314.0
309.0	312.0
314.0	310.0
318.0	308.0
321.0	307.0
324.0	305.0
326.0	304.0
328.0	303.0
329.0	302.0
330.0	301.0
331.0	299.0
331.0	298.0
331.0	297.0
331.0	296.0
331.0	295.0
330.0	293.0
330.0	292.0
329.0	291.0
328.0	290.0
327.0	289.0
326.0	288.0
325.0	287.0
323.0	286.0
322.0	285.0
321.0	285.0
319.0	284.0
317.0	283.0
315.0	282.0
313.0	282.0
310.0	281.0
307.0	280.0
304.0	280.0
300.0	279.0
297.0	278.0
295.0	278.0
293.0	277.0
292.0	277.0
290.0	276.0
289.0	276.0
288.0	275.0
288.0	275.0
287.0	274.0
287.0	274.0
286.0	273.0
286.0	273.0
285.0	272.0
285.0	272.0
284.0	271.0
284.0	271.0
283.0	271.0
283.0	270.0
282.0	270.0
282.0	269.0
281.0	269.0
281.0	269.0
280.0	268.0
280.0	268.0
279.0	268.0
279.0	268.0
278.0	267.0
277.0	267.0
277.0	267.0
276.0	266.0
276.0	266.0
275.0	266.0
274.0	265.0
274.0	265.0
273.0	265.0
273.0	265.0
272.0	264.0
272.0	264.0
271.0	264.0
271.0	263.0
270.0	263.0
270.0	263.0
270.0	263.0
269.0	264.0
269.0	266.0
269.0	268.0
268.0	272.0
268.0	276.0
268.0	279.0
267.0	283.0
267.0	286.0
267.0	289.0
267.0	292.0
266.0	294.0
266.0	297.0
266.0	299.0
266.0	301.0
266.0	303.0
265.0	305.0
265.0	306.0
265.0	308.0
264.0	310.0
264.0	312.0
264.0	314.0
264.0	315.0
264.0	317.0
263.0	318.0
263.0	319.0
263.0	320.0
262.0	320.0
262.0	321.0
262.0	321.0
262.0	321.0
262.0	321.0
264.0	321.0
268.0	321.0
273.0	320.0
280.0	319.0
287.0	318.0
294.0	317.0
300.0	315.0
306.0	313.0
311.0	311.0
316.0	309.0
320.0	307.0
323.0	306.0
325.0	304.0
327.0	303.0
329.0	302.0
330.0	301.0
331.0	300.0
331.0	299.0
331.0	298.0
331.0	296.0
331.0	295.0
331.0	294.0
330.0	293.0
329.0	292.0
329.0	290.0
328.0	289.0
327.0	288.0
325.0	287.0
324.0	286.0
323.0	286.0
322.0	285.0
320.0	284.0
318.0	283.0
316.0	282.0
314.0	282.0
312.0	281.0
309.0	280.0
305.0	280.0
302.0	279.0
299.0	279.0
296.0	278.0
293.0	278.0
292.0	277.0
290.0	277.0
290.0	276.0
289.0	275.0
288.0	275.0
287.0	274.0
287.0	274.0
286.0	274.0
286.0	273.0
285.0	273.0
285.0	272.0
284.0	272.0
284.0	271.0
284.0	271.0
283.0	270.0
283.0	270.0
282.0	270.0
281.0	269.0
281.0	269.0
280.0	268.0
280.0	268.0
279.0	268.0
279.0	267.0
278.0	267.0
277.0	267.0
277.0	267.0
276.0	266.0
276.0	266.0
275.0	266.0
275.0	265.0
274.0	265.0
274.0	265.0
273.0	264.0
273.0	264.0
272.0	264.0
272.0	264.0
271.0	264.0
271.0	263.0
271.0	263.0
271.0	263.0
270.0	263.0
270.0	263.0
269.0	264.0
269.0	266.0
268.0	268.0
268.0	272.0
267.0	275.0
267.0	279.0
267.0	283.0
266.0	287.0
266.0	290.0
266.0	292.0
266.0	295.0
265.0	297.0
265.0	299.0
265.0	301.0
265.0	303.0
265.0	305.0
264.0	306.0
264.0	309.0
264.0	311.0
264.0	313.0
263.0	314.0
263.0	316.0
263.0	317.0
263.0	318.0
263.0	319.0
263.0	320.0
262.0	321.0
262.0	321.0
262.0	322.0
262.0	322.0
262.0	322.0
264.0	322.0
268.0	321.0
274.0	320.0
280.0	319.0
287.0	318.0
294.0	317.0
301.0	315.0
307.0	313.0
312.0	311.0
317.0	309.0
320.0	307.0
323.0	306.0
326.0	305.0
327.0	304.0
329.0	303.0
330.0	301.0
331.0	300.0
331.0	299.0
332.0	298.0
332.0	297.0
332.0	295.0
331.0	294.0
331.0	293.0
330.0	292.0
329.0	290.0
328.0	289.0
327.0	288.0
326.0	288.0
325.0	287.0
323.0	286.0
322.0	285.0
320.0	284.0
318.0	284.0
316.0	283.0
314.0	282.0
311.0	282.0
308.0	281.0
305.0	280.0
301.0	280.0
298.0	279.0
296.0	278.0
294.0	278.0
292.0	277.0
291.0	277.0
290.0	276.0
289.0	275.0
288.0	275.0
288.0	274.0
287.0	274.0
287.0	273.0
287.0	273.0
286.0	272.0
285.0	272.0
285.0	272.0
284.0	271.0
284.0	271.0
283.0	270.0
283.0	270.0
282.0	269.0
282.0	269.0
281.0	269.0
281.0	269.0
280.0	268.0
280.0	268.0
279.0	268.0
279.0	267.0
278.0	267.0
278.0	267.0
277.0	266.0
276.0	266.0
276.0	266.0
275.0	265.0
274.0	265.0
274.0	265.0
273.0	264.0
272.0	264.0
272.0	264.0
271.0	264.0
271.0	263.0
270.0	263.0
270.0	263.0
269.0	263.0
269.0	262.0
269.0	262.0
269.0	262.0
268.0	263.0
268.0	264.0
267.0	265.0
267.0	268.0
267.0	272.0
267.0	276.0
267.0	280.0
267.0	283.0
266.0	287.0
266.0	290.0
266.0	292.0
266.0	295.0
266.0	297.0
265.0	299.0
265.0	301.0
265.0	303.0
264.0	304.0
264.0	306.0
264.0	308.0
263.0	310.0
263.0	312.0
263.0	314.0
262.0	316.0
262.0	317.0
262.0	318.0
262.0	319.0
261.0	320.0
261.0	320.0
261.0	321.0
261.0	321.0
261.0	321.0
262.0	321.0
264.0	321.0
268.0	321.0
274.0	320.0
281.0	319.0
288.0	318.0
295.0	316.0
301.0	314.0
307.0	312.0
313.0	310.0
317.0	309.0
321.0	307.0
324.0	306.0
326.0	305.0
327.0	304.0
329.0	302.0
330.0	301.0
330.0	300.0
331.0	299.0
331.0	298.0
331.0	296.0
331.0	295.0
331.0	294.0
330.0	293.0
330.0	291.0
329.0	290.0
328.0	289.0
327.0	288.0
325.0	287.0
324.0	286.0
323.0	285.0
321.0	285.0
320.0	284.0
318.0	283.0
316.0	282.0
313.0	282.0
311.0	281.0
308.0	280.0
304.0	280.0
301.0	279.0
298.0	279.0
295.0	278.0
293.0	278.0
292.0	277.0
291.0	277.0
290.0	276.0
289.0	275.0
288.0	275.0
288.0	274.0
288.0	274.0
287.0	273.0
286.0	273.0
286.0	272.0
285.0	272.0
285.0	271.0
284.0	271.0
283.0	270.0
283.0	270.0
282.0	270.0
281.0	269.0
281.0	269.0
280.0	269.0
280.0	268.0
279.0	268.0
279.0	268.0
278.0	267.0
278.0	267.0
277.0	267.0
276.0	267.0
276.0	266.0
276.0	266.0
275.0	266.0
275.0	265.0
275.0	265.0
274.0	265.0
273.0	264.0
273.0	264.0
272.0	264.0
271.0	263.0
271.0	263.0
270.0	263.0
270.0	263.0
269.0	263.0
269.0	263.0
269.0	263.0
268.0	265.0
268.0	267.0
268.0	270.0
267.0	274.0
267.0	278.0
267.0	281.0
267.0	285.0
266.0	288.0
266.0	291.0
266.0	293.0
266.0	295.0
266.0	297.0
266.0	299.0
266.0	301.0
265.0	303.0
265.0	305.0
265.0	307.0
264.0	309.0
264.0	310.0
264.0	312.0
263.0	314.0
263.0	316.0
262.0	317.0
262.0	318.0
262.0	319.0
262.0	320.0
261.0	320.0
261.0	321.0
261.0	321.0
262.0	321.0
263.0	321.0
266.0	321.0
271.0	320.0
277.0	319.0
284.0	318.0
291.0	317.0
298.0	315.0
304.0	313.0
309.0	311.0
314.0	309.0
318.0	307.0
321.0	306.0
324.0	305.0
326.0	304.0
327.0	302.0
328.0	301.0
329.0	300.0
330.0	299.0
330.0	298.0
330.0	297.0
330.0	296.0
330.0	294.0
330.0	293.0
329.0	292.0
329.0	291.0
328.0	290.0
327.0	289.0
326.0	288.0
325.0	287.0
324.0	286.0
322.0	285.0
321.0	284.0
319.0	283.0
317.0	282.0
315.0	282.0
312.0	281.0
309.0	280.0
306.0	280.0
302.0	279.0
299.0	279.0
296.0	278.0
294.0	277.0
292.0	277.0
291.0	276.0
290.0	276.0
288.0	275.0
288.0	275.0
287.0	274.0
287.0	274.0
286.0	273.0
286.0	273.0
286.0	272.0
286.0	272.0
285.0	271.0
285.0	271.0
285.0	271.0
284.0	270.0
283.0	270.0
282.0	269.0
282.0	269.0
281.0	269.0
280.0	268.0
279.0	268.0
279.0	268.0
278.0	268.0
277.0	267.0
277.0	267.0
276.0	267.0
276.0	267.0
275.0	266.0
275.0	266.0
274.0	265.0
274.0	265.0
273.0	265.0
273.0	264.0
272.0	264.0
272.0	264.0
272.0	263.0
271.0	263.0
271.0	263.0
270.0	263.0
270.0	263.0
270.0	263.0
269.0	263.0
269.0	264.0
268.0	267.0
268.0	270.0
268.0	273.0
267.0	277.0
267.0	281.0
267.0	285.0
266.0	288.0
266.0	290.0
266.0	293.0
266.0	295.0
266.0	297.0
266.0	299.0
266.0	301.0
266.0	303.0
265.0	305.0
265.0	306.0
265.0	308.0
264.0	310.0
264.0	312.0
263.0	314.0
263.0	315.0
263.0	317.0
262.0	317.0
262.0	318.0
261.0	319.0
261.0	320.0
261.0	321.0
261.0	321.0
261.0	321.0
262.0	321.0
265.0	321.0
270.0	320.0
276.0	319.0
284.0	318.0
291.0	316.0
297.0	315.0
303.0	313.0
309.0	311.0
314.0	309.0
318.0	307.0
321.0	306.0
324.0	305.0
326.0	303.0
327.0	302.0
328.0	301.0
329.0	300.0
330.0	299.0
330.0	298.0
330.0	296.0
330.0	295.0
330.0	294.0
329.0	293.0
329.0	292.0
328.0	291.0
327.0	290.0
326.0	289.0
325.0	288.0
325.0	287.0
324.0	286.0
322.0	285.0
321.0	284.0
319.0	283.0
317.0	283.0
314.0	282.0
312.0	281.0
309.0	281.0
306.0	280.0
302.0	279.0
299.0	279.0
296.0	278.0
294.0	277.0
292.0	277.0
291.0	276.0
289.0	276.0
288.0	275.0
288.0	275.0
287.0	274.0
287.0	274.0
286.0	273.0
286.0	273.0
285.0	273.0
285.0	272.0
285.0	272.0
285.0	271.0
284.0	271.0
284.0	270.0
283.0	270.0
283.0	269.0
282.0	269.0
281.0	269.0
281.0	268.0
280.0	268.0
279.0	268.0
279.0	268.0
278.0	267.0
278.0	267.0
277.0	267.0
276.0	267.0
275.0	266.0
275.0	266.0
274.0	266.0
274.0	265.0
273.0	265.0
273.0	265.0
272.0	264.0
272.0	264.0
271.0	264.0
271.0	263.0
271.0	263.0
270.0	263.0
270.0	264.0
270.0	265.0
269.0	267.0
269.0	270.0
268.0	274.0
268.0	278.0
268.0	282.0
267.0	285.0
267.0	289.0
267.0	291.0
267.0	294.0
266.0	296.0
266.0	298.0
266.0	300.0
266.0	302.0
266.0	303.0
266.0	305.0
266.0	307.0
266.0	309.0
265.0	311.0
265.0	312.0
264.0	314.0
264.0	315.0
264.0	317.0
263.0	318.0
263.0	318.0
262.0	319.0
262.0	320.0
262.0	320.0
261.0	321.0
262.0	321.0
263.0	321.0
265.0	321.0
271.0	320.0
277.0	319.0
284.0	318.0
291.0	317.0
298.0	315.0
304.0	313.0
310.0	311.0
315.0	309.0
319.0	307.0
322.0	306.0
325.0	304.0
326.0	303.0
328.0	302.0
329.0	301.0
330.0	300.0
330.0	299.0
330.0	298.0
330.0	297.0
330.0	295.0
330.0	294.0
329.0	293.0
328.0	292.0
327.0	291.0
327.0	290.0
326.0	289.0
325.0	288.0
324.0	287.0
323.0	286.0
322.0	285.0
320.0	285.0
319.0	284.0
317.0	283.0
315.0	282.0
313.0	281.0
310.0	281.0
306.0	280.0
303.0	279.0
299.0	279.0
296.0	278.0
294.0	277.0
292.0	277.0
291.0	276.0
289.0	276.0
288.0	275.0
288.0	275.0
287.0	274.0
287.0
286.0
286.0
286.0
285.0
285.0
284.0
284.0
283.0
283.0
283.0
282.0
282.0
281.0
281.0
280.0
279.0
278.0
278.0
277.0
276.0
276.0
275.0
274.0
274.0
273.0
273.0
272.0
272.0
271.0
271.0
270.0
270.0
