System ID	Database ID	Patient Number	Surname	First Name	Sex	Date Of Birth	Patient ID	Patient Code	Patient Notes	SP	DP	MP	DATA_REV	DATETIME	AGE	MEDICATION	NOTES	OPERATOR	INTERPRETATION	HEIGHT	WEIGHT	BODY_MASS_INDEX	SAMPLE_RATE	SIMULATION MODE	PX_DIST	DT_DIST	PWV_DIST	PWV_DISTERR	ALGORITHM	PHEIGHT_PC	PP_MDT	PP_DEVIATION	PWV	PWVERR	Tonometer Serial Number	A_SUBTYPE	A_NOF_10_SETS	A_HR	A_MDT	A_DEVIATION_DT	A_TON_QC_PH	A_TON_QC_PHV	A_TON_QC_PLV	A_TON_QC_BLV	A_ECG_QC_PH	A_ECG_QC_PHV	A_ECG_QC_PLV	A_ECG_QC_BLV	B_SUBTYPE	B_NOF_10_SETS	B_HR	B_MDT	B_DEVIATION_DT	B_TON_QC_PH	B_TON_QC_PHV	B_TON_QC_PLV	B_TON_QC_BLV	B_ECG_QC_PH	B_ECG_QC_PHV	B_ECG_QC_PLV	B_ECG_QC_BLV
00050	DATA	313	McBryde	Paul	MALE	14/05/1978	1234567890	code	Healthy	120	80	0	130	28/08/2009 11:59:28	31	None	Visit Number 1	paul		172	77	26.03	128	Yes	0	0	500	9999	4	-1	25.1	9.1	19.9	8.3	0	PROXIMAL	1	69	110.7	4.8	462	4	8	2.7	470	3	4	5.4	DISTAL	1	69	135.9	7.8	276	14	9	27.6	472	4	4	4.5
SiteA Pressure 	 Site A ECG 	 SiteB Pressure 	 Site B ECG
336.0	678.0	472.0	432.0
335.0	665.0	463.0	432.0
332.0	665.0	455.0	438.0
330.0	619.0	449.0	436.0
327.0	547.0	444.0	439.0
322.0	519.0	437.0	442.0
318.0	508.0	431.0	438.0
313.0	488.0	424.0	439.0
308.0	456.0	416.0	435.0
305.0	423.0	410.0	436.0
306.0	406.0	404.0	438.0
315.0	394.0	401.0	434.0
340.0	389.0	401.0	436.0
375.0	394.0	399.0	434.0
415.0	389.0	398.0	432.0
454.0	386.0	396.0	436.0
490.0	386.0	394.0	432.0
525.0	383.0	391.0	431.0
553.0	387.0	387.0	430.0
577.0	383.0	382.0	429.0
599.0	382.0	377.0	435.0
620.0	386.0	374.0	432.0
640.0	381.0	372.0	434.0
658.0	381.0	372.0	437.0
674.0	375.0	372.0	436.0
689.0	371.0	373.0	441.0
704.0	369.0	371.0	438.0
716.0	358.0	371.0	437.0
725.0	351.0	368.0	438.0
732.0	343.0	364.0	437.0
737.0	332.0	359.0	441.0
741.0	329.0	354.0	440.0
746.0	323.0	348.0	437.0
751.0	321.0	345.0	439.0
752.0	322.0	343.0	435.0
751.0	316.0	341.0	436.0
745.0	322.0	340.0	439.0
739.0	328.0	338.0	439.0
728.0	338.0	337.0	446.0
711.0	355.0	337.0	443.0
691.0	367.0	337.0	441.0
673.0	384.0	336.0	443.0
653.0	399.0	335.0	439.0
632.0	405.0	335.0	444.0
606.0	418.0	335.0	441.0
581.0	421.0	335.0	440.0
561.0	428.0	335.0	441.0
549.0	433.0	334.0	436.0
549.0	429.0	333.0	439.0
549.0	431.0	330.0	443.0
546.0	428.0	330.0	438.0
542.0	424.0	328.0	438.0
538.0	428.0	325.0	444.0
533.0	425.0	322.0	457.0
527.0	430.0	318.0	470.0
522.0	429.0	313.0	485.0
517.0	425.0	310.0	515.0
512.0	429.0	309.0	551.0
508.0	429.0	309.0	605.0
502.0	432.0	310.0	675.0
496.0	434.0	311.0	740.0
492.0	432.0	311.0	792.0
487.0	436.0	311.0	793.0
483.0	432.0	313.0	745.0
480.0	432.0	311.0	711.0
476.0	434.0	311.0	710.0
475.0	431.0	309.0	700.0
473.0	433.0	306.0	630.0
471.0	431.0	304.0	550.0
470.0	431.0	303.0	525.0
469.0	435.0	300.0	514.0
466.0	431.0	300.0	490.0
462.0	432.0	302.0	454.0
459.0	433.0	303.0	419.0
455.0	429.0	304.0	405.0
452.0	434.0	304.0	396.0
448.0	431.0	305.0	393.0
444.0	434.0	305.0	394.0
439.0	434.0	308.0	385.0
437.0	430.0	316.0	383.0
433.0	433.0	331.0	381.0
429.0	431.0	353.0	376.0
426.0	433.0	376.0	376.0
422.0	436.0	399.0	369.0
419.0	430.0	421.0	366.0
415.0	432.0	440.0	365.0
412.0	431.0	457.0	359.0
409.0	430.0	471.0	361.0
405.0	432.0	483.0	358.0
401.0	429.0	491.0	354.0
399.0	431.0	496.0	350.0
395.0	434.0	500.0	341.0
394.0	432.0	502.0	338.0
392.0	437.0	502.0	329.0
390.0	433.0	504.0	321.0
387.0	436.0	505.0	320.0
384.0	439.0	507.0	312.0
381.0	430.0	508.0	310.0
378.0	432.0	508.0	306.0
375.0	439.0	507.0	304.0
370.0	448.0	503.0	313.0
368.0	463.0	497.0	319.0
364.0	473.0	491.0	333.0
362.0	500.0	481.0	351.0
360.0	535.0	474.0	367.0
358.0	583.0	466.0	385.0
356.0	654.0	459.0	396.0
354.0	720.0	451.0	406.0
352.0	771.0	441.0	418.0
350.0	772.0	431.0	421.0
346.0	711.0	419.0	432.0
344.0	661.0	406.0	437.0
342.0	654.0	394.0	433.0
341.0	651.0	384.0	433.0
338.0	599.0	376.0	428.0
335.0	533.0	370.0	430.0
332.0	511.0	364.0	432.0
329.0	506.0	360.0	430.0
325.0	483.0	360.0	432.0
321.0	452.0	358.0	431.0
318.0	421.0	354.0	431.0
318.0	408.0	351.0	432.0
327.0	398.0	348.0	427.0
348.0	390.0	348.0	432.0
382.0	391.0	347.0	433.0
421.0	385.0	348.0	432.0
460.0	382.0	350.0	432.0
498.0	383.0	351.0	427.0
533.0	378.0	354.0	430.0
563.0	382.0	351.0	433.0
590.0	380.0	348.0	434.0
614.0	378.0	343.0	437.0
636.0	378.0	340.0	432.0
656.0	370.0	335.0	432.0
675.0	370.0	330.0	432.0
691.0	369.0	328.0	429.0
706.0	363.0	326.0	431.0
719.0	359.0	325.0	430.0
729.0	349.0	323.0	428.0
736.0	343.0	322.0	432.0
741.0	339.0	322.0	428.0
746.0	329.0	322.0	432.0
749.0	326.0	321.0	433.0
752.0	319.0	322.0	430.0
753.0	317.0	322.0	433.0
752.0	320.0	320.0	431.0
749.0	316.0	320.0	436.0
744.0	325.0	318.0	438.0
739.0	332.0	318.0	432.0
732.0	338.0	318.0	436.0
717.0	353.0	316.0	436.0
699.0	363.0	316.0	437.0
680.0	381.0	314.0	439.0
660.0	393.0	311.0	432.0
640.0	400.0	310.0	434.0
615.0	414.0	306.0	431.0
592.0	418.0	305.0	431.0
575.0	418.0	304.0	433.0
569.0	422.0	305.0	429.0
567.0	419.0	308.0	433.0
565.0	423.0	311.0	434.0
559.0	422.0	315.0	425.0
555.0	418.0	320.0	428.0
549.0	421.0	321.0	434.0
545.0	419.0	323.0	446.0
541.0	424.0	323.0	462.0
538.0	427.0	320.0	478.0
534.0	423.0	318.0	516.0
530.0	428.0	316.0	557.0
526.0	425.0	318.0	616.0
522.0	428.0	320.0	690.0
517.0	430.0	323.0	754.0
512.0	425.0	325.0	800.0
508.0	426.0	328.0	790.0
505.0	424.0	330.0	739.0
503.0	427.0	331.0	707.0
501.0	431.0	333.0	702.0
499.0	426.0	333.0	683.0
498.0	429.0	334.0	609.0
494.0	430.0	337.0	538.0
492.0	427.0	340.0	518.0
488.0	429.0	343.0	502.0
486.0	424.0	345.0	473.0
484.0	427.0	348.0	439.0
481.0	429.0	350.0	407.0
477.0	430.0	354.0	394.0
473.0	434.0	354.0	386.0
470.0	431.0	355.0	383.0
468.0	434.0	359.0	385.0
464.0	438.0	366.0	378.0
462.0	436.0	381.0	378.0
460.0	439.0	398.0	378.0
459.0	437.0	419.0	372.0
457.0	434.0	441.0	372.0
453.0	436.0	464.0	366.0
451.0	430.0	485.0	366.0
448.0	434.0	505.0	366.0
444.0	432.0	524.0	360.0
441.0	428.0	540.0	361.0
437.0	429.0	556.0	356.0
435.0	424.0	570.0	350.0
433.0	425.0	580.0	348.0
431.0	426.0	588.0	339.0
429.0	424.0	597.0	336.0
426.0	429.0	602.0	327.0
423.0	428.0	605.0	318.0
421.0	431.0	606.0	317.0
419.0	438.0	607.0	311.0
417.0	428.0	610.0	310.0
414.0	430.0	612.0	310.0
409.0	437.0	613.0	310.0
405.0	447.0	613.0	318.0
400.0	460.0	612.0	323.0
397.0	472.0	610.0	336.0
394.0	502.0	605.0	354.0
391.0	543.0	600.0	368.0
387.0	595.0	593.0	388.0
384.0	666.0	586.0	398.0
382.0	730.0	582.0	406.0
380.0	779.0	575.0	412.0
376.0	779.0	567.0	412.0
373.0	723.0	559.0	420.0
370.0	687.0	552.0	425.0
366.0	690.0	545.0	424.0
363.0	684.0	539.0	427.0
360.0	622.0	533.0	424.0
357.0	546.0	530.0	427.0
354.0	524.0	525.0	429.0
350.0	515.0	522.0	426.0
346.0	485.0	518.0	430.0
342.0	450.0	515.0	428.0
338.0	418.0	512.0	427.0
335.0	402.0	507.0	428.0
342.0	394.0	502.0	425.0
360.0	390.0	498.0	428.0
391.0	392.0	495.0	427.0
428.0	387.0	491.0	425.0
465.0	381.0	490.0	430.0
502.0	379.0	489.0	425.0
538.0	375.0	490.0	428.0
569.0	374.0	491.0	428.0
595.0	368.0	495.0	423.0
617.0	363.0	495.0	425.0
636.0	364.0	495.0	420.0
654.0	359.0	494.0	425.0
671.0	358.0	491.0	429.0
686.0	352.0	486.0	427.0
701.0	348.0	484.0	432.0
713.0	347.0	479.0	429.0
725.0	339.0	474.0	428.0
736.0	333.0	471.0	430.0
744.0	328.0	467.0	428.0
749.0	320.0	466.0	431.0
753.0	319.0	465.0	433.0
756.0	314.0	464.0	433.0
758.0	311.0	464.0	435.0
760.0	311.0	464.0	432.0
760.0	310.0	465.0	434.0
758.0	316.0	465.0	436.0
750.0	323.0	464.0	432.0
738.0	334.0	462.0	436.0
723.0	354.0	459.0	430.0
707.0	365.0	458.0	430.0
689.0	381.0	456.0	430.0
670.0	393.0	457.0	428.0
648.0	400.0	458.0	433.0
625.0	412.0	459.0	433.0
602.0	412.0	461.0	431.0
585.0	417.0	461.0	432.0
583.0	424.0	462.0	427.0
587.0	424.0	461.0	431.0
589.0	430.0	459.0	434.0
585.0	430.0	457.0	428.0
580.0	431.0	455.0	433.0
575.0	435.0	455.0	441.0
571.0	430.0	457.0	456.0
565.0	431.0	459.0	469.0
561.0	433.0	464.0	487.0
557.0	430.0	465.0	523.0
553.0	431.0	466.0	561.0
548.0	428.0	465.0	616.0
544.0	428.0	464.0	685.0
540.0	431.0	462.0	743.0
537.0	429.0	461.0	779.0
534.0	431.0	461.0	755.0
533.0	429.0	462.0	695.0
530.0	430.0	464.0	666.0
529.0	433.0	466.0	663.0
527.0	431.0	469.0	636.0
525.0	436.0	469.0	572.0
523.0	436.0	469.0	521.0
521.0	432.0	469.0	512.0
518.0	436.0	469.0	498.0
517.0	433.0	469.0	465.0
514.0	439.0	471.0	435.0
510.0	440.0	474.0	409.0
508.0	434.0	477.0	400.0
505.0	436.0	479.0	391.0
502.0	434.0	483.0	390.0
498.0	433.0	489.0	390.0
494.0	436.0	500.0	386.0
492.0	434.0	515.0	387.0
490.0	438.0	535.0	387.0
487.0	434.0	557.0	382.0
485.0	431.0	581.0	383.0
482.0	433.0	604.0	381.0
479.0	430.0	626.0	381.0
476.0	434.0	645.0	375.0
473.0	432.0	665.0	366.0
470.0	426.0	682.0	365.0
468.0	430.0	696.0	359.0
464.0	430.0	709.0	355.0
460.0	434.0	718.0	354.0
457.0	434.0	724.0	345.0
452.0	430.0	727.0	343.0
448.0	434.0	729.0	336.0
443.0	434.0	731.0	329.0
439.0	439.0	731.0	327.0
434.0	443.0	733.0	321.0
430.0	433.0	735.0	320.0
425.0	434.0	736.0	318.0
421.0	441.0	736.0	316.0
416.0	450.0	736.0	323.0
410.0	463.0	733.0	328.0
404.0	476.0	729.0	342.0
400.0	509.0	721.0	360.0
395.0	557.0	713.0	372.0
391.0	614.0	703.0	389.0
387.0	689.0	692.0	396.0
383.0	753.0	683.0	402.0
379.0	796.0	673.0	410.0
376.0	794.0	666.0	413.0
370.0	747.0	656.0	421.0
366.0	721.0	646.0	422.0
361.0	719.0	636.0	419.0
356.0	691.0	627.0	422.0
350.0	618.0	619.0	422.0
344.0	542.0	612.0	425.0
338.0	524.0	605.0	427.0
331.0	512.0	600.0	421.0
326.0	479.0	595.0	423.0
319.0	443.0	590.0	421.0
314.0	412.0	587.0	422.0
313.0	395.0	585.0	425.0
319.0	390.0	581.0	421.0
342.0	387.0	577.0	425.0
376.0	391.0	572.0	427.0
415.0	385.0	567.0	425.0
454.0	383.0	562.0	427.0
490.0	384.0	559.0	422.0
523.0	374.0	557.0	428.0
551.0	374.0	555.0	430.0
575.0	371.0	553.0	425.0
596.0	364.0	552.0	424.0
616.0	363.0	550.0	421.0
636.0	352.0	549.0	424.0
654.0	349.0	547.0	427.0
672.0	347.0	545.0	423.0
689.0	341.0	544.0	427.0
705.0	341.0	544.0	424.0
717.0	331.0	542.0	423.0
727.0	324.0	540.0	428.0
736.0	319.0	537.0	425.0
743.0	309.0	532.0	427.0
749.0	308.0	529.0	425.0
754.0	304.0	527.0	427.0
756.0	304.0	525.0	434.0
752.0	308.0	524.0	430.0
749.0	307.0	522.0	428.0
746.0	316.0	521.0	428.0
741.0	325.0	520.0	428.0
733.0	333.0	517.0	433.0
719.0	352.0	514.0	432.0
699.0	365.0	512.0	432.0
678.0	385.0	507.0	437.0
656.0	399.0	504.0	430.0
634.0	402.0	503.0	430.0
609.0	411.0	502.0	428.0
585.0	413.0	501.0	425.0
567.0	419.0	502.0	428.0
561.0	425.0	502.0	427.0
561.0	423.0	500.0	430.0
559.0	425.0	495.0	430.0
555.0	425.0	492.0	421.0
549.0	426.0	489.0	428.0
544.0	430.0	485.0	439.0
538.0	426.0	484.0	455.0
533.0	428.0	481.0	468.0
527.0	432.0	481.0	484.0
522.0	432.0	479.0	518.0
517.0	431.0	479.0	561.0
509.0	424.0	479.0	621.0
503.0	424.0	478.0	694.0
497.0	430.0	476.0	750.0
493.0	426.0	474.0	781.0
490.0	427.0	471.0	748.0
486.0	422.0	471.0	685.0
482.0	420.0	469.0	660.0
480.0	423.0	468.0	662.0
476.0	421.0	468.0	637.0
473.0	425.0	466.0	572.0
469.0	427.0	466.0	523.0
466.0	425.0	466.0	517.0
465.0	433.0	465.0	499.0
461.0	430.0	465.0	465.0
459.0	432.0	465.0	436.0
456.0	436.0	466.0	410.0
453.0	433.0	466.0	401.0
450.0	436.0	468.0	394.0
447.0	431.0	471.0	391.0
444.0	430.0	474.0	392.0
438.0	432.0	482.0	386.0
435.0	429.0	497.0	383.0
432.0	431.0	517.0	382.0
429.0	431.0	541.0	378.0
426.0	430.0	565.0	380.0
423.0	434.0	590.0	374.0
421.0	431.0	615.0	374.0
417.0	431.0	636.0	375.0
413.0	432.0	654.0	366.0
410.0	428.0	671.0	366.0
406.0	432.0	684.0	361.0
403.0	426.0	696.0	358.0
399.0	425.0	707.0	357.0
394.0	428.0	716.0	346.0
390.0	424.0	723.0	344.0
387.0	429.0	727.0	338.0
384.0	430.0	729.0	332.0
380.0	435.0	728.0	329.0
377.0	440.0	729.0	320.0
373.0	431.0	730.0	319.0
369.0	434.0	729.0	319.0
366.0	440.0	728.0	313.0
363.0	450.0	726.0	320.0
360.0	467.0	723.0	329.0
356.0	482.0	719.0	342.0
352.0	514.0	716.0	359.0
348.0	559.0	711.0	370.0
345.0	614.0	706.0	387.0
341.0	685.0	698.0	399.0
338.0	744.0	692.0	408.0
335.0	777.0	682.0	417.0
331.0	757.0	669.0	417.0
330.0	695.0	655.0	423.0
327.0	669.0	638.0	425.0
326.0	672.0	622.0	428.0
323.0	646.0	609.0	433.0
321.0	581.0	600.0	429.0
319.0	525.0	595.0	430.0
317.0	514.0	592.0	431.0
314.0	502.0	588.0	428.0
310.0	468.0	587.0	430.0
306.0	439.0	585.0	428.0
303.0	414.0	582.0	429.0
307.0	401.0	577.0	433.0
324.0	396.0	573.0	429.0
356.0	390.0	570.0	432.0
396.0	393.0	565.0	432.0
440.0	388.0	562.0	432.0
483.0	384.0	560.0	436.0
522.0	382.0	559.0	429.0
557.0	374.0	559.0	429.0
585.0	377.0	557.0	431.0
611.0	377.0	555.0	432.0
636.0	375.0	553.0	436.0
657.0	374.0	550.0	432.0
676.0	366.0	547.0	432.0
695.0	361.0	542.0	434.0
709.0	358.0	539.0	432.0
725.0	353.0	535.0	435.0
737.0	353.0	531.0	431.0
748.0	347.0	530.0	427.0
757.0	342.0	529.0	430.0
766.0	340.0	527.0	429.0
772.0	328.0	525.0	431.0
777.0	326.0	522.0	430.0
780.0	323.0	517.0	428.0
781.0	319.0	514.0	434.0
778.0	321.0	512.0	431.0
773.0	318.0	510.0	434.0
767.0	321.0	505.0	434.0
757.0	329.0	503.0	428.0
746.0	334.0	500.0	431.0
730.0	353.0	499.0	430.0
710.0	367.0	498.0	432.0
688.0	383.0	496.0	434.0
668.0	395.0	495.0	431.0
646.0	400.0	495.0	436.0
624.0	413.0	493.0	436.0
600.0	420.0	492.0	434.0
579.0	423.0	491.0	438.0
567.0	430.0	490.0	434.0
566.0	427.0	487.0	438.0
567.0	429.0	485.0	438.0
565.0	431.0	483.0	428.0
561.0	430.0	481.0	434.0
557.0	433.0	481.0	442.0
551.0	428.0	478.0	456.0
544.0	431.0	474.0	473.0
538.0	434.0	471.0	492.0
531.0	429.0	469.0	529.0
525.0	429.0	466.0	574.0
517.0	424.0	464.0	637.0
512.0	423.0	463.0	710.0
506.0	425.0	462.0	768.0
501.0	422.0	462.0	795.0
498.0	428.0	461.0	762.0
494.0	430.0	464.0	707.0
492.0	429.0	463.0	695.0
489.0	434.0	461.0	697.0
486.0	428.0	459.0	659.0
484.0	430.0	455.0	581.0
481.0	431.0	452.0	529.0
477.0	430.0	449.0	521.0
473.0	436.0	449.0	501.0
470.0	432.0	449.0	466.0
468.0	431.0	449.0	437.0
465.0	433.0	451.0	410.0
462.0	430.0	449.0	400.0
460.0	434.0	449.0	392.0
456.0	430.0	449.0	390.0
452.0	428.0	452.0	393.0
447.0	429.0	459.0	386.0
441.0	425.0	471.0	383.0
437.0	428.0	488.0	382.0
434.0	428.0	510.0	376.0
431.0	427.0	532.0	374.0
427.0	430.0	554.0	366.0
425.0	429.0	575.0	363.0
423.0	430.0	595.0	364.0
419.0	433.0	612.0	359.0
417.0	433.0	628.0	360.0
415.0	438.0	642.0	353.0
411.0	434.0	653.0	348.0
406.0	436.0	663.0	347.0
401.0	440.0	672.0	340.0
397.0	438.0	677.0	334.0
395.0	440.0	681.0	325.0
391.0	436.0	683.0	318.0
388.0	434.0	684.0	316.0
384.0	436.0	683.0	310.0
380.0	425.0	681.0	311.0
377.0	428.0	677.0	312.0
373.0	439.0	673.0	308.0
370.0	448.0	670.0	315.0
366.0	467.0	666.0	322.0
363.0	484.0	663.0	338.0
361.0	515.0	658.0	358.0
358.0	559.0	653.0	371.0
356.0	617.0	648.0	390.0
353.0	691.0	643.0	400.0
350.0	753.0	634.0	412.0
347.0	779.0	623.0	424.0
344.0	749.0	612.0	425.0
342.0	683.0	598.0	429.0
340.0	661.0	586.0	431.0
337.0	665.0	575.0	431.0
334.0	633.0	564.0	436.0
331.0	570.0	555.0	431.0
329.0	521.0	549.0	430.0
327.0	513.0	544.0	431.0
324.0	499.0	539.0	425.0
320.0	465.0	535.0	429.0
316.0	436.0	532.0	427.0
314.0	412.0	532.0	423.0
317.0	401.0	529.0	425.0
334.0	397.0	525.0	422.0
364.0	392.0	522.0	425.0
403.0	394.0	518.0	426.0
444.0	392.0	515.0	423.0
485.0	387.0	512.0	430.0
524.0	389.0	509.0	428.0
559.0	385.0	507.0	433.0
589.0	386.0	502.0	439.0
614.0	385.0	500.0	438.0
638.0	379.0	496.0	442.0
660.0	381.0	494.0	438.0
679.0	373.0	491.0	436.0
698.0	370.0	489.0	438.0
713.0	367.0	485.0	432.0
729.0	360.0	484.0	435.0
741.0	359.0	481.0	431.0
752.0	353.0	479.0	430.0
760.0	347.0	475.0	432.0
768.0	342.0	472.0	428.0
772.0	329.0	469.0	428.0
777.0	328.0	465.0	428.0
781.0	325.0	463.0	425.0
778.0	322.0	461.0	429.0
774.0	325.0	459.0	425.0
769.0	323.0	459.0	429.0
763.0	329.0	459.0	433.0
754.0	338.0	459.0	431.0
744.0	346.0	459.0	434.0
730.0	364.0	459.0	432.0
712.0	379.0	459.0	435.0
691.0	393.0	457.0	439.0
668.0	405.0	455.0	435.0
642.0	409.0	452.0	435.0
616.0	420.0	451.0	432.0
592.0	426.0	449.0	430.0
575.0	429.0	449.0	435.0
571.0	430.0	449.0	429.0
573.0	424.0	451.0	432.0
573.0	429.0	451.0	430.0
568.0	433.0	454.0	422.0
564.0	431.0	455.0	430.0
561.0	435.0	455.0	438.0
557.0	429.0	454.0	453.0
552.0	431.0	454.0	470.0
546.0	434.0	455.0	491.0
541.0	432.0	457.0	529.0
537.0	434.0	459.0	578.0
531.0	431.0	463.0	643.0
525.0	431.0	466.0	720.0
521.0	435.0	469.0	775.0
515.0	429.0	471.0	795.0
512.0	430.0	472.0	759.0
508.0	428.0	471.0	713.0
506.0	429.0	469.0	707.0
503.0	437.0	468.0	703.0
500.0	436.0	466.0	651.0
498.0	436.0	464.0	569.0
495.0	436.0	464.0	518.0
492.0	431.0	464.0	511.0
488.0	431.0	466.0	492.0
484.0	428.0	468.0	454.0
480.0	429.0	469.0	422.0
476.0	434.0	469.0	398.0
475.0	431.0	471.0	390.0
472.0	433.0	471.0	385.0
468.0	431.0	475.0	382.0
466.0	431.0	482.0	382.0
462.0	436.0	495.0	378.0
460.0	430.0	513.0	380.0
457.0	431.0	537.0	378.0
454.0	431.0	564.0	372.0
451.0	429.0	588.0	372.0
448.0	432.0	609.0	366.0
444.0	428.0	627.0	363.0
440.0	429.0	643.0	363.0
437.0	432.0	658.0	358.0
434.0	430.0	671.0	359.0
432.0	435.0	684.0	351.0
429.0	431.0	698.0	344.0
427.0	430.0	709.0	341.0
424.0	434.0	721.0	333.0
421.0	433.0	731.0	329.0
418.0	434.0	737.0	322.0
415.0	433.0	743.0	314.0
411.0	434.0	747.0	314.0
407.0	435.0	749.0	307.0
403.0	423.0	749.0	304.0
400.0	427.0	747.0	307.0
395.0	439.0	745.0	307.0
392.0	449.0	741.0	316.0
388.0	465.0	737.0	321.0
385.0	485.0	734.0	336.0
383.0	519.0	728.0	358.0
379.0	570.0	723.0	373.0
377.0	631.0	717.0	394.0
374.0	702.0	711.0	405.0
370.0	760.0	706.0	410.0
367.0	783.0	698.0	417.0
364.0	754.0	690.0	416.0
360.0	693.0	681.0	422.0
358.0	679.0	672.0	428.0
354.0	690.0	663.0	427.0
352.0	653.0	656.0	433.0
350.0	580.0	649.0	431.0
348.0	526.0	646.0	433.0
345.0	516.0	643.0	434.0
341.0	501.0	638.0	428.0
336.0	461.0	634.0	431.0
330.0	430.0	632.0	429.0
326.0	405.0	631.0	427.0
326.0	393.0	629.0	430.0
338.0	392.0	626.0	427.0
365.0	389.0	623.0	428.0
404.0	391.0	619.0	429.0
445.0	387.0	615.0	429.0
486.0	382.0	612.0	434.0
524.0	384.0	609.0	430.0
559.0	381.0	607.0	430.0
589.0	376.0	606.0	428.0
611.0	372.0	607.0	422.0
632.0	365.0	607.0	429.0
650.0	368.0	607.0	429.0
668.0	363.0	606.0	429.0
687.0	359.0	603.0	430.0
703.0	354.0	598.0	425.0
719.0	343.0	595.0	428.0
734.0	343.0	592.0	427.0
746.0	339.0	590.0	425.0
758.0	331.0	588.0	428.0
768.0	328.0	585.0	429.0
774.0	319.0	582.0	432.0
778.0	315.0	580.0	432.0
778.0	311.0	577.0	427.0
778.0	307.0	575.0	430.0
774.0	309.0	572.0	428.0
770.0	311.0	571.0	430.0
766.0	319.0	568.0	431.0
758.0	333.0	565.0	429.0
746.0	347.0	563.0	434.0
734.0	367.0	560.0	430.0
719.0	377.0	559.0	430.0
699.0	392.0	557.0	432.0
676.0	408.0	556.0	429.0
652.0	414.0	555.0	433.0
627.0	421.0	555.0	433.0
604.0	422.0	557.0	430.0
593.0	423.0	557.0	434.0
592.0	428.0	556.0	429.0
591.0	426.0	555.0	432.0
588.0	429.0	552.0	430.0
581.0	431.0	552.0	426.0
577.0	428.0	548.0	438.0
573.0	433.0	545.0	449.0
569.0	430.0	542.0	462.0
565.0	431.0	539.0	481.0
561.0	433.0	537.0	501.0
557.0	427.0	536.0	537.0
553.0	429.0	535.0	583.0
549.0	428.0	535.0	646.0
544.0	429.0	535.0	719.0
540.0	433.0	535.0	769.0
536.0	430.0	535.0	779.0
533.0	432.0	532.0	730.0
529.0	434.0	532.0	675.0
525.0	431.0	530.0	670.0
522.0	434.0	529.0	665.0
519.0	429.0	529.0	614.0
517.0	431.0	529.0	550.0
514.0	433.0	531.0	516.0
512.0	430.0	531.0	511.0
510.0	432.0	529.0	488.0
508.0	429.0	527.0	453.0
505.0	428.0	522.0	427.0
501.0	431.0	518.0	404.0
498.0	428.0	515.0	398.0
495.0	431.0	512.0	393.0
492.0	430.0	515.0	391.0
489.0	429.0	522.0	392.0
486.0	432.0	537.0	386.0
482.0	431.0	558.0	386.0
480.0	436.0	582.0	388.0
476.0	438.0	608.0	387.0
473.0	433.0	632.0	390.0
470.0	435.0	654.0	382.0
466.0	431.0	673.0	378.0
462.0	433.0	687.0	378.0
457.0	436.0	701.0	373.0
453.0	433.0	712.0	370.0
449.0	436.0	723.0	365.0
444.0	435.0	734.0	358.0
439.0	435.0	744.0	358.0
435.0	438.0	753.0	348.0
430.0	434.0	762.0	343.0
425.0	436.0	767.0	337.0
421.0	440.0	771.0	329.0
417.0	440.0	772.0	329.0
413.0	439.0	772.0	323.0
409.0	430.0	771.0	321.0
404.0	436.0	770.0	321.0
400.0	448.0	770.0	321.0
395.0	456.0	770.0	331.0
392.0	474.0	769.0	340.0
388.0	493.0	767.0	356.0
384.0	529.0	763.0	375.0
378.0	581.0	757.0	385.0
373.0	645.0	748.0	399.0
369.0	720.0	738.0	408.0
364.0	775.0	728.0	414.0
361.0	793.0	718.0	421.0
357.0	765.0	706.0	422.0
354.0	720.0	696.0	425.0
351.0	716.0	686.0	427.0
347.0	716.0	678.0	422.0
344.0	659.0	671.0	427.0
340.0	581.0	663.0	427.0
335.0	530.0	656.0	428.0
329.0	519.0	651.0	430.0
322.0	499.0	646.0	426.0
317.0	457.0	640.0	429.0
311.0	427.0	635.0	427.0
308.0	404.0	632.0	428.0
311.0	390.0	629.0	433.0
325.0	387.0	629.0	430.0
354.0	382.0	628.0	430.0
394.0	382.0	626.0	432.0
435.0	378.0	626.0	430.0
476.0	373.0	622.0	434.0
514.0	376.0	619.0	430.0
548.0	373.0	615.0	430.0
578.0	373.0	612.0	432.0
603.0	373.0	610.0	429.0
624.0	367.0	607.0	431.0
645.0	367.0	606.0	430.0
665.0	359.0	606.0	430.0
684.0	355.0	605.0	434.0
700.0	354.0	604.0	431.0
715.0	347.0	602.0	434.0
729.0	344.0	598.0	436.0
741.0	334.0	596.0	434.0
752.0	324.0	593.0	436.0
761.0	321.0	592.0	432.0
771.0	311.0	590.0	436.0
778.0	308.0	590.0	439.0
780.0	305.0	588.0	434.0
780.0	300.0	588.0	437.0
778.0	304.0	588.0	431.0
773.0	306.0	587.0	430.0
766.0	316.0	586.0	430.0
758.0	329.0	585.0	427.0
745.0	341.0	582.0	432.0
727.0	361.0	578.0	430.0
707.0	380.0	575.0	428.0
686.0	393.0	572.0	430.0
661.0	407.0	570.0	427.0
638.0	408.0	570.0	428.0
614.0	419.0	570.0	428.0
590.0	421.0	571.0	425.0
577.0	421.0	572.0	427.0
577.0	425.0	573.0	427.0
577.0	423.0	575.0	434.0
575.0	425.0	575.0	434.0
569.0	429.0	575.0	429.0
563.0	426.0	575.0	438.0
557.0	429.0	573.0	449.0
549.0	429.0	573.0	458.0
541.0	430.0	573.0	476.0
534.0	432.0	572.0	500.0
529.0	429.0	570.0	542.0
522.0	431.0	566.0	594.0
514.0	428.0	563.0	658.0
506.0	427.0	560.0	730.0
498.0	432.0	556.0	774.0
493.0	429.0	553.0	772.0
489.0	430.0	550.0	715.0
484.0	430.0	550.0	663.0
480.0	428.0	549.0	665.0
476.0	431.0	547.0	659.0
473.0	429.0	547.0	605.0
470.0	430.0	547.0	542.0
467.0	432.0	547.0	515.0
465.0	428.0	546.0	511.0
462.0	435.0	544.0	485.0
459.0	433.0	544.0	446.0
456.0	431.0	542.0	417.0
452.0	433.0	542.0	395.0
449.0	430.0	541.0	392.0
446.0	433.0	540.0	392.0
444.0	431.0	544.0	390.0
441.0	427.0	550.0	390.0
439.0	430.0	563.0	385.0
436.0	428.0	582.0	385.0
433.0	431.0	605.0	385.0
429.0	434.0	629.0	378.0
427.0	432.0	653.0	382.0
424.0	437.0	676.0	378.0
421.0	434.0	696.0	378.0
419.0	434.0	714.0	376.0
415.0	439.0	731.0	366.0
411.0	434.0	746.0	364.0
407.0	436.0	758.0	360.0
403.0	433.0	771.0	354.0
400.0	435.0	779.0	353.0
395.0	438.0	786.0	341.0
392.0	432.0	792.0	334.0
388.0	436.0	795.0	328.0
386.0	439.0	799.0	322.0
384.0	438.0	800.0	323.0
379.0	438.0	799.0	318.0
376.0	430.0	797.0	316.0
373.0	436.0	797.0	320.0
368.0	451.0	794.0	320.0
365.0	460.0	791.0	329.0
361.0	478.0	786.0	340.0
356.0	501.0	781.0	356.0
354.0	537.0	774.0	375.0
350.0	591.0	767.0	383.0
348.0	654.0	757.0	396.0
346.0	724.0	746.0	405.0
343.0	773.0	734.0	410.0
340.0	773.0	721.0	418.0
335.0	728.0	709.0	418.0
332.0	675.0	698.0	423.0
330.0	672.0	686.0	426.0
327.0	671.0	676.0	421.0
327.0	616.0	666.0	425.0
324.0	551.0	659.0	425.0
321.0	518.0	653.0	425.0
319.0	510.0	646.0	427.0
314.0	490.0	640.0	422.0
311.0	450.0	636.0	427.0
309.0	424.0	631.0	428.0
309.0	406.0	627.0	427.0
319.0	396.0	626.0	430.0
344.0	398.0	626.0	428.0
382.0	392.0	624.0	430.0
427.0	390.0	622.0	430.0
471.0	386.0	618.0	425.0
514.0	384.0	615.0	428.0
552.0	389.0	612.0	428.0
585.0	385.0	610.0	429.0
614.0	384.0	605.0	430.0
640.0	384.0	604.0	423.0
664.0	378.0	602.0	427.0
687.0	380.0	600.0	427.0
707.0	377.0	598.0	428.0
725.0	372.0	595.0	429.0
742.0	369.0	590.0	427.0
756.0	358.0	586.0	430.0
768.0	354.0	582.0	431.0
774.0	350.0	578.0	428.0
782.0	341.0	575.0	431.0
788.0	336.0	572.0	430.0
792.0	323.0	569.0	433.0
796.0	319.0	565.0	433.0
798.0	318.0	564.0	430.0
798.0	312.0	561.0	436.0
794.0	318.0	560.0	435.0
789.0	321.0	559.0	434.0
783.0	329.0	555.0	433.0
770.0	342.0	553.0	428.0
753.0	349.0	550.0	431.0
736.0	365.0	546.0	431.0
716.0	380.0	544.0	432.0
696.0	393.0	539.0	434.0
674.0	407.0	536.0	431.0
648.0	410.0	533.0	435.0
624.0	418.0	532.0	435.0
600.0	423.0	532.0	430.0
590.0	421.0	531.0	430.0
587.0	425.0	530.0	428.0
587.0	423.0	529.0	432.0
583.0	426.0	525.0	432.0
577.0	429.0	524.0	427.0
571.0	428.0	522.0	438.0
564.0	430.0	520.0	448.0
557.0	427.0	518.0	459.0
549.0	429.0	517.0	480.0
542.0	435.0	517.0	503.0
534.0	432.0	517.0	546.0
527.0	433.0	517.0	602.0
519.0	431.0	515.0	673.0
512.0	429.0	513.0	745.0
506.0	434.0	512.0	786.0
500.0	432.0	511.0	779.0
496.0	431.0	510.0	730.0
492.0	431.0	509.0	692.0
488.0	426.0	510.0	703.0
484.0	429.0	508.0	686.0
482.0	424.0	508.0	613.0
480.0	426.0	507.0	544.0
477.0	431.0	507.0	517.0
476.0	427.0	507.0	512.0
473.0	431.0	505.0	479.0
469.0	432.0	505.0	438.0
466.0	430.0	507.0	412.0
462.0	432.0	507.0	391.0
457.0	428.0	508.0	385.0
453.0	431.0	508.0	382.0
448.0	432.0	510.0	381.0
444.0	425.0	514.0	383.0
439.0	428.0	522.0	378.0
435.0	425.0	537.0	379.0
432.0	428.0	557.0	380.0
428.0	432.0	580.0	373.0
425.0	430.0	603.0	376.0
422.0	431.0	626.0	371.0
420.0	429.0	648.0	369.0
417.0	425.0	668.0	368.0
415.0	430.0	688.0	357.0
411.0	427.0	706.0	353.0
408.0	430.0	718.0	346.0
404.0	431.0	731.0	341.0
401.0	430.0	741.0	339.0
396.0	436.0	748.0	328.0
392.0	433.0	753.0	321.0
388.0	433.0	757.0	316.0
384.0	438.0	758.0	308.0
382.0	436.0	759.0	307.0
379.0	434.0	758.0	301.0
376.0	424.0	757.0	301.0
374.0	427.0	757.0	307.0
371.0	442.0	755.0	309.0
368.0	453.0	753.0	320.0
364.0	471.0	751.0	331.0
360.0	493.0	746.0	348.0
357.0	527.0	741.0	370.0
354.0	584.0	734.0	381.0
352.0	649.0	726.0	396.0
350.0	718.0	716.0	406.0
346.0	768.0	706.0	409.0
344.0	762.0	694.0	418.0
342.0	711.0	683.0	421.0
340.0	656.0	673.0	427.0
339.0	656.0	663.0	430.0
336.0	655.0	656.0	424.0
334.0	599.0	650.0	426.0
331.0	540.0	646.0	422.0
329.0	513.0	641.0	425.0
327.0	502.0	636.0	428.0
323.0	481.0	632.0	421.0
319.0	444.0	626.0	422.0
316.0	420.0	621.0	420.0
314.0	400.0	615.0	421.0
322.0	391.0	609.0	423.0
346.0	392.0	605.0	419.0
383.0	388.0	605.0	419.0
427.0	385.0	602.0	420.0
470.0	382.0	603.0	418.0
513.0	376.0	602.0	422.0
551.0	380.0	602.0	421.0
585.0	378.0	602.0	423.0
614.0	376.0	600.0	426.0
638.0	379.0	598.0	423.0
661.0	372.0	597.0	428.0
681.0	373.0	597.0	428.0
701.0	369.0	596.0	425.0
717.0	363.0	595.0	430.0
733.0	364.0	592.0	427.0
746.0	356.0	588.0	428.0
758.0	352.0	585.0	430.0
768.0	347.0	580.0	427.0
776.0	337.0	575.0	430.0
782.0	334.0	570.0	427.0
787.0	328.0	562.0	425.0
792.0	324.0	556.0	427.0
794.0	320.0	552.0	423.0
794.0	311.0	549.0	428.0
791.0	314.0	547.0	429.0
782.0	317.0	547.0	428.0
772.0	322.0	547.0	428.0
760.0	334.0	547.0	424.0
746.0	344.0	547.0	430.0
730.0	364.0	547.0	432.0
713.0	379.0	545.0	430.0
695.0	388.0	542.0	433.0
671.0	402.0	539.0	430.0
644.0	409.0	536.0	430.0
619.0	416.0	532.0	431.0
598.0	419.0	532.0	430.0
588.0	419.0	530.0	432.0
585.0	424.0	530.0	432.0
585.0	422.0	532.0	431.0
581.0	423.0	532.0	428.0
578.0	427.0	532.0	425.0
575.0	422.0	530.0	438.0
571.0	425.0	527.0	448.0
565.0	424.0	527.0	457.0
560.0	423.0	527.0	477.0
555.0	428.0	527.0	502.0
549.0	422.0	527.0	549.0
543.0	424.0	527.0	613.0
537.0	425.0	527.0	682.0
530.0	423.0	529.0	751.0
526.0	427.0	531.0	787.0
522.0	423.0	532.0	777.0
518.0	424.0	532.0	730.0
515.0	428.0	532.0	700.0
512.0	424.0	530.0	712.0
509.0	426.0	527.0	688.0
506.0	424.0	525.0	611.0
504.0	426.0	522.0	547.0
501.0	431.0	520.0	521.0
498.0	427.0	518.0	514.0
495.0	424.0	517.0	482.0
492.0	424.0	518.0	440.0
488.0	421.0	520.0	415.0
485.0	427.0	522.0	393.0
482.0	425.0	522.0	386.0
480.0	428.0	524.0	383.0
476.0	430.0	525.0	379.0
473.0	426.0	532.0	381.0
469.0	429.0	542.0	376.0
465.0	426.0	560.0	375.0
461.0	426.0	581.0	373.0
457.0	429.0	605.0	366.0
455.0	424.0	630.0	369.0
452.0	428.0	653.0	367.0
450.0	428.0	676.0	365.0
448.0	428.0	694.0	367.0
444.0	430.0	711.0	362.0
441.0	425.0	726.0	361.0
437.0	428.0	737.0	356.0
433.0	430.0	748.0	347.0
431.0	428.0	756.0	344.0
427.0	434.0	763.0	334.0
423.0	428.0	767.0	328.0
420.0	428.0	772.0	322.0
417.0	433.0	777.0	311.0
413.0	430.0	779.0	307.0
411.0	429.0	783.0	300.0
409.0	426.0	787.0	301.0
407.0	433.0	789.0	308.0
403.0	447.0	789.0	311.0
400.0	451.0	789.0	323.0
397.0	470.0	787.0	334.0
394.0	496.0	782.0	349.0
391.0	536.0	776.0	370.0
388.0	596.0	769.0	384.0
385.0	661.0	762.0	399.0
384.0	730.0	755.0	409.0
381.0	776.0	747.0	413.0
379.0	769.0	737.0	423.0
377.0	724.0	726.0	424.0
375.0	685.0	714.0	425.0
372.0	691.0	703.0	427.0
369.0	687.0	694.0	427.0
366.0	616.0	686.0	432.0
364.0	548.0	679.0	430.0
361.0	521.0	676.0	430.0
357.0	510.0	672.0	431.0
352.0	486.0	669.0	424.0
347.0	442.0	668.0	426.0
342.0	415.0	665.0	427.0
338.0	399.0	661.0	425.0
344.0	388.0	656.0	429.0
362.0	391.0	653.0	425.0
395.0	388.0	648.0	426.0
436.0	384.0	644.0	428.0
477.0	381.0	641.0	428.0
517.0	374.0	638.0	433.0
555.0	378.0	636.0	431.0
589.0	376.0	632.0	430.0
616.0	373.0	629.0	430.0
639.0	374.0	627.0	428.0
660.0	368.0	626.0	431.0
679.0	368.0	625.0	432.0
697.0	364.0	623.0	431.0
713.0	354.0	622.0	433.0
730.0	349.0	620.0	430.0
745.0	339.0	617.0	432.0
759.0	338.0	614.0	432.0
771.0	333.0	612.0	428.0
781.0	322.0	608.0	433.0
789.0	320.0	606.0	433.0
795.0	314.0	605.0	434.0
799.0	312.0	602.0	435.0
800.0	312.0	602.0	429.0
799.0	307.0	598.0	432.0
796.0	311.0	597.0	432.0
790.0	316.0	595.0	432.0
782.0	325.0	592.0	431.0
771.0	342.0	588.0	429.0
760.0	354.0	585.0	433.0
744.0	376.0	580.0	433.0
724.0	394.0	577.0	430.0
704.0	404.0	575.0	432.0
680.0	414.0	575.0	429.0
656.0	413.0	575.0	429.0
630.0	417.0	573.0	431.0
610.0	423.0	573.0	427.0
399.0	436.0	573.0	430.0
395.0	436.0	571.0	431.0
391.0	443.0	570.0	432.0
384.0	452.0	567.0	433.0
379.0	459.0	564.0	433.0
374.0	489.0	560.0	444.0
370.0	528.0	557.0	457.0
367.0	574.0	556.0	471.0
364.0	644.0	555.0	496.0
360.0	714.0	553.0	524.0
356.0	778.0	555.0	569.0
352.0	800.0	555.0	630.0
348.0	763.0	555.0	696.0
344.0	719.0	555.0	759.0
339.0	705.0	553.0	784.0
335.0	706.0	552.0	756.0
330.0	658.0	548.0	705.0
326.0	572.0	545.0	678.0
322.0	530.0	542.0	686.0
319.0	516.0	541.0	654.0
314.0	495.0	540.0	578.0
310.0	462.0	540.0	529.0
304.0	426.0	539.0	512.0
300.0	406.0	536.0	502.0
302.0	392.0	441.0	434.0
316.0	385.0	439.0	436.0
343.0	387.0	436.0	436.0
378.0	382.0	434.0	435.0
413.0	380.0	428.0	439.0
447.0	379.0	423.0	433.0
477.0	375.0	418.0	434.0
506.0	378.0	414.0	432.0
530.0	371.0	411.0	428.0
551.0	368.0	409.0	431.0
570.0	368.0	409.0	429.0
590.0	360.0	409.0	430.0
608.0	359.0	408.0	428.0
625.0	352.0	408.0	425.0
641.0	347.0	405.0	431.0
655.0	347.0	401.0	432.0
670.0	336.0	398.0	433.0
683.0	332.0	394.0	437.0
692.0	328.0	389.0	436.0
700.0	319.0	386.0	438.0
705.0	317.0	384.0	434.0
709.0	311.0	384.0	433.0
712.0	309.0	383.0	436.0
715.0	310.0	384.0	433.0
714.0	307.0	382.0	436.0
709.0	314.0	380.0	437.0
701.0	320.0	376.0	433.0
692.0	327.0	372.0	434.0
681.0	341.0	369.0	429.0
667.0	353.0	366.0	430.0
650.0	374.0	364.0	433.0
632.0	392.0	364.0	430.0
611.0	401.0	365.0	433.0
587.0	413.0	365.0	431.0
563.0	414.0	367.0	433.0
543.0	420.0	366.0	438.0
533.0	424.0	365.0	436.0
533.0	424.0	364.0	440.0
535.0	431.0	360.0	441.0
533.0	429.0	358.0	434.0
529.0	428.0	354.0	435.0
522.0	431.0	350.0	438.0
517.0	425.0	350.0	451.0
512.0	427.0	348.0	465.0
507.0	426.0	348.0	480.0
504.0	426.0	350.0	510.0
500.0	430.0	350.0	541.0
496.0	426.0	350.0	591.0
491.0	428.0	350.0	658.0
485.0	429.0	350.0	722.0
480.0	429.0	350.0	778.0
476.0	435.0	348.0	780.0
472.0	432.0	345.0	725.0
469.0	434.0	343.0	679.0
466.0	434.0	340.0	671.0
465.0	430.0	338.0	678.0
462.0	436.0	336.0	629.0
462.0	434.0	334.0	559.0
461.0	431.0	333.0	532.0
460.0	433.0	331.0	517.0
457.0	428.0	331.0	492.0
456.0	433.0	330.0	458.0
452.0	432.0	331.0	425.0
449.0	430.0	330.0	409.0
445.0	430.0	330.0	399.0
441.0	425.0	330.0	393.0
438.0	428.0	331.0	398.0
435.0	431.0	335.0	392.0
433.0	429.0	344.0	393.0
430.0	435.0	359.0	389.0
427.0	431.0	377.0	386.0
425.0	431.0	399.0	389.0
422.0	436.0	421.0	385.0
421.0	436.0	444.0	382.0
418.0	442.0	464.0	381.0
415.0	440.0	484.0	375.0
411.0	436.0	500.0	376.0
407.0	437.0	513.0	370.0
403.0	433.0	527.0	367.0
400.0	434.0	537.0	365.0
395.0	436.0	545.0	356.0
392.0	432.0	552.0	352.0
388.0	436.0	557.0	344.0
385.0	430.0	562.0	336.0
383.0	428.0	565.0	333.0
380.0	432.0	567.0	324.0
379.0	424.0	570.0	322.0
376.0	425.0	570.0	319.0
374.0	429.0	567.0	318.0
372.0	442.0	564.0	324.0
369.0	461.0	560.0	329.0
366.0	474.0	555.0	339.0
363.0	499.0	550.0	356.0
359.0	530.0	545.0	369.0
355.0	579.0	539.0	388.0
351.0	650.0	530.0	396.0
346.0	714.0	521.0	406.0
343.0	769.0	510.0	418.0
340.0	777.0	496.0	420.0
338.0	726.0	485.0	428.0
336.0	678.0	472.0	432.0
335.0	665.0	463.0	432.0
332.0	665.0	455.0	438.0
330.0	619.0	449.0	436.0
327.0	547.0	444.0	439.0
322.0	519.0	437.0	442.0
318.0	508.0	431.0	438.0
313.0	488.0	424.0	439.0
308.0	456.0	416.0	435.0
305.0	423.0	410.0	436.0
306.0	406.0	404.0	438.0
315.0	394.0	401.0	434.0
340.0	389.0	401.0	436.0
375.0	394.0	399.0	434.0
415.0	389.0	398.0	432.0
454.0	386.0	396.0	436.0
490.0	386.0	394.0	432.0
525.0	383.0	391.0	431.0
553.0	387.0	387.0	430.0
577.0	383.0	382.0	429.0
599.0	382.0	377.0	435.0
620.0	386.0	374.0	432.0
640.0	381.0	372.0	434.0
658.0	381.0	372.0	437.0
674.0	375.0	372.0	436.0
689.0	371.0	373.0	441.0
704.0	369.0	371.0	438.0
716.0	358.0	371.0	437.0
725.0	351.0	368.0	438.0
732.0	343.0	364.0	437.0
737.0	332.0	359.0	441.0
741.0	329.0	354.0	440.0
746.0	323.0	348.0	437.0
751.0	321.0	345.0	439.0
752.0	322.0	343.0	435.0
751.0	316.0	341.0	436.0
745.0	322.0	340.0	439.0
739.0	328.0	338.0	439.0
728.0	338.0	337.0	446.0
711.0	355.0	337.0	443.0
691.0	367.0	337.0	441.0
673.0	384.0	336.0	443.0
653.0	399.0	335.0	439.0
632.0	405.0	335.0	444.0
606.0	418.0	335.0	441.0
581.0	421.0	335.0	440.0
561.0	428.0	335.0	441.0
549.0	433.0	334.0	436.0
549.0	429.0	333.0	439.0
549.0	431.0	330.0	443.0
546.0	428.0	330.0	438.0
542.0	424.0	328.0	438.0
538.0	428.0	325.0	444.0
533.0	425.0	322.0	457.0
527.0	430.0	318.0	470.0
522.0	429.0	313.0	485.0
517.0	425.0	310.0	515.0
512.0	429.0	309.0	551.0
508.0	429.0	309.0	605.0
502.0	432.0	310.0	675.0
496.0	434.0	311.0	740.0
492.0	432.0	311.0	792.0
487.0	436.0	311.0	793.0
483.0	432.0	313.0	745.0
480.0	432.0	311.0	711.0
476.0	434.0	311.0	710.0
475.0	431.0	309.0	700.0
473.0	433.0	306.0	630.0
471.0	431.0	304.0	550.0
470.0	431.0	303.0	525.0
469.0	435.0	300.0	514.0
466.0	431.0	300.0	490.0
462.0	432.0	302.0	454.0
459.0	433.0	303.0	419.0
455.0	429.0	304.0	405.0
452.0	434.0	304.0	396.0
448.0	431.0	305.0	393.0
444.0	434.0	305.0	394.0
439.0	434.0	308.0	385.0
437.0	430.0	316.0	383.0
433.0	433.0	331.0	381.0
429.0	431.0	353.0	376.0
426.0	433.0	376.0	376.0
422.0	436.0	399.0	369.0
419.0	430.0	421.0	366.0
415.0	432.0	440.0	365.0
412.0	431.0	457.0	359.0
409.0	430.0	471.0	361.0
405.0	432.0	483.0	358.0
401.0	429.0	491.0	354.0
399.0	431.0	496.0	350.0
395.0	434.0	500.0	341.0
394.0	432.0	502.0	338.0
392.0	437.0	502.0	329.0
390.0	433.0	504.0	321.0
387.0	436.0	505.0	320.0
384.0	439.0	507.0	312.0
381.0	430.0	508.0	310.0
378.0	432.0	508.0	306.0
375.0	439.0	507.0	304.0
370.0	448.0	503.0	313.0
368.0	463.0	497.0	319.0
364.0	473.0	491.0	333.0
362.0	500.0	481.0	351.0
360.0	535.0	474.0	367.0
358.0	583.0	466.0	385.0
356.0	654.0	459.0	396.0
354.0	720.0	451.0	406.0
352.0	771.0	441.0	418.0
350.0	772.0	431.0	421.0
346.0	711.0	419.0	432.0
344.0	661.0	406.0	437.0
342.0	654.0	394.0	433.0
341.0	651.0	384.0	433.0
338.0	599.0	376.0	428.0
335.0	533.0	370.0	430.0
332.0	511.0	364.0	432.0
329.0	506.0	360.0	430.0
325.0	483.0	360.0	432.0
321.0	452.0	358.0	431.0
318.0	421.0	354.0	431.0
318.0	408.0	351.0	432.0
327.0	398.0	348.0	427.0
348.0	390.0	348.0	432.0
382.0	391.0	347.0	433.0
421.0	385.0	348.0	432.0
460.0	382.0	350.0	432.0
498.0	383.0	351.0	427.0
533.0	378.0	354.0	430.0
563.0	382.0	351.0	433.0
590.0	380.0	348.0	434.0
614.0	378.0	343.0	437.0
636.0	378.0	340.0	432.0
656.0	370.0	335.0	432.0
675.0	370.0	330.0	432.0
691.0	369.0	328.0	429.0
706.0	363.0	326.0	431.0
719.0	359.0	325.0	430.0
729.0	349.0	323.0	428.0
736.0	343.0	322.0	432.0
741.0	339.0	322.0	428.0
746.0	329.0	322.0	432.0
749.0	326.0	321.0	433.0
752.0	319.0	322.0	430.0
753.0	317.0	322.0	433.0
752.0	320.0	320.0	431.0
749.0	316.0	320.0	436.0
744.0	325.0	318.0	438.0
739.0	332.0	318.0	432.0
732.0	338.0	318.0	436.0
717.0	353.0	316.0	436.0
699.0	363.0	316.0	437.0
680.0	381.0	314.0	439.0
660.0	393.0	311.0	432.0
640.0	400.0	310.0	434.0
615.0	414.0	306.0	431.0
592.0	418.0	305.0	431.0
575.0	418.0	304.0	433.0
569.0	422.0	305.0	429.0
567.0	419.0	308.0	433.0
565.0	423.0	311.0	434.0
559.0	422.0	315.0	425.0
555.0	418.0	320.0	428.0
549.0	421.0	321.0	434.0
545.0	419.0	323.0	446.0
541.0	424.0	323.0	462.0
538.0	427.0	320.0	478.0
534.0	423.0	318.0	516.0
530.0	428.0	316.0	557.0
526.0	425.0	318.0	616.0
522.0	428.0	320.0	690.0
517.0	430.0	323.0	754.0
512.0	425.0	325.0	800.0
508.0	426.0	328.0	790.0
505.0	424.0	330.0	739.0
503.0	427.0	331.0	707.0
501.0	431.0	333.0	702.0
499.0	426.0	333.0	683.0
498.0	429.0	334.0	609.0
494.0	430.0	337.0	538.0
492.0	427.0	340.0	518.0
488.0	429.0	343.0	502.0
486.0	424.0	345.0	473.0
484.0	427.0	348.0	439.0
481.0	429.0	350.0	407.0
477.0	430.0	354.0	394.0
473.0	434.0	354.0	386.0
470.0	431.0	355.0	383.0
468.0	434.0	359.0	385.0
464.0	438.0	366.0	378.0
462.0	436.0	381.0	378.0
460.0	439.0	398.0	378.0
459.0	437.0	419.0	372.0
457.0	434.0	441.0	372.0
453.0	436.0	464.0	366.0
451.0	430.0	485.0	366.0
448.0	434.0	505.0	366.0
444.0	432.0	524.0	360.0
441.0	428.0	540.0	361.0
437.0	429.0	556.0	356.0
435.0	424.0	570.0	350.0
433.0	425.0	580.0	348.0
431.0	426.0	588.0	339.0
429.0	424.0	597.0	336.0
426.0	429.0	602.0	327.0
423.0	428.0	605.0	318.0
421.0	431.0	606.0	317.0
419.0	438.0	607.0	311.0
417.0	428.0	610.0	310.0
414.0	430.0	612.0	310.0
409.0	437.0	613.0	310.0
405.0	447.0	613.0	318.0
400.0	460.0	612.0	323.0
397.0	472.0	610.0	336.0
394.0	502.0	605.0	354.0
391.0	543.0	600.0	368.0
387.0	595.0	593.0	388.0
384.0	666.0	586.0	398.0
382.0	730.0	582.0	406.0
380.0	779.0	575.0	412.0
376.0	779.0	567.0	412.0
373.0	723.0	559.0	420.0
370.0	687.0	552.0	425.0
366.0	690.0	545.0	424.0
363.0	684.0	539.0	427.0
360.0	622.0	533.0	424.0
357.0	546.0	530.0	427.0
354.0	524.0	525.0	429.0
350.0	515.0	522.0	426.0
346.0	485.0	518.0	430.0
342.0	450.0	515.0	428.0
338.0	418.0	512.0	427.0
335.0	402.0	507.0	428.0
342.0	394.0	502.0	425.0
360.0	390.0	498.0	428.0
391.0	392.0	495.0	427.0
428.0	387.0	491.0	425.0
465.0	381.0	490.0	430.0
502.0	379.0	489.0	425.0
538.0	375.0	490.0	428.0
569.0	374.0	491.0	428.0
595.0	368.0	495.0	423.0
617.0	363.0	495.0	425.0
636.0	364.0	495.0	420.0
654.0	359.0	494.0	425.0
671.0	358.0	491.0	429.0
686.0	352.0	486.0	427.0
701.0	348.0	484.0	432.0
713.0	347.0	479.0	429.0
725.0	339.0	474.0	428.0
736.0	333.0	471.0	430.0
744.0	328.0	467.0	428.0
749.0	320.0	466.0	431.0
753.0	319.0	465.0	433.0
756.0	314.0	464.0	433.0
758.0	311.0	464.0	435.0
760.0	311.0	464.0	432.0
760.0	310.0	465.0	434.0
758.0	316.0	465.0	436.0
750.0	323.0	464.0	432.0
738.0	334.0	462.0	436.0
723.0	354.0	459.0	430.0
707.0	365.0	458.0	430.0
689.0	381.0	456.0	430.0
670.0	393.0	457.0	428.0
648.0	400.0	458.0	433.0
625.0	412.0	459.0	433.0
602.0	412.0	461.0	431.0
585.0	417.0	461.0	432.0
583.0	424.0	462.0	427.0
587.0	424.0	461.0	431.0
589.0	430.0	459.0	434.0
585.0	430.0	457.0	428.0
580.0	431.0	455.0	433.0
575.0	435.0	455.0	441.0
571.0	430.0	457.0	456.0
565.0	431.0	459.0	469.0
561.0	433.0	464.0	487.0
557.0	430.0	465.0	523.0
553.0	431.0	466.0	561.0
548.0	428.0	465.0	616.0
544.0	428.0	464.0	685.0
540.0	431.0	462.0	743.0
537.0	429.0	461.0	779.0
534.0	431.0	461.0	755.0
533.0	429.0	462.0	695.0
530.0	430.0	464.0	666.0
529.0	433.0	466.0	663.0
527.0	431.0	469.0	636.0
525.0	436.0	469.0	572.0
523.0	436.0	469.0	521.0
521.0	432.0	469.0	512.0
518.0	436.0	469.0	498.0
517.0	433.0	469.0	465.0
514.0	439.0	471.0	435.0
510.0	440.0	474.0	409.0
508.0	434.0	477.0	400.0
505.0	436.0	479.0	391.0
502.0	434.0	483.0	390.0
498.0	433.0	489.0	390.0
494.0	436.0	500.0	386.0
492.0	434.0	515.0	387.0
490.0	438.0	535.0	387.0
487.0	434.0	557.0	382.0
485.0	431.0	581.0	383.0
482.0	433.0	604.0	381.0
479.0	430.0	626.0	381.0
476.0	434.0	645.0	375.0
473.0	432.0	665.0	366.0
470.0	426.0	682.0	365.0
468.0	430.0	696.0	359.0
464.0	430.0	709.0	355.0
460.0	434.0	718.0	354.0
457.0	434.0	724.0	345.0
452.0	430.0	727.0	343.0
448.0	434.0	729.0	336.0
443.0	434.0	731.0	329.0
439.0	439.0	731.0	327.0
434.0	443.0	733.0	321.0
430.0	433.0	735.0	320.0
425.0	434.0	736.0	318.0
421.0	441.0	736.0	316.0
416.0	450.0	736.0	323.0
410.0	463.0	733.0	328.0
404.0	476.0	729.0	342.0
400.0	509.0	721.0	360.0
395.0	557.0	713.0	372.0
391.0	614.0	703.0	389.0
387.0	689.0	692.0	396.0
383.0	753.0	683.0	402.0
379.0	796.0	673.0	410.0
376.0	794.0	666.0	413.0
370.0	747.0	656.0	421.0
366.0	721.0	646.0	422.0
361.0	719.0	636.0	419.0
356.0	691.0	627.0	422.0
350.0	618.0	619.0	422.0
344.0	542.0	612.0	425.0
338.0	524.0	605.0	427.0
331.0	512.0	600.0	421.0
326.0	479.0	595.0	423.0
319.0	443.0	590.0	421.0
314.0	412.0	587.0	422.0
313.0	395.0	585.0	425.0
319.0	390.0	581.0	421.0
342.0	387.0	577.0	425.0
376.0	391.0	572.0	427.0
415.0	385.0	567.0	425.0
454.0	383.0	562.0	427.0
490.0	384.0	559.0	422.0
523.0	374.0	557.0	428.0
551.0	374.0	555.0	430.0
575.0	371.0	553.0	425.0
596.0	364.0	552.0	424.0
616.0	363.0	550.0	421.0
636.0	352.0	549.0	424.0
654.0	349.0	547.0	427.0
672.0	347.0	545.0	423.0
689.0	341.0	544.0	427.0
705.0	341.0	544.0	424.0
717.0	331.0	542.0	423.0
727.0	324.0	540.0	428.0
736.0	319.0	537.0	425.0
743.0	309.0	532.0	427.0
749.0	308.0	529.0	425.0
754.0	304.0	527.0	427.0
756.0	304.0	525.0	434.0
752.0	308.0	524.0	430.0
749.0	307.0	522.0	428.0
746.0	316.0	521.0	428.0
741.0	325.0	520.0	428.0
733.0	333.0	517.0	433.0
719.0	352.0	514.0	432.0
699.0	365.0	512.0	432.0
678.0	385.0	507.0	437.0
656.0	399.0	504.0	430.0
634.0	402.0	503.0	430.0
609.0	411.0	502.0	428.0
585.0	413.0	501.0	425.0
567.0	419.0	502.0	428.0
561.0	425.0	502.0	427.0
561.0	423.0	500.0	430.0
559.0	425.0	495.0	430.0
555.0	425.0	492.0	421.0
549.0	426.0	489.0	428.0
544.0	430.0	485.0	439.0
538.0	426.0	484.0	455.0
533.0	428.0	481.0	468.0
527.0	432.0	481.0	484.0
522.0	432.0	479.0	518.0
517.0	431.0	479.0	561.0
509.0	424.0	479.0	621.0
503.0	424.0	478.0	694.0
497.0	430.0	476.0	750.0
493.0	426.0	474.0	781.0
490.0	427.0	471.0	748.0
486.0	422.0	471.0	685.0
482.0	420.0	469.0	660.0
480.0	423.0	468.0	662.0
476.0	421.0	468.0	637.0
473.0	425.0	466.0	572.0
469.0	427.0	466.0	523.0
466.0	425.0	466.0	517.0
465.0	433.0	465.0	499.0
461.0	430.0	465.0	465.0
459.0	432.0	465.0	436.0
456.0	436.0	466.0	410.0
453.0	433.0	466.0	401.0
450.0	436.0	468.0	394.0
447.0	431.0	471.0	391.0
444.0	430.0	474.0	392.0
438.0	432.0	482.0	386.0
435.0	429.0	497.0	383.0
432.0	431.0	517.0	382.0
429.0	431.0	541.0	378.0
426.0	430.0	565.0	380.0
423.0	434.0	590.0	374.0
421.0	431.0	615.0	374.0
417.0	431.0	636.0	375.0
413.0	432.0	654.0	366.0
410.0	428.0	671.0	366.0
406.0	432.0	684.0	361.0
403.0	426.0	696.0	358.0
399.0	425.0	707.0	357.0
394.0	428.0	716.0	346.0
390.0	424.0	723.0	344.0
387.0	429.0	727.0	338.0
384.0	430.0	729.0	332.0
380.0	435.0	728.0	329.0
377.0	440.0	729.0	320.0
373.0	431.0	730.0	319.0
369.0	434.0	729.0	319.0
366.0	440.0	728.0	313.0
363.0	450.0	726.0	320.0
360.0	467.0	723.0	329.0
356.0	482.0	719.0	342.0
352.0	514.0	716.0	359.0
348.0	559.0	711.0	370.0
345.0	614.0	706.0	387.0
341.0	685.0	698.0	399.0
338.0	744.0	692.0	408.0
335.0	777.0	682.0	417.0
331.0	757.0	669.0	417.0
330.0	695.0	655.0	423.0
327.0	669.0	638.0	425.0
326.0	672.0	622.0	428.0
323.0	646.0	609.0	433.0
321.0	581.0	600.0	429.0
319.0	525.0	595.0	430.0
317.0	514.0	592.0	431.0
314.0	502.0	588.0	428.0
310.0	468.0	587.0	430.0
306.0	439.0	585.0	428.0
303.0	414.0	582.0	429.0
307.0	401.0	577.0	433.0
324.0	396.0	573.0	429.0
356.0	390.0	570.0	432.0
396.0	393.0	565.0	432.0
440.0	388.0	562.0	432.0
483.0	384.0	560.0	436.0
522.0	382.0	559.0	429.0
557.0	374.0	559.0	429.0
585.0	377.0	557.0	431.0
611.0	377.0	555.0	432.0
636.0	375.0	553.0	436.0
657.0	374.0	550.0	432.0
676.0	366.0	547.0	432.0
695.0	361.0	542.0	434.0
709.0	358.0	539.0	432.0
725.0	353.0	535.0	435.0
737.0	353.0	531.0	431.0
748.0	347.0	530.0	427.0
757.0	342.0	529.0	430.0
766.0	340.0	527.0	429.0
772.0	328.0	525.0	431.0
777.0	326.0	522.0	430.0
780.0	323.0	517.0	428.0
781.0	319.0	514.0	434.0
778.0	321.0	512.0	431.0
773.0	318.0	510.0	434.0
767.0	321.0	505.0	434.0
757.0	329.0	503.0	428.0
746.0	334.0	500.0	431.0
730.0	353.0	499.0	430.0
710.0	367.0	498.0	432.0
688.0	383.0	496.0	434.0
668.0	395.0	495.0	431.0
646.0	400.0	495.0	436.0
624.0	413.0	493.0	436.0
600.0	420.0	492.0	434.0
579.0	423.0	491.0	438.0
567.0	430.0	490.0	434.0
566.0	427.0	487.0	438.0
567.0	429.0	485.0	438.0
565.0	431.0	483.0	428.0
561.0	430.0	481.0	434.0
557.0	433.0	481.0	442.0
551.0	428.0	478.0	456.0
544.0	431.0	474.0	473.0
538.0	434.0	471.0	492.0
531.0	429.0	469.0	529.0
525.0	429.0	466.0	574.0
517.0	424.0	464.0	637.0
512.0	423.0	463.0	710.0
506.0	425.0	462.0	768.0
501.0	422.0	462.0	795.0
498.0	428.0	461.0	762.0
494.0	430.0	464.0	707.0
492.0	429.0	463.0	695.0
489.0	434.0	461.0	697.0
486.0	428.0	459.0	659.0
484.0	430.0	455.0	581.0
481.0	431.0	452.0	529.0
477.0	430.0	449.0	521.0
473.0	436.0	449.0	501.0
470.0	432.0	449.0	466.0
468.0	431.0	449.0	437.0
465.0	433.0	451.0	410.0
462.0	430.0	449.0	400.0
460.0	434.0	449.0	392.0
456.0	430.0	449.0	390.0
452.0	428.0	452.0	393.0
447.0	429.0	459.0	386.0
441.0	425.0	471.0	383.0
437.0	428.0	488.0	382.0
434.0	428.0	510.0	376.0
431.0	427.0	532.0	374.0
427.0	430.0	554.0	366.0
425.0	429.0	575.0	363.0
423.0	430.0	595.0	364.0
419.0	433.0	612.0	359.0
417.0	433.0	628.0	360.0
415.0	438.0	642.0	353.0
411.0	434.0	653.0	348.0
406.0	436.0	663.0	347.0
401.0	440.0	672.0	340.0
397.0	438.0	677.0	334.0
395.0	440.0	681.0	325.0
391.0	436.0	683.0	318.0
388.0	434.0	684.0	316.0
384.0	436.0	683.0	310.0
380.0	425.0	681.0	311.0
377.0	428.0	677.0	312.0
373.0	439.0	673.0	308.0
370.0	448.0	670.0	315.0
366.0	467.0	666.0	322.0
363.0	484.0	663.0	338.0
361.0	515.0	658.0	358.0
358.0	559.0	653.0	371.0
356.0	617.0	648.0	390.0
353.0	691.0	643.0	400.0
350.0	753.0	634.0	412.0
347.0	779.0	623.0	424.0
344.0	749.0	612.0	425.0
342.0	683.0	598.0	429.0
340.0	661.0	586.0	431.0
337.0	665.0	575.0	431.0
334.0	633.0	564.0	436.0
331.0	570.0	555.0	431.0
329.0	521.0	549.0	430.0
327.0	513.0	544.0	431.0
324.0	499.0	539.0	425.0
320.0	465.0	535.0	429.0
316.0	436.0	532.0	427.0
314.0	412.0	532.0	423.0
317.0	401.0	529.0	425.0
334.0	397.0	525.0	422.0
364.0	392.0	522.0	425.0
403.0	394.0	518.0	426.0
444.0	392.0	515.0	423.0
485.0	387.0	512.0	430.0
524.0	389.0	509.0	428.0
559.0	385.0	507.0	433.0
589.0	386.0	502.0	439.0
614.0	385.0	500.0	438.0
638.0	379.0	496.0	442.0
660.0	381.0	494.0	438.0
679.0	373.0	491.0	436.0
698.0	370.0	489.0	438.0
713.0	367.0	485.0	432.0
729.0	360.0	484.0	435.0
741.0	359.0	481.0	431.0
752.0	353.0	479.0	430.0
760.0	347.0	475.0	432.0
768.0	342.0	472.0	428.0
772.0	329.0	469.0	428.0
777.0	328.0	465.0	428.0
781.0	325.0	463.0	425.0
778.0	322.0	461.0	429.0
774.0	325.0	459.0	425.0
769.0	323.0	459.0	429.0
763.0	329.0	459.0	433.0
754.0	338.0	459.0	431.0
744.0	346.0	459.0	434.0
730.0	364.0	459.0	432.0
712.0	379.0	459.0	435.0
691.0	393.0	457.0	439.0
668.0	405.0	455.0	435.0
642.0	409.0	452.0	435.0
616.0	420.0	451.0	432.0
592.0	426.0	449.0	430.0
575.0	429.0	449.0	435.0
571.0	430.0	449.0	429.0
573.0	424.0	451.0	432.0
573.0	429.0	451.0	430.0
568.0	433.0	454.0	422.0
564.0	431.0	455.0	430.0
561.0	435.0	455.0	438.0
557.0	429.0	454.0	453.0
552.0	431.0	454.0	470.0
546.0	434.0	455.0	491.0
541.0	432.0	457.0	529.0
537.0	434.0	459.0	578.0
531.0	431.0	463.0	643.0
525.0	431.0	466.0	720.0
521.0	435.0	469.0	775.0
515.0	429.0	471.0	795.0
512.0	430.0	472.0	759.0
508.0	428.0	471.0	713.0
506.0	429.0	469.0	707.0
503.0	437.0	468.0	703.0
500.0	436.0	466.0	651.0
498.0	436.0	464.0	569.0
495.0	436.0	464.0	518.0
492.0	431.0	464.0	511.0
488.0	431.0	466.0	492.0
484.0	428.0	468.0	454.0
480.0	429.0	469.0	422.0
476.0	434.0	469.0	398.0
475.0	431.0	471.0	390.0
472.0	433.0	471.0	385.0
468.0	431.0	475.0	382.0
466.0	431.0	482.0	382.0
462.0	436.0	495.0	378.0
460.0	430.0	513.0	380.0
457.0	431.0	537.0	378.0
454.0	431.0	564.0	372.0
451.0	429.0	588.0	372.0
448.0	432.0	609.0	366.0
444.0	428.0	627.0	363.0
440.0	429.0	643.0	363.0
437.0	432.0	658.0	358.0
434.0	430.0	671.0	359.0
432.0	435.0	684.0	351.0
429.0	431.0	698.0	344.0
427.0	430.0	709.0	341.0
424.0	434.0	721.0	333.0
421.0	433.0	731.0	329.0
418.0	434.0	737.0	322.0
415.0	433.0	743.0	314.0
411.0	434.0	747.0	314.0
407.0	435.0	749.0	307.0
403.0	423.0	749.0	304.0
400.0	427.0	747.0	307.0
395.0	439.0	745.0	307.0
392.0	449.0	741.0	316.0
388.0	465.0	737.0	321.0
385.0	485.0	734.0	336.0
383.0	519.0	728.0	358.0
379.0	570.0	723.0	373.0
377.0	631.0	717.0	394.0
374.0	702.0	711.0	405.0
370.0	760.0	706.0	410.0
367.0	783.0	698.0	417.0
364.0	754.0	690.0	416.0
360.0	693.0	681.0	422.0
358.0	679.0	672.0	428.0
354.0	690.0	663.0	427.0
352.0	653.0	656.0	433.0
350.0	580.0	649.0	431.0
348.0	526.0	646.0	433.0
345.0	516.0	643.0	434.0
341.0	501.0	638.0	428.0
336.0	461.0	634.0	431.0
330.0	430.0	632.0	429.0
326.0	405.0	631.0	427.0
326.0	393.0	629.0	430.0
338.0	392.0	626.0	427.0
365.0	389.0	623.0	428.0
404.0	391.0	619.0	429.0
445.0	387.0	615.0	429.0
486.0	382.0	612.0	434.0
524.0	384.0	609.0	430.0
559.0	381.0	607.0	430.0
589.0	376.0	606.0	428.0
611.0	372.0	607.0	422.0
632.0	365.0	607.0	429.0
650.0	368.0	607.0	429.0
668.0	363.0	606.0	429.0
687.0	359.0	603.0	430.0
703.0	354.0	598.0	425.0
719.0	343.0	595.0	428.0
734.0	343.0	592.0	427.0
746.0	339.0	590.0	425.0
758.0	331.0	588.0	428.0
768.0	328.0	585.0	429.0
774.0	319.0	582.0	432.0
778.0	315.0	580.0	432.0
778.0	311.0	577.0	427.0
778.0	307.0	575.0	430.0
774.0	309.0	572.0	428.0
770.0	311.0	571.0	430.0
766.0	319.0	568.0	431.0
758.0	333.0	565.0	429.0
746.0	347.0	563.0	434.0
734.0	367.0	560.0	430.0
719.0	377.0	559.0	430.0
699.0	392.0	557.0	432.0
676.0	408.0	556.0	429.0
652.0	414.0	555.0	433.0
627.0	421.0	555.0	433.0
604.0	422.0	557.0	430.0
593.0	423.0	557.0	434.0
592.0	428.0	556.0	429.0
591.0	426.0	555.0	432.0
588.0	429.0	552.0	430.0
581.0	431.0	552.0	426.0
577.0	428.0	548.0	438.0
573.0	433.0	545.0	449.0
569.0	430.0	542.0	462.0
565.0	431.0	539.0	481.0
561.0	433.0	537.0	501.0
557.0	427.0	536.0	537.0
553.0	429.0	535.0	583.0
549.0	428.0	535.0	646.0
544.0	429.0	535.0	719.0
540.0	433.0	535.0	769.0
536.0	430.0	535.0	779.0
533.0	432.0	532.0	730.0
529.0	434.0	532.0	675.0
525.0	431.0	530.0	670.0
522.0	434.0	529.0	665.0
519.0	429.0	529.0	614.0
517.0	431.0	529.0	550.0
514.0	433.0	531.0	516.0
512.0	430.0	531.0	511.0
510.0	432.0	529.0	488.0
508.0	429.0	527.0	453.0
505.0	428.0	522.0	427.0
501.0	431.0	518.0	404.0
498.0	428.0	515.0	398.0
495.0	431.0	512.0	393.0
492.0	430.0	515.0	391.0
489.0	429.0	522.0	392.0
486.0	432.0	537.0	386.0
482.0	431.0	558.0	386.0
480.0	436.0	582.0	388.0
476.0	438.0	608.0	387.0
473.0	433.0	632.0	390.0
470.0	435.0	654.0	382.0
466.0	431.0	673.0	378.0
462.0	433.0	687.0	378.0
457.0	436.0	701.0	373.0
453.0	433.0	712.0	370.0
449.0	436.0	723.0	365.0
444.0	435.0	734.0	358.0
439.0	435.0	744.0	358.0
435.0	438.0	753.0	348.0
430.0	434.0	762.0	343.0
425.0	436.0	767.0	337.0
421.0	440.0	771.0	329.0
417.0	440.0	772.0	329.0
413.0	439.0	772.0	323.0
409.0	430.0	771.0	321.0
404.0	436.0	770.0	321.0
400.0	448.0	770.0	321.0
395.0	456.0	770.0	331.0
392.0	474.0	769.0	340.0
388.0	493.0	767.0	356.0
384.0	529.0	763.0	375.0
378.0	581.0	757.0	385.0
373.0	645.0	748.0	399.0
369.0	720.0	738.0	408.0
364.0	775.0	728.0	414.0
361.0	793.0	718.0	421.0
357.0	765.0	706.0	422.0
354.0	720.0	696.0	425.0
351.0	716.0	686.0	427.0
347.0	716.0	678.0	422.0
344.0	659.0	671.0	427.0
340.0	581.0	663.0	427.0
335.0	530.0	656.0	428.0
329.0	519.0	651.0	430.0
322.0	499.0	646.0	426.0
317.0	457.0	640.0	429.0
311.0	427.0	635.0	427.0
308.0	404.0	632.0	428.0
311.0	390.0	629.0	433.0
325.0	387.0	629.0	430.0
354.0	382.0	628.0	430.0
394.0	382.0	626.0	432.0
435.0	378.0	626.0	430.0
476.0	373.0	622.0	434.0
514.0	376.0	619.0	430.0
548.0	373.0	615.0	430.0
578.0	373.0	612.0	432.0
603.0	373.0	610.0	429.0
624.0	367.0	607.0	431.0
645.0	367.0	606.0	430.0
665.0	359.0	606.0	430.0
684.0	355.0	605.0	434.0
700.0	354.0	604.0	431.0
715.0	347.0	602.0	434.0
729.0	344.0	598.0	436.0
741.0	334.0	596.0	434.0
752.0	324.0	593.0	436.0
761.0	321.0	592.0	432.0
771.0	311.0	590.0	436.0
778.0	308.0	590.0	439.0
780.0	305.0	588.0	434.0
780.0	300.0	588.0	437.0
778.0	304.0	588.0	431.0
773.0	306.0	587.0	430.0
766.0	316.0	586.0	430.0
758.0	329.0	585.0	427.0
745.0	341.0	582.0	432.0
727.0	361.0	578.0	430.0
707.0	380.0	575.0	428.0
686.0	393.0	572.0	430.0
661.0	407.0	570.0	427.0
638.0	408.0	570.0	428.0
614.0	419.0	570.0	428.0
590.0	421.0	571.0	425.0
577.0	421.0	572.0	427.0
577.0	425.0	573.0	427.0
577.0	423.0	575.0	434.0
575.0	425.0	575.0	434.0
569.0	429.0	575.0	429.0
563.0	426.0	575.0	438.0
557.0	429.0	573.0	449.0
549.0	429.0	573.0	458.0
541.0	430.0	573.0	476.0
534.0	432.0	572.0	500.0
529.0	429.0	570.0	542.0
522.0	431.0	566.0	594.0
514.0	428.0	563.0	658.0
506.0	427.0	560.0	730.0
498.0	432.0	556.0	774.0
493.0	429.0	553.0	772.0
489.0	430.0	550.0	715.0
484.0	430.0	550.0	663.0
480.0	428.0	549.0	665.0
476.0	431.0	547.0	659.0
473.0	429.0	547.0	605.0
470.0	430.0	547.0	542.0
467.0	432.0	547.0	515.0
465.0	428.0	546.0	511.0
462.0	435.0	544.0	485.0
459.0	433.0	544.0	446.0
456.0	431.0	542.0	417.0
452.0	433.0	542.0	395.0
449.0	430.0	541.0	392.0
446.0	433.0	540.0	392.0
444.0	431.0	544.0	390.0
441.0	427.0	550.0	390.0
439.0	430.0	563.0	385.0
436.0	428.0	582.0	385.0
433.0	431.0	605.0	385.0
429.0	434.0	629.0	378.0
427.0	432.0	653.0	382.0
424.0	437.0	676.0	378.0
421.0	434.0	696.0	378.0
419.0	434.0	714.0	376.0
415.0	439.0	731.0	366.0
411.0	434.0	746.0	364.0
407.0	436.0	758.0	360.0
403.0	433.0	771.0	354.0
400.0	435.0	779.0	353.0
395.0	438.0	786.0	341.0
392.0	432.0	792.0	334.0
388.0	436.0	795.0	328.0
386.0	439.0	799.0	322.0
384.0	438.0	800.0	323.0
379.0	438.0	799.0	318.0
376.0	430.0	797.0	316.0
373.0	436.0	797.0	320.0
368.0	451.0	794.0	320.0
365.0	460.0	791.0	329.0
361.0	478.0	786.0	340.0
356.0	501.0	781.0	356.0
354.0	537.0	774.0	375.0
350.0	591.0	767.0	383.0
348.0	654.0	757.0	396.0
346.0	724.0	746.0	405.0
343.0	773.0	734.0	410.0
340.0	773.0	721.0	418.0
335.0	728.0	709.0	418.0
332.0	675.0	698.0	423.0
330.0	672.0	686.0	426.0
327.0	671.0	676.0	421.0
327.0	616.0	666.0	425.0
324.0	551.0	659.0	425.0
321.0	518.0	653.0	425.0
319.0	510.0	646.0	427.0
314.0	490.0	640.0	422.0
311.0	450.0	636.0	427.0
309.0	424.0	631.0	428.0
309.0	406.0	627.0	427.0
319.0	396.0	626.0	430.0
344.0	398.0	626.0	428.0
382.0	392.0	624.0	430.0
427.0	390.0	622.0	430.0
471.0	386.0	618.0	425.0
514.0	384.0	615.0	428.0
552.0	389.0	612.0	428.0
585.0	385.0	610.0	429.0
614.0	384.0	605.0	430.0
640.0	384.0	604.0	423.0
664.0	378.0	602.0	427.0
687.0	380.0	600.0	427.0
707.0	377.0	598.0	428.0
725.0	372.0	595.0	429.0
742.0	369.0	590.0	427.0
756.0	358.0	586.0	430.0
768.0	354.0	582.0	431.0
774.0	350.0	578.0	428.0
782.0	341.0	575.0	431.0
788.0	336.0	572.0	430.0
792.0	323.0	569.0	433.0
796.0	319.0	565.0	433.0
798.0	318.0	564.0	430.0
798.0	312.0	561.0	436.0
794.0	318.0	560.0	435.0
789.0	321.0	559.0	434.0
783.0	329.0	555.0	433.0
770.0	342.0	553.0	428.0
753.0	349.0	550.0	431.0
736.0	365.0	546.0	431.0
716.0	380.0	544.0	432.0
696.0	393.0	539.0	434.0
674.0	407.0	536.0	431.0
648.0	410.0	533.0	435.0
624.0	418.0	532.0	435.0
600.0	423.0	532.0	430.0
590.0	421.0	531.0	430.0
587.0	425.0	530.0	428.0
587.0	423.0	529.0	432.0
583.0	426.0	525.0	432.0
577.0	429.0	524.0	427.0
571.0	428.0	522.0	438.0
564.0	430.0	520.0	448.0
557.0	427.0	518.0	459.0
549.0	429.0	517.0	480.0
542.0	435.0	517.0	503.0
534.0	432.0	517.0	546.0
527.0	433.0	517.0	602.0
519.0	431.0	515.0	673.0
512.0	429.0	513.0	745.0
506.0	434.0	512.0	786.0
500.0	432.0	511.0	779.0
496.0	431.0	510.0	730.0
492.0	431.0	509.0	692.0
488.0	426.0	510.0	703.0
484.0	429.0	508.0	686.0
482.0	424.0	508.0	613.0
480.0	426.0	507.0	544.0
477.0	431.0	507.0	517.0
476.0	427.0	507.0	512.0
473.0	431.0	505.0	479.0
469.0	432.0	505.0	438.0
466.0	430.0	507.0	412.0
462.0	432.0	507.0	391.0
457.0	428.0	508.0	385.0
453.0	431.0	508.0	382.0
448.0	432.0	510.0	381.0
444.0	425.0	514.0	383.0
439.0	428.0	522.0	378.0
435.0	425.0	537.0	379.0
432.0	428.0	557.0	380.0
428.0	432.0	580.0	373.0
425.0	430.0	603.0	376.0
422.0	431.0	626.0	371.0
420.0	429.0	648.0	369.0
417.0	425.0	668.0	368.0
415.0	430.0	688.0	357.0
411.0	427.0	706.0	353.0
408.0	430.0	718.0	346.0
404.0	431.0	731.0	341.0
401.0	430.0	741.0	339.0
396.0	436.0	748.0	328.0
392.0	433.0	753.0	321.0
388.0	433.0	757.0	316.0
384.0	438.0	758.0	308.0
382.0	436.0	759.0	307.0
379.0	434.0	758.0	301.0
376.0	424.0	757.0	301.0
374.0	427.0	757.0	307.0
371.0	442.0	755.0	309.0
368.0	453.0	753.0	320.0
364.0	471.0	751.0	331.0
360.0	493.0	746.0	348.0
357.0	527.0	741.0	370.0
354.0	584.0	734.0	381.0
352.0	649.0	726.0	396.0
350.0	718.0	716.0	406.0
346.0	768.0	706.0	409.0
344.0	762.0	694.0	418.0
342.0	711.0	683.0	421.0
340.0	656.0	673.0	427.0
339.0	656.0	663.0	430.0
336.0	655.0	656.0	424.0
334.0	599.0	650.0	426.0
331.0	540.0	646.0	422.0
329.0	513.0	641.0	425.0
327.0	502.0	636.0	428.0
323.0	481.0	632.0	421.0
319.0	444.0	626.0	422.0
316.0	420.0	621.0	420.0
314.0	400.0	615.0	421.0
322.0	391.0	609.0	423.0
346.0	392.0	605.0	419.0
383.0	388.0	605.0	419.0
427.0	385.0	602.0	420.0
470.0	382.0	603.0	418.0
513.0	376.0	602.0	422.0
551.0	380.0	602.0	421.0
585.0	378.0	602.0	423.0
614.0	376.0	600.0	426.0
638.0	379.0	598.0	423.0
661.0	372.0	597.0	428.0
681.0	373.0	597.0	428.0
701.0	369.0	596.0	425.0
717.0	363.0	595.0	430.0
733.0	364.0	592.0	427.0
746.0	356.0	588.0	428.0
758.0	352.0	585.0	430.0
768.0	347.0	580.0	427.0
776.0	337.0	575.0	430.0
782.0	334.0	570.0	427.0
787.0	328.0	562.0	425.0
792.0	324.0	556.0	427.0
794.0	320.0	552.0	423.0
794.0	311.0	549.0	428.0
791.0	314.0	547.0	429.0
782.0	317.0	547.0	428.0
772.0	322.0	547.0	428.0
760.0	334.0	547.0	424.0
746.0	344.0	547.0	430.0
730.0	364.0	547.0	432.0
713.0	379.0	545.0	430.0
695.0	388.0	542.0	433.0
671.0	402.0	539.0	430.0
644.0	409.0	536.0	430.0
619.0	416.0	532.0	431.0
598.0	419.0	532.0	430.0
588.0	419.0	530.0	432.0
585.0	424.0	530.0	432.0
585.0	422.0	532.0	431.0
581.0	423.0	532.0	428.0
578.0	427.0	532.0	425.0
575.0	422.0	530.0	438.0
571.0	425.0	527.0	448.0
565.0	424.0	527.0	457.0
560.0	423.0	527.0	477.0
555.0	428.0	527.0	502.0
549.0	422.0	527.0	549.0
543.0	424.0	527.0	613.0
537.0	425.0	527.0	682.0
530.0	423.0	529.0	751.0
526.0	427.0	531.0	787.0
522.0	423.0	532.0	777.0
518.0	424.0	532.0	730.0
515.0	428.0	532.0	700.0
512.0	424.0	530.0	712.0
509.0	426.0	527.0	688.0
506.0	424.0	525.0	611.0
504.0	426.0	522.0	547.0
501.0	431.0	520.0	521.0
498.0	427.0	518.0	514.0
495.0	424.0	517.0	482.0
492.0	424.0	518.0	440.0
488.0	421.0	520.0	415.0
485.0	427.0	522.0	393.0
482.0	425.0	522.0	386.0
480.0	428.0	524.0	383.0
476.0	430.0	525.0	379.0
473.0	426.0	532.0	381.0
469.0	429.0	542.0	376.0
465.0	426.0	560.0	375.0
461.0	426.0	581.0	373.0
457.0	429.0	605.0	366.0
455.0	424.0	630.0	369.0
452.0	428.0	653.0	367.0
450.0	428.0	676.0	365.0
448.0	428.0	694.0	367.0
444.0	430.0	711.0	362.0
441.0	425.0	726.0	361.0
437.0	428.0	737.0	356.0
433.0	430.0	748.0	347.0
431.0	428.0	756.0	344.0
427.0	434.0	763.0	334.0
423.0	428.0	767.0	328.0
420.0	428.0	772.0	322.0
417.0	433.0	777.0	311.0
413.0	430.0	779.0	307.0
411.0	429.0	783.0	300.0
409.0	426.0	787.0	301.0
407.0	433.0	789.0	308.0
403.0	447.0	789.0	311.0
400.0	451.0	789.0	323.0
397.0	470.0	787.0	334.0
394.0	496.0	782.0	349.0
391.0	536.0	776.0	370.0
388.0	596.0	769.0	384.0
385.0	661.0	762.0	399.0
384.0	730.0	755.0	409.0
381.0	776.0	747.0	413.0
379.0	769.0	737.0	423.0
377.0	724.0	726.0	424.0
375.0	685.0	714.0	425.0
372.0	691.0	703.0	427.0
369.0	687.0	694.0	427.0
366.0	616.0	686.0	432.0
364.0	548.0	679.0	430.0
361.0	521.0	676.0	430.0
357.0	510.0	672.0	431.0
352.0	486.0	669.0	424.0
347.0	442.0	668.0	426.0
342.0	415.0	665.0	427.0
338.0	399.0	661.0	425.0
344.0	388.0	656.0	429.0
362.0	391.0	653.0	425.0
395.0	388.0	648.0	426.0
436.0	384.0	644.0	428.0
477.0	381.0	641.0	428.0
517.0	374.0	638.0	433.0
555.0	378.0	636.0	431.0
589.0	376.0	632.0	430.0
616.0	373.0	629.0	430.0
639.0	374.0	627.0	428.0
660.0	368.0	626.0	431.0
679.0	368.0	625.0	432.0
697.0	364.0	623.0	431.0
713.0	354.0	622.0	433.0
730.0	349.0	620.0	430.0
745.0	339.0	617.0	432.0
759.0	338.0	614.0	432.0
771.0	333.0	612.0	428.0
781.0	322.0	608.0	433.0
789.0	320.0	606.0	433.0
795.0	314.0	605.0	434.0
799.0	312.0	602.0	435.0
800.0	312.0	602.0	429.0
799.0	307.0	598.0	432.0
796.0	311.0	597.0	432.0
790.0	316.0	595.0	432.0
782.0	325.0	592.0	431.0
771.0	342.0	588.0	429.0
760.0	354.0	585.0	433.0
744.0	376.0	580.0	433.0
724.0	394.0	577.0	430.0
704.0	404.0	575.0	432.0
680.0	414.0	575.0	429.0
656.0	413.0	575.0	429.0
630.0	417.0	573.0	431.0
610.0	423.0	573.0	427.0
399.0	436.0	573.0	430.0
395.0	436.0	571.0	431.0
391.0	443.0	570.0	432.0
384.0	452.0	567.0	433.0
379.0	459.0	564.0	433.0
374.0	489.0	560.0	444.0
370.0	528.0	557.0	457.0
367.0	574.0	556.0	471.0
364.0	644.0	555.0	496.0
360.0	714.0	553.0	524.0
356.0	778.0	555.0	569.0
352.0	800.0	555.0	630.0
348.0	763.0	555.0	696.0
344.0	719.0	555.0	759.0
339.0	705.0	553.0	784.0
335.0	706.0	552.0	756.0
330.0	658.0	548.0	705.0
326.0	572.0	545.0	678.0
322.0	530.0	542.0	686.0
319.0	516.0	541.0	654.0
314.0	495.0	540.0	578.0
310.0	462.0	540.0	529.0
304.0	426.0	539.0	512.0
300.0	406.0	536.0	502.0
302.0	392.0	441.0	434.0
316.0	385.0	439.0	436.0
343.0	387.0	436.0	436.0
378.0	382.0	434.0	435.0
413.0	380.0	428.0	439.0
447.0	379.0	423.0	433.0
477.0	375.0	418.0	434.0
506.0	378.0	414.0	432.0
530.0	371.0	411.0	428.0
551.0	368.0	409.0	431.0
570.0	368.0	409.0	429.0
590.0	360.0	409.0	430.0
608.0	359.0	408.0	428.0
625.0	352.0	408.0	425.0
641.0	347.0	405.0	431.0
655.0	347.0	401.0	432.0
670.0	336.0	398.0	433.0
683.0	332.0	394.0	437.0
692.0	328.0	389.0	436.0
700.0	319.0	386.0	438.0
705.0	317.0	384.0	434.0
709.0	311.0	384.0	433.0
712.0	309.0	383.0	436.0
715.0	310.0	384.0	433.0
714.0	307.0	382.0	436.0
709.0	314.0	380.0	437.0
701.0	320.0	376.0	433.0
692.0	327.0	372.0	434.0
681.0	341.0	369.0	429.0
667.0	353.0	366.0	430.0
650.0	374.0	364.0	433.0
632.0	392.0	364.0	430.0
611.0	401.0	365.0	433.0
587.0	413.0	365.0	431.0
563.0	414.0	367.0	433.0
543.0	420.0	366.0	438.0
533.0	424.0	365.0	436.0
533.0	424.0	364.0	440.0
535.0	431.0	360.0	441.0
533.0	429.0	358.0	434.0
529.0	428.0	354.0	435.0
522.0	431.0	350.0	438.0
517.0	425.0	350.0	451.0
512.0	427.0	348.0	465.0
507.0	426.0	348.0	480.0
504.0	426.0	350.0	510.0
500.0	430.0	350.0	541.0
496.0	426.0	350.0	591.0
491.0	428.0	350.0	658.0
485.0	429.0	350.0	722.0
480.0	429.0	350.0	778.0
476.0	435.0	348.0	780.0
472.0	432.0	345.0	725.0
469.0	434.0	343.0	679.0
466.0	434.0	340.0	671.0
465.0	430.0	338.0	678.0
462.0	436.0	336.0	629.0
462.0	434.0	334.0	559.0
461.0	431.0	333.0	532.0
460.0	433.0	331.0	517.0
457.0	428.0	331.0	492.0
456.0	433.0	330.0	458.0
452.0	432.0	331.0	425.0
449.0	430.0	330.0	409.0
445.0	430.0	330.0	399.0
441.0	425.0	330.0	393.0
438.0	428.0	331.0	398.0
435.0	431.0	335.0	392.0
433.0	429.0	344.0	393.0
430.0	435.0	359.0	389.0
427.0	431.0	377.0	386.0
425.0	431.0	399.0	389.0
422.0	436.0	421.0	385.0
421.0	436.0	444.0	382.0
418.0	442.0	464.0	381.0
415.0	440.0	484.0	375.0
411.0	436.0	500.0	376.0
407.0	437.0	513.0	370.0
403.0	433.0	527.0	367.0
400.0	434.0	537.0	365.0
395.0	436.0	545.0	356.0
392.0	432.0	552.0	352.0
388.0	436.0	557.0	344.0
385.0	430.0	562.0	336.0
383.0	428.0	565.0	333.0
380.0	432.0	567.0	324.0
379.0	424.0	570.0	322.0
376.0	425.0	570.0	319.0
374.0	429.0	567.0	318.0
372.0	442.0	564.0	324.0
369.0	461.0	560.0	329.0
366.0	474.0	555.0	339.0
363.0	499.0	550.0	356.0
359.0	530.0	545.0	369.0
355.0	579.0	539.0	388.0
351.0	650.0	530.0	396.0
346.0	714.0	521.0	406.0
343.0	769.0	510.0	418.0
340.0	777.0	496.0	420.0
338.0	726.0	485.0	428.0
