System ID	Database ID	Patient Number	Surname	First Name	Sex	Date Of Birth	Patient ID	Patient Code	Patient Notes	SP	DP	MP	DATA_REV	DATETIME	MEDICATION	NOTES	OPERATOR	INTERPRETATION	HEIGHT	WEIGHT	BODY_MASS_INDEX	SAMPLE_RATE	SIMULATION	Tonometer Serial Number	SUB_TYPE	Inconclusive	Reference Age	PPAmpRatio	P_MAX_DPDT	ED	CalcED	QUALITY_ED	P_QC_PH	P_QC_PHV	P_QC_PLV	P_QC_DV	P_QC_SDEV	Operator Index	P_SP	P_DP	P_MEANP	P_T1	P_T2	P_AI	P_CalcT1	P_CalcT2	P_ESP	P_P1	P_P2	P_T1ED	P_T2ED	P_QUALITY_T1	P_QUALITY_T2	C_AP	C_AP_HR75	C_MPS	C_MPD	C_TTI	C_DTI	C_SVI	C_AL	C_ATI	HR	C_PERIOD	C_DD	C_ED_PERIOD	C_DD_PERIOD	C_PH	C_AGPH	C_AGPH_HR75	C_P1_HEIGHT	C_T1R	C_SP	C_DP	C_MEANP	C_T1	C_T2	C_AI	C_CalcT1	C_CalcT2	C_ESP	C_P1	C_P2	C_T1ED	C_T2ED	C_QUALITY_T1	C_QUALITY_T2
00050	DATA	314	McBryde	Andrew	MALE	14/05/1978	1234	code	Healthy	120	80	0	130	30/01/2009 16:15:05	None	Visit Number 1	Dr Seuss		172	77	26.03	128	Yes	0	RADIAL	No	72	113	621	333	333	0	400	0	0	0	1	100	120	80	96	110	206	95	110	206	101	120	118	33	62	0	0	13	10	106	91	2235	3540	158	17	91	63	945	612	35	65	35	36	30	23	138	116	81	96	102	239	156	102	239	108	103	116	30	72	1	1

PeriphSignal 	 CentralSignal 	 PeriphPulse 	 CentralPulse 
779.0	650.0	80.0	80.8
776.0	646.0	81.49	81.57
775.0	641.0	83.88	82.83
774.0	636.0	87.23	84.59
774.0	631.0	91.36	86.8
775.0	626.0	96.02	89.31
776.0	620.0	100.86	91.94
776.0	615.0	105.51	94.49
777.0	609.0	109.69	96.8
776.0	603.0	113.18	98.76
774.0	598.0	115.9	100.34
770.0	592.0	117.83	101.59
765.0	587.0	119.09	102.58
758.0	582.0	119.78	103.38
748.0	577.0	120.0	104.09
736.0	572.0	119.88	104.79
722.0	567.0	119.59	105.51
706.0	562.0	119.16	106.31
689.0	557.0	118.7	107.19
672.0	552.0	118.32	108.15
657.0	547.0	118.02	109.17
642.0	542.0	117.8	110.21
629.0	538.0	117.7	111.24
619.0	534.0	117.69	112.2
611.0	530.0	117.71	113.08
606.0	526.0	117.77	113.85
603.0	522.0	117.82	114.52
601.0	518.0	117.8	115.07
601.0	514.0	117.69	115.52
602.0	510.0	117.48	115.83
602.0	506.0	117.11	116.01
603.0	502.0	116.55	116.04
603.0	498.0	115.79	115.9
603.0	494.0	114.82	115.59
602.0	490.0	113.63	115.1
600.0	487.0	112.22	114.46
598.0	484.0	110.66	113.69
594.0	481.0	109.02	112.83
590.0	478.0	107.36	111.93
585.0	475.0	105.75	111.02
579.0	472.0	104.28	110.14
573.0	469.0	102.99	109.33
567.0	466.0	101.91	108.59
561.0	463.0	101.07	107.94
555.0	461.0	100.46	107.38
549.0	459.0	100.06	106.88
542.0	456.0	99.85	106.44
536.0	454.0	99.76	106.02
529.0	452.0	99.75	105.62
523.0	450.0	99.79	105.2
517.0	448.0	99.83	104.76
511.0	447.0	99.84	104.29
506.0	445.0	99.8	103.8
501.0	443.0	99.71	103.28
497.0	441.0	99.53	102.75
493.0	439.0	99.27	102.19
490.0	437.0	98.93	101.63
487.0	435.0	98.51	101.05
484.0	433.0	98.0	100.47
481.0	431.0	97.44	99.89
478.0	428.0	96.84	99.32
475.0	426.0	96.22	98.75
472.0	424.0	95.6	98.21
469.0	422.0	94.96	97.67
466.0	420.0	94.32	97.14
464.0	419.0	93.66	96.62
462.0	417.0	92.99	96.1
460.0	416.0	92.33	95.57
458.0	414.0	91.68	95.06
456.0	413.0	91.06	94.55
454.0	412.0	90.47	94.06
452.0	414.0	89.93	93.59
450.0	420.0	89.42	93.13
448.0	431.0	88.98	92.69
446.0	447.0	88.58	92.27
445.0	470.0	88.22	91.86
443.0	496.0	87.89	91.45
441.0	524.0	87.58	91.05
440.0	550.0	87.27	90.64
438.0	574.0	86.96	90.23
437.0	594.0	86.64	89.81
436.0	609.0	86.33	89.39
434.0	620.0	86.04	88.98
433.0	629.0	85.77	88.59
431.0	636.0	85.52	88.21
430.0	642.0	85.29	87.86
428.0	649.0	85.08	87.52
426.0	655.0	84.87	87.2
424.0	663.0	84.66	86.88
421.0	671.0	84.45	86.58
418.0	680.0	84.25	86.28
416.0	691.0	84.04	85.99
413.0	701.0	83.85	85.71
410.0	711.0	83.66	85.44
409.0	721.0	83.48	85.18
407.0	730.0	83.31	84.94
404.0	737.0	83.14	84.71
403.0	744.0	82.98	84.48
402.0	749.0	82.83	84.27
402.0	754.0	82.68	84.07
400.0	757.0	82.54	83.88
400.0	759.0	82.39	83.69
403.0	760.0	82.25	83.5
418.0	759.0	82.09	83.32
442.0	756.0	81.92	83.12
477.0	752.0	81.74	82.92
521.0	745.0	81.53	82.71
570.0	738.0	81.29	82.49
621.0	729.0	81.04	82.27
669.0	720.0	80.77	82.03
710.0	711.0	80.48	81.8
743.0	702.0	80.23	81.58
768.0	694.0	80.0	81.37
785.0	686.0	79.75	81.16
795.0	680.0	79.54	80.97
799.0	675.0	79.37	80.8
800.0	670.0	79.22	80.63
798.0	666.0	79.07	80.48
793.0	662.0	78.98	80.36
788.0	658.0	78.96	80.31
784.0	655.0	79.27	80.43
779.0	650.0	79.52	80.77
776.0	646.0
775.0	641.0
774.0	636.0
774.0	631.0
775.0	626.0
776.0	620.0
776.0	615.0
777.0	609.0
776.0	603.0
774.0	598.0
770.0	592.0
765.0	587.0
758.0	582.0
748.0	577.0
736.0	572.0
722.0	567.0
706.0	562.0
689.0	557.0
672.0	552.0
657.0	547.0
642.0	542.0
629.0	538.0
619.0	534.0
611.0	530.0
606.0	526.0
603.0	522.0
601.0	518.0
601.0	514.0
602.0	510.0
602.0	506.0
603.0	502.0
603.0	498.0
603.0	494.0
602.0	490.0
600.0	487.0
598.0	484.0
594.0	481.0
590.0	478.0
585.0	475.0
579.0	472.0
573.0	469.0
567.0	466.0
561.0	463.0
555.0	461.0
549.0	459.0
542.0	456.0
536.0	454.0
529.0	452.0
523.0	450.0
517.0	448.0
511.0	447.0
506.0	445.0
501.0	443.0
497.0	441.0
493.0	439.0
490.0	437.0
487.0	435.0
484.0	433.0
481.0	431.0
478.0	428.0
475.0	426.0
472.0	424.0
469.0	422.0
466.0	420.0
464.0	419.0
462.0	417.0
460.0	416.0
458.0	414.0
456.0	413.0
454.0	412.0
452.0	414.0
450.0	420.0
448.0	431.0
446.0	447.0
445.0	470.0
443.0	496.0
441.0	524.0
440.0	550.0
438.0	574.0
437.0	594.0
436.0	609.0
434.0	620.0
433.0	629.0
431.0	636.0
430.0	642.0
428.0	649.0
426.0	655.0
424.0	663.0
421.0	671.0
418.0	680.0
416.0	691.0
413.0	701.0
410.0	711.0
409.0	721.0
407.0	730.0
404.0	737.0
403.0	744.0
402.0	749.0
402.0	754.0
400.0	757.0
400.0	759.0
403.0	760.0
418.0	759.0
442.0	756.0
477.0	752.0
521.0	745.0
570.0	738.0
621.0	729.0
669.0	720.0
710.0	711.0
743.0	702.0
768.0	694.0
785.0	686.0
795.0	680.0
799.0	675.0
800.0	670.0
798.0	666.0
793.0	662.0
788.0	658.0
784.0	655.0
779.0	650.0
776.0	646.0
775.0	641.0
774.0	636.0
774.0	631.0
775.0	626.0
776.0	620.0
776.0	615.0
777.0	609.0
776.0	603.0
774.0	598.0
770.0	592.0
765.0	587.0
758.0	582.0
748.0	577.0
736.0	572.0
722.0	567.0
706.0	562.0
689.0	557.0
672.0	552.0
657.0	547.0
642.0	542.0
629.0	538.0
619.0	534.0
611.0	530.0
606.0	526.0
603.0	522.0
601.0	518.0
601.0	514.0
602.0	510.0
602.0	506.0
603.0	502.0
603.0	498.0
603.0	494.0
602.0	490.0
600.0	487.0
598.0	484.0
594.0	481.0
590.0	478.0
585.0	475.0
579.0	472.0
573.0	469.0
567.0	466.0
561.0	463.0
555.0	461.0
549.0	459.0
542.0	456.0
536.0	454.0
529.0	452.0
523.0	450.0
517.0	448.0
511.0	447.0
506.0	445.0
501.0	443.0
497.0	441.0
493.0	439.0
490.0	437.0
487.0	435.0
484.0	433.0
481.0	431.0
478.0	428.0
475.0	426.0
472.0	424.0
469.0	422.0
466.0	420.0
464.0	419.0
462.0	417.0
460.0	416.0
458.0	414.0
456.0	413.0
454.0	412.0
452.0	414.0
450.0	420.0
448.0	431.0
446.0	447.0
445.0	470.0
443.0	496.0
441.0	524.0
440.0	550.0
438.0	574.0
437.0	594.0
436.0	609.0
434.0	620.0
433.0	629.0
431.0	636.0
430.0	642.0
428.0	649.0
426.0	655.0
424.0	663.0
421.0	671.0
418.0	680.0
416.0	691.0
413.0	701.0
410.0	711.0
409.0	721.0
407.0	730.0
404.0	737.0
403.0	744.0
402.0	749.0
402.0	754.0
400.0	757.0
400.0	759.0
403.0	760.0
418.0	759.0
442.0	756.0
477.0	752.0
521.0	745.0
570.0	738.0
621.0	729.0
669.0	720.0
710.0	711.0
743.0	702.0
768.0	694.0
785.0	686.0
795.0	680.0
799.0	675.0
800.0	670.0
798.0	666.0
793.0	662.0
788.0	658.0
784.0	655.0
779.0	650.0
776.0	646.0
775.0	641.0
774.0	636.0
774.0	631.0
775.0	626.0
776.0	620.0
776.0	615.0
777.0	609.0
776.0	603.0
774.0	598.0
770.0	592.0
765.0	587.0
758.0	582.0
748.0	577.0
736.0	572.0
722.0	567.0
706.0	562.0
689.0	557.0
672.0	552.0
657.0	547.0
642.0	542.0
629.0	538.0
619.0	534.0
611.0	530.0
606.0	526.0
603.0	522.0
601.0	518.0
601.0	514.0
602.0	510.0
602.0	506.0
603.0	502.0
603.0	498.0
603.0	494.0
602.0	490.0
600.0	487.0
598.0	484.0
594.0	481.0
590.0	478.0
585.0	475.0
579.0	472.0
573.0	469.0
567.0	466.0
561.0	463.0
555.0	461.0
549.0	459.0
542.0	456.0
536.0	454.0
529.0	452.0
523.0	450.0
517.0	448.0
511.0	447.0
506.0	445.0
501.0	443.0
497.0	441.0
493.0	439.0
490.0	437.0
487.0	435.0
484.0	433.0
481.0	431.0
478.0	428.0
475.0	426.0
472.0	424.0
469.0	422.0
466.0	420.0
464.0	419.0
462.0	417.0
460.0	416.0
458.0	414.0
456.0	413.0
454.0	412.0
452.0	414.0
450.0	420.0
448.0	431.0
446.0	447.0
445.0	470.0
443.0	496.0
441.0	524.0
440.0	550.0
438.0	574.0
437.0	594.0
436.0	609.0
434.0	620.0
433.0	629.0
431.0	636.0
430.0	642.0
428.0	649.0
426.0	655.0
424.0	663.0
421.0	671.0
418.0	680.0
416.0	691.0
413.0	701.0
410.0	711.0
409.0	721.0
407.0	730.0
404.0	737.0
403.0	744.0
402.0	749.0
402.0	754.0
400.0	757.0
400.0	759.0
403.0	760.0
418.0	759.0
442.0	756.0
477.0	752.0
521.0	745.0
570.0	738.0
621.0	729.0
669.0	720.0
710.0	711.0
743.0	702.0
768.0	694.0
785.0	686.0
795.0	680.0
799.0	675.0
800.0	670.0
798.0	666.0
793.0	662.0
788.0	658.0
784.0	655.0
779.0	650.0
776.0	646.0
775.0	641.0
774.0	636.0
774.0	631.0
775.0	626.0
776.0	620.0
776.0	615.0
777.0	609.0
776.0	603.0
774.0	598.0
770.0	592.0
765.0	587.0
758.0	582.0
748.0	577.0
736.0	572.0
722.0	567.0
706.0	562.0
689.0	557.0
672.0	552.0
657.0	547.0
642.0	542.0
629.0	538.0
619.0	534.0
611.0	530.0
606.0	526.0
603.0	522.0
601.0	518.0
601.0	514.0
602.0	510.0
602.0	506.0
603.0	502.0
603.0	498.0
603.0	494.0
602.0	490.0
600.0	487.0
598.0	484.0
594.0	481.0
590.0	478.0
585.0	475.0
579.0	472.0
573.0	469.0
567.0	466.0
561.0	463.0
555.0	461.0
549.0	459.0
542.0	456.0
536.0	454.0
529.0	452.0
523.0	450.0
517.0	448.0
511.0	447.0
506.0	445.0
501.0	443.0
497.0	441.0
493.0	439.0
490.0	437.0
487.0	435.0
484.0	433.0
481.0	431.0
478.0	428.0
475.0	426.0
472.0	424.0
469.0	422.0
466.0	420.0
464.0	419.0
462.0	417.0
460.0	416.0
458.0	414.0
456.0	413.0
454.0	412.0
452.0	414.0
450.0	420.0
448.0	431.0
446.0	447.0
445.0	470.0
443.0	496.0
441.0	524.0
440.0	550.0
438.0	574.0
437.0	594.0
436.0	609.0
434.0	620.0
433.0	629.0
431.0	636.0
430.0	642.0
428.0	649.0
426.0	655.0
424.0	663.0
421.0	671.0
418.0	680.0
416.0	691.0
413.0	701.0
410.0	711.0
409.0	721.0
407.0	730.0
404.0	737.0
403.0	744.0
402.0	749.0
402.0	754.0
400.0	757.0
400.0	759.0
403.0	760.0
418.0	759.0
442.0	756.0
477.0	752.0
521.0	745.0
570.0	738.0
621.0	729.0
669.0	720.0
710.0	711.0
743.0	702.0
768.0	694.0
785.0	686.0
795.0	680.0
799.0	675.0
800.0	670.0
798.0	666.0
793.0	662.0
788.0	658.0
784.0	655.0
779.0	650.0
776.0	646.0
775.0	641.0
774.0	636.0
774.0	631.0
775.0	626.0
776.0	620.0
776.0	615.0
777.0	609.0
776.0	603.0
774.0	598.0
770.0	592.0
765.0	587.0
758.0	582.0
748.0	577.0
736.0	572.0
722.0	567.0
706.0	562.0
689.0	557.0
672.0	552.0
657.0	547.0
642.0	542.0
629.0	538.0
619.0	534.0
611.0	530.0
606.0	526.0
603.0	522.0
601.0	518.0
601.0	514.0
602.0	510.0
602.0	506.0
603.0	502.0
603.0	498.0
603.0	494.0
602.0	490.0
600.0	487.0
598.0	484.0
594.0	481.0
590.0	478.0
585.0	475.0
579.0	472.0
573.0	469.0
567.0	466.0
561.0	463.0
555.0	461.0
549.0	459.0
542.0	456.0
536.0	454.0
529.0	452.0
523.0	450.0
517.0	448.0
511.0	447.0
506.0	445.0
501.0	443.0
497.0	441.0
493.0	439.0
490.0	437.0
487.0	435.0
484.0	433.0
481.0	431.0
478.0	428.0
475.0	426.0
472.0	424.0
469.0	422.0
466.0	420.0
464.0	419.0
462.0	417.0
460.0	416.0
458.0	414.0
456.0	413.0
454.0	412.0
452.0	414.0
450.0	420.0
448.0	431.0
446.0	447.0
445.0	470.0
443.0	496.0
441.0	524.0
440.0	550.0
438.0	574.0
437.0	594.0
436.0	609.0
434.0	620.0
433.0	629.0
431.0	636.0
430.0	642.0
428.0	649.0
426.0	655.0
424.0	663.0
421.0	671.0
418.0	680.0
416.0	691.0
413.0	701.0
410.0	711.0
409.0	721.0
407.0	730.0
404.0	737.0
403.0	744.0
402.0	749.0
402.0	754.0
400.0	757.0
400.0	759.0
403.0	760.0
418.0	759.0
442.0	756.0
477.0	752.0
521.0	745.0
570.0	738.0
621.0	729.0
669.0	720.0
710.0	711.0
743.0	702.0
768.0	694.0
785.0	686.0
795.0	680.0
799.0	675.0
800.0	670.0
798.0	666.0
793.0	662.0
788.0	658.0
784.0	655.0
779.0	650.0
776.0	646.0
775.0	641.0
774.0	636.0
774.0	631.0
775.0	626.0
776.0	620.0
776.0	615.0
777.0	609.0
776.0	603.0
774.0	598.0
770.0	592.0
765.0	587.0
758.0	582.0
748.0	577.0
736.0	572.0
722.0	567.0
706.0	562.0
689.0	557.0
672.0	552.0
657.0	547.0
642.0	542.0
629.0	538.0
619.0	534.0
611.0	530.0
606.0	526.0
603.0	522.0
601.0	518.0
601.0	514.0
602.0	510.0
602.0	506.0
603.0	502.0
603.0	498.0
603.0	494.0
602.0	490.0
600.0	487.0
598.0	484.0
594.0	481.0
590.0	478.0
585.0	475.0
579.0	472.0
573.0	469.0
567.0	466.0
561.0	463.0
555.0	461.0
549.0	459.0
542.0	456.0
536.0	454.0
529.0	452.0
523.0	450.0
517.0	448.0
511.0	447.0
506.0	445.0
501.0	443.0
497.0	441.0
493.0	439.0
490.0	437.0
487.0	435.0
484.0	433.0
481.0	431.0
478.0	428.0
475.0	426.0
472.0	424.0
469.0	422.0
466.0	420.0
464.0	419.0
462.0	417.0
460.0	416.0
458.0	414.0
456.0	413.0
454.0	412.0
452.0	414.0
450.0	420.0
448.0	431.0
446.0	447.0
445.0	470.0
443.0	496.0
441.0	524.0
440.0	550.0
438.0	574.0
437.0	594.0
436.0	609.0
434.0	620.0
433.0	629.0
431.0	636.0
430.0	642.0
428.0	649.0
426.0	655.0
424.0	663.0
421.0	671.0
418.0	680.0
416.0	691.0
413.0	701.0
410.0	711.0
409.0	721.0
407.0	730.0
404.0	737.0
403.0	744.0
402.0	749.0
402.0	754.0
400.0	757.0
400.0	759.0
403.0	760.0
418.0	759.0
442.0	756.0
477.0	752.0
521.0	745.0
570.0	738.0
621.0	729.0
669.0	720.0
710.0	711.0
743.0	702.0
768.0	694.0
785.0	686.0
795.0	680.0
799.0	675.0
800.0	670.0
798.0	666.0
793.0	662.0
788.0	658.0
784.0	655.0
779.0	650.0
776.0	646.0
775.0	641.0
774.0	636.0
774.0	631.0
775.0	626.0
776.0	620.0
776.0	615.0
777.0	609.0
776.0	603.0
774.0	598.0
770.0	592.0
765.0	587.0
758.0	582.0
748.0	577.0
736.0	572.0
722.0	567.0
706.0	562.0
689.0	557.0
672.0	552.0
657.0	547.0
642.0	542.0
629.0	538.0
619.0	534.0
611.0	530.0
606.0	526.0
603.0	522.0
601.0	518.0
601.0	514.0
602.0	510.0
602.0	506.0
603.0	502.0
603.0	498.0
603.0	494.0
602.0	490.0
600.0	487.0
598.0	484.0
594.0	481.0
590.0	478.0
585.0	475.0
579.0	472.0
573.0	469.0
567.0	466.0
561.0	463.0
555.0	461.0
549.0	459.0
542.0	456.0
536.0	454.0
529.0	452.0
523.0	450.0
517.0	448.0
511.0	447.0
506.0	445.0
501.0	443.0
497.0	441.0
493.0	439.0
490.0	437.0
487.0	435.0
484.0	433.0
481.0	431.0
478.0	428.0
475.0	426.0
472.0	424.0
469.0	422.0
466.0	420.0
464.0	419.0
462.0	417.0
460.0	416.0
458.0	414.0
456.0	413.0
454.0	412.0
452.0	414.0
450.0	420.0
448.0	431.0
446.0	447.0
445.0	470.0
443.0	496.0
441.0	524.0
440.0	550.0
438.0	574.0
437.0	594.0
436.0	609.0
434.0	620.0
433.0	629.0
431.0	636.0
430.0	642.0
428.0	649.0
426.0	655.0
424.0	663.0
421.0	671.0
418.0	680.0
416.0	691.0
413.0	701.0
410.0	711.0
409.0	721.0
407.0	730.0
404.0	737.0
403.0	744.0
402.0	749.0
402.0	754.0
400.0	757.0
400.0	759.0
403.0	760.0
418.0	759.0
442.0	756.0
477.0	752.0
521.0	745.0
570.0	738.0
621.0	729.0
669.0	720.0
710.0	711.0
743.0	702.0
768.0	694.0
785.0	686.0
795.0	680.0
799.0	675.0
800.0	670.0
798.0	666.0
793.0	662.0
788.0	658.0
784.0	655.0
779.0	650.0
776.0	646.0
775.0	641.0
774.0	636.0
774.0	631.0
775.0	626.0
776.0	620.0
776.0	615.0
777.0	609.0
776.0	603.0
774.0	598.0
770.0	592.0
765.0	587.0
758.0	582.0
748.0	577.0
736.0	572.0
722.0	567.0
706.0	562.0
689.0	557.0
672.0	552.0
657.0	547.0
642.0	542.0
629.0	538.0
619.0	534.0
611.0	530.0
606.0	526.0
603.0	522.0
601.0	518.0
601.0	514.0
602.0	510.0
602.0	506.0
603.0	502.0
603.0	498.0
603.0	494.0
602.0	490.0
600.0	487.0
598.0	484.0
594.0	481.0
590.0	478.0
585.0	475.0
579.0	472.0
573.0	469.0
567.0	466.0
561.0	463.0
555.0	461.0
549.0	459.0
542.0	456.0
536.0	454.0
529.0	452.0
523.0	450.0
517.0	448.0
511.0	447.0
506.0	445.0
501.0	443.0
497.0	441.0
493.0	439.0
490.0	437.0
487.0	435.0
484.0	433.0
481.0	431.0
478.0	428.0
475.0	426.0
472.0	424.0
469.0	422.0
466.0	420.0
464.0	419.0
462.0	417.0
460.0	416.0
458.0	414.0
456.0	413.0
454.0	412.0
452.0	414.0
450.0	420.0
448.0	431.0
446.0	447.0
445.0	470.0
443.0	496.0
441.0	524.0
440.0	550.0
438.0	574.0
437.0	594.0
436.0	609.0
434.0	620.0
433.0	629.0
431.0	636.0
430.0	642.0
428.0	649.0
426.0	655.0
424.0	663.0
421.0	671.0
418.0	680.0
416.0	691.0
413.0	701.0
410.0	711.0
409.0	721.0
407.0	730.0
404.0	737.0
403.0	744.0
402.0	749.0
402.0	754.0
400.0	757.0
400.0	759.0
403.0	760.0
418.0	759.0
442.0	756.0
477.0	752.0
521.0	745.0
570.0	738.0
621.0	729.0
669.0	720.0
710.0	711.0
743.0	702.0
768.0	694.0
785.0	686.0
795.0	680.0
799.0	675.0
800.0	670.0
798.0	666.0
793.0	662.0
788.0	658.0
784.0	655.0
779.0	650.0
776.0	646.0
775.0	641.0
774.0	636.0
774.0	631.0
775.0	626.0
776.0	620.0
776.0	615.0
777.0	609.0
776.0	603.0
774.0	598.0
770.0	592.0
765.0	587.0
758.0	582.0
748.0	577.0
736.0	572.0
722.0	567.0
706.0	562.0
689.0	557.0
672.0	552.0
657.0	547.0
642.0	542.0
629.0	538.0
619.0	534.0
611.0	530.0
606.0	526.0
603.0	522.0
601.0	518.0
601.0	514.0
602.0	510.0
602.0
603.0
603.0
603.0
602.0
600.0
598.0
594.0
590.0
585.0
579.0
573.0
567.0
561.0
555.0
549.0
542.0
536.0
529.0
523.0
517.0
511.0
506.0
501.0
497.0
493.0
490.0
487.0
484.0
481.0
478.0
475.0
472.0
