System ID	Database ID	Patient Number	Surname	First Name	Sex	Date Of Birth	Patient ID	Patient Code	Patient Notes	SP	DP	MP	DATA_REV	DATETIME	AGE	MEDICATION	NOTES	OPERATOR	INTERPRETATION	HEIGHT	WEIGHT	BODY_MASS_INDEX	SAMPLE_RATE	SIMULATION MODE	Tonometer Serial Number	SUB_TYPE	Inconclusive	Reference Age	PPAmpRatio	P_MAX_DPDT	ED	CalcED	QUALITY_ED	P_QC_PH	P_QC_PHV	P_QC_PLV	P_QC_DV	P_QC_SDEV	Operator Index	P_SP	P_DP	P_MEANP	P_T1	P_T2	P_AI	P_CalcT1	P_CalcT2	P_ESP	P_P1	P_P2	P_T1ED	P_T2ED	P_QUALITY_T1	P_QUALITY_T2	C_AP	C_AP_HR75	C_MPS	C_MPD	C_TTI	C_DTI	C_SVI	C_AL	C_ATI	HR	C_PERIOD	C_DD	C_ED_PERIOD	C_DD_PERIOD	C_PH	C_AGPH	C_AGPH_HR75	C_P1_HEIGHT	C_T1R	C_SP	C_DP	C_MEANP	C_T1	C_T2	C_AI	C_CalcT1	C_CalcT2	C_ESP	C_P1	C_P2	C_T1ED	C_T2ED	C_QUALITY_T1	C_QUALITY_T2
00050	DATA	313	McBryde	Paul	MALE	14/05/1978	1234567890	code	Healthy	120	80	0	130	09/10/2009 11:25:44	31	None	Visit Number 1	Dr Seuss		172	77	26.03	128	No	0	RADIAL	No	41	139	721	304	304	0	138	3	4	3	2	100	120	80	94	87	230	76	87	230	98	120	110	29	76	0	0	7	4	101	91	1848	3786	205	9	35	60	1000	696	30	70	29	23	16	22	142	110	81	94	92	229	131	92	229	103	103	110	30	75	0	0

PeriphSignal 	 CentralSignal 	 PeriphPulse 	 CentralPulse 
570.0	554.0	80.0	80.83
569.0	553.0	81.59	81.7
569.0	552.0	84.21	83.09
568.0	551.0	87.91	85.06
567.0	551.0	92.62	87.57
566.0	551.0	98.01	90.46
566.0	552.0	103.62	93.49
565.0	554.0	108.92	96.39
564.0	559.0	113.47	98.9
563.0	566.0	116.94	100.84
562.0	575.0	119.13	102.12
562.0	585.0	120.0	102.76
561.0	596.0	119.63	102.87
560.0	606.0	118.25	102.59
560.0	614.0	116.16	102.1
560.0	621.0	113.68	101.57
559.0	624.0	111.11	101.16
559.0	626.0	108.74	100.99
558.0	626.0	106.8	101.13
557.0	624.0	105.4	101.61
557.0	622.0	104.57	102.38
556.0	620.0	104.32	103.39
556.0	618.0	104.58	104.52
556.0	617.0	105.22	105.67
555.0	616.0	106.13	106.75
555.0	617.0	107.19	107.71
554.0	619.0	108.24	108.48
554.0	622.0	109.16	109.07
553.0	626.0	109.87	109.45
552.0	629.0	110.25	109.61
551.0	633.0	110.25	109.54
549.0	636.0	109.8	109.23
548.0	639.0	108.88	108.68
548.0	641.0	107.5	107.9
547.0	643.0	105.76	106.96
547.0	644.0	103.81	105.92
548.0	644.0	101.9	104.91
549.0	644.0	100.23	104.01
554.0	642.0	98.96	103.33
563.0	640.0	98.18	102.89
578.0	637.0	97.87	102.69
596.0	633.0	97.96	102.69
616.0	630.0	98.33	102.8
635.0	626.0	98.89	102.96
653.0	623.0	99.5	103.08
667.0	621.0	100.07	103.11
677.0	619.0	100.48	103.02
683.0	619.0	100.66	102.79
684.0	619.0	100.61	102.42
681.0	620.0	100.32	101.93
675.0	621.0	99.84	101.35
667.0	622.0	99.21	100.72
658.0	622.0	98.51	100.1
648.0	622.0	97.77	99.51
639.0	622.0	97.02	98.98
631.0	621.0	96.33	98.5
625.0	620.0	95.68	98.08
622.0	619.0	95.08	97.69
621.0	617.0	94.55	97.32
622.0	616.0	94.07	96.96
624.0	615.0	93.62	96.59
628.0	614.0	93.24	96.24
632.0	613.0	92.91	95.89
636.0	612.0	92.61	95.56
640.0	611.0	92.34	95.23
643.0	611.0	92.08	94.9
646.0	610.0	91.81	94.58
646.0	610.0	91.53	94.24
647.0	609.0	91.25	93.91
645.0	609.0	90.98	93.58
641.0	608.0	90.69	93.24
635.0	608.0	90.41	92.91
629.0	607.0	90.12	92.57
622.0	606.0	89.82	92.23
615.0	605.0	89.54	91.9
610.0	605.0	89.3	91.58
607.0	604.0	89.06	91.27
604.0	603.0	88.84	90.97
604.0	602.0	88.63	90.69
605.0	602.0	88.43	90.41
607.0	601.0	88.22	90.15
610.0	600.0	88.05	89.9
612.0	599.0	87.9	89.66
615.0	599.0	87.76	89.44
616.0	598.0	87.63	89.23
618.0	597.0	87.51	89.02
618.0	596.0	87.35	88.81
618.0	596.0	87.18	88.6
617.0	595.0	87.01	88.39
616.0	595.0	86.81	88.16
615.0	594.0	86.6	87.94
613.0	593.0	86.4	87.73
612.0	593.0	86.2	87.51
611.0	592.0	86.0	87.31
610.0	592.0	85.78	87.1
608.0	591.0	85.55	86.88
607.0	590.0	85.3	86.66
607.0	590.0	85.05	86.44
606.0	589.0	84.79	86.21
606.0	588.0	84.54	85.99
605.0	588.0	84.31	85.77
604.0	587.0	84.07	85.56
604.0	586.0	83.84	85.35
603.0	586.0	83.62	85.15
602.0	585.0	83.4	84.94
601.0	584.0	83.19	84.73
600.0	584.0	83.0	84.53
599.0	583.0	82.81	84.33
598.0	583.0	82.62	84.14
597.0	582.0	82.44	83.94
596.0	582.0	82.25	83.74
595.0	581.0	82.05	83.54
595.0	580.0	81.87	83.34
594.0	580.0	81.69	83.14
593.0	579.0	81.53	82.94
592.0	579.0	81.37	82.76
592.0	579.0	81.23	82.59
591.0	579.0	81.12	82.46
591.0	578.0	81.11	82.34
590.0	578.0	80.92	82.1
590.0	577.0	80.7	81.87
590.0	577.0	80.49	81.67
589.0	576.0	80.36	81.46
589.0	576.0	79.97	81.12
589.0	575.0	79.72	80.91
588.0	575.0	79.49	80.7
587.0	575.0	79.27	80.48
587.0	574.0	78.99	80.29
587.0	574.0	79.05	80.25
586.0	573.0
585.0	572.0
584.0	572.0
583.0	571.0
583.0	571.0
582.0	570.0
581.0	570.0
580.0	571.0
580.0	573.0
580.0	577.0
579.0	583.0
578.0	591.0
578.0	601.0
577.0	612.0
576.0	623.0
576.0	632.0
576.0	639.0
576.0	644.0
576.0	646.0
576.0	647.0
576.0	646.0
575.0	644.0
575.0	641.0
575.0	639.0
574.0	637.0
573.0	637.0
573.0	637.0
573.0	639.0
573.0	642.0
572.0	645.0
571.0	649.0
571.0	653.0
570.0	656.0
569.0	659.0
568.0	661.0
567.0	663.0
567.0	664.0
568.0	664.0
570.0	664.0
572.0	662.0
580.0	660.0
593.0	657.0
610.0	654.0
629.0	650.0
649.0	646.0
668.0	643.0
684.0	641.0
696.0	639.0
702.0	639.0
705.0	639.0
704.0	640.0
699.0	640.0
691.0	641.0
681.0	641.0
671.0	641.0
662.0	641.0
654.0	640.0
648.0	638.0
644.0	636.0
642.0	634.0
642.0	632.0
645.0	630.0
648.0	628.0
651.0	627.0
656.0	626.0
660.0	624.0
663.0	623.0
665.0	622.0
667.0	621.0
666.0	619.0
664.0	619.0
660.0	618.0
655.0	617.0
649.0	616.0
642.0	615.0
635.0	614.0
629.0	613.0
626.0	612.0
624.0	611.0
624.0	610.0
624.0	608.0
626.0	607.0
628.0	606.0
630.0	605.0
633.0	604.0
635.0	603.0
635.0	602.0
635.0	601.0
634.0	600.0
632.0	599.0
631.0	598.0
628.0	597.0
625.0	596.0
623.0	595.0
621.0	594.0
619.0	593.0
617.0	593.0
614.0	592.0
613.0	591.0
611.0	590.0
610.0	590.0
610.0	589.0
609.0	588.0
608.0	588.0
607.0	587.0
606.0	587.0
606.0	586.0
605.0	585.0
604.0	585.0
603.0	584.0
602.0	583.0
601.0	583.0
600.0	582.0
599.0	581.0
598.0	581.0
597.0	580.0
596.0	580.0
595.0	579.0
594.0	579.0
593.0	578.0
592.0	578.0
591.0	577.0
590.0	576.0
590.0	576.0
589.0	575.0
588.0	574.0
588.0	574.0
587.0	573.0
586.0	572.0
586.0	571.0
585.0	570.0
585.0	569.0
584.0	569.0
584.0	568.0
583.0	568.0
583.0	568.0
583.0	569.0
583.0	571.0
582.0	575.0
581.0	582.0
581.0	590.0
580.0	601.0
579.0	612.0
578.0	622.0
578.0	631.0
578.0	638.0
577.0	642.0
576.0	644.0
576.0	644.0
576.0	642.0
575.0	640.0
574.0	638.0
573.0	636.0
573.0	635.0
572.0	635.0
571.0	636.0
570.0	639.0
570.0	642.0
569.0	646.0
568.0	650.0
566.0	654.0
565.0	657.0
564.0	660.0
564.0	662.0
564.0	664.0
564.0	664.0
565.0	664.0
566.0	664.0
571.0	662.0
579.0	659.0
593.0	656.0
611.0	652.0
631.0	648.0
650.0	644.0
669.0	642.0
684.0	640.0
696.0	639.0
702.0	639.0
703.0	640.0
701.0	641.0
694.0	642.0
686.0	642.0
676.0	642.0
667.0	642.0
658.0	641.0
652.0	640.0
647.0	638.0
644.0	636.0
644.0	634.0
645.0	632.0
648.0	630.0
651.0	628.0
655.0	627.0
659.0	625.0
663.0	624.0
666.0	623.0
668.0	622.0
668.0	621.0
666.0	619.0
664.0	618.0
659.0	617.0
653.0	617.0
645.0	616.0
638.0	615.0
631.0	614.0
626.0	613.0
624.0	612.0
623.0	611.0
624.0	610.0
626.0	609.0
628.0	608.0
630.0	607.0
633.0	606.0
635.0	605.0
636.0	604.0
636.0	603.0
636.0	602.0
634.0	601.0
632.0	600.0
630.0	600.0
627.0	599.0
625.0	599.0
622.0	598.0
620.0	597.0
618.0	597.0
616.0	596.0
614.0	595.0
613.0	595.0
611.0	594.0
610.0	593.0
609.0	593.0
608.0	592.0
608.0	592.0
607.0	591.0
607.0	590.0
606.0	590.0
605.0	589.0
604.0	588.0
604.0	587.0
603.0	587.0
602.0	586.0
601.0	585.0
600.0	585.0
600.0	584.0
599.0	584.0
598.0	583.0
597.0	582.0
596.0	582.0
596.0	581.0
595.0	580.0
595.0	579.0
595.0	578.0
594.0	577.0
594.0	576.0
594.0	576.0
593.0	575.0
592.0	575.0
592.0	575.0
591.0	575.0
590.0	577.0
590.0	581.0
589.0	588.0
589.0	596.0
588.0	607.0
588.0	617.0
587.0	628.0
586.0	637.0
585.0	643.0
584.0	648.0
583.0	650.0
582.0	650.0
582.0	649.0
581.0	647.0
580.0	645.0
580.0	643.0
579.0	642.0
579.0	643.0
578.0	644.0
577.0	647.0
576.0	650.0
575.0	655.0
575.0	659.0
573.0	662.0
572.0	666.0
571.0	669.0
570.0	671.0
570.0	672.0
570.0	673.0
571.0	673.0
572.0	672.0
576.0	670.0
585.0	668.0
598.0	664.0
616.0	660.0
636.0	657.0
655.0	653.0
673.0	651.0
689.0	649.0
700.0	649.0
707.0	649.0
709.0	649.0
707.0	650.0
702.0	651.0
694.0	651.0
685.0	651.0
676.0	650.0
668.0	649.0
661.0	648.0
657.0	646.0
655.0	643.0
654.0	641.0
656.0	639.0
658.0	637.0
662.0	635.0
666.0	634.0
670.0	633.0
673.0	632.0
675.0	631.0
677.0	630.0
677.0	629.0
675.0	627.0
672.0	626.0
667.0	625.0
660.0	624.0
653.0	623.0
645.0	622.0
639.0	621.0
635.0	620.0
633.0	619.0
632.0	618.0
633.0	617.0
634.0	616.0
637.0	614.0
639.0	613.0
641.0	612.0
644.0	611.0
644.0	610.0
644.0	610.0
643.0	609.0
642.0	608.0
639.0	607.0
636.0	607.0
633.0	606.0
631.0	606.0
629.0	605.0
626.0	604.0
625.0	604.0
623.0	603.0
622.0	603.0
621.0	602.0
619.0	602.0
618.0	601.0
617.0	601.0
617.0	600.0
616.0	599.0
615.0	599.0
614.0	598.0
613.0	597.0
612.0	597.0
611.0	597.0
610.0	596.0
609.0	596.0
608.0	595.0
607.0	594.0
606.0	594.0
605.0	593.0
605.0	592.0
604.0	591.0
604.0	590.0
603.0	589.0
603.0	588.0
602.0	587.0
602.0	587.0
602.0	586.0
602.0	586.0
601.0	587.0
601.0	587.0
600.0	590.0
600.0	594.0
600.0	601.0
599.0	610.0
599.0	620.0
599.0	631.0
598.0	641.0
597.0	649.0
596.0	655.0
596.0	658.0
595.0	659.0
594.0	658.0
594.0	657.0
594.0	654.0
593.0	652.0
592.0	651.0
592.0	650.0
591.0	651.0
590.0	653.0
589.0	656.0
588.0	659.0
586.0	663.0
585.0	667.0
584.0	671.0
583.0	674.0
581.0	676.0
581.0	678.0
581.0	679.0
582.0	679.0
582.0	678.0
584.0	677.0
589.0	675.0
599.0	672.0
613.0	668.0
632.0	664.0
651.0	660.0
671.0	658.0
688.0	656.0
702.0	655.0
712.0	655.0
717.0	656.0
716.0	656.0
712.0	657.0
705.0	658.0
697.0	658.0
688.0	657.0
679.0	656.0
671.0	654.0
666.0	652.0
662.0	649.0
661.0	647.0
661.0	645.0
663.0	643.0
666.0	642.0
670.0	640.0
674.0	639.0
677.0	638.0
680.0	636.0
682.0	635.0
682.0	634.0
681.0	633.0
679.0	632.0
674.0	631.0
668.0	630.0
661.0	629.0
654.0	628.0
647.0	626.0
642.0	625.0
640.0	624.0
639.0	623.0
639.0	622.0
641.0	621.0
643.0	620.0
646.0	619.0
649.0	618.0
650.0	617.0
650.0	616.0
650.0	615.0
649.0	614.0
647.0	613.0
644.0	613.0
642.0	612.0
639.0	611.0
637.0	611.0
635.0	610.0
632.0	610.0
630.0	609.0
628.0	608.0
626.0	608.0
625.0	607.0
624.0	606.0
623.0	605.0
623.0	605.0
622.0	604.0
621.0	604.0
620.0	603.0
619.0	602.0
618.0	601.0
617.0	600.0
616.0	600.0
615.0	599.0
614.0	599.0
613.0	599.0
612.0	598.0
612.0	598.0
611.0	597.0
610.0	597.0
610.0	596.0
609.0	596.0
609.0	595.0
608.0	595.0
607.0	594.0
607.0	594.0
607.0	593.0
607.0	592.0
606.0	592.0
606.0	592.0
606.0	591.0
605.0	591.0
604.0	590.0
603.0	589.0
603.0	588.0
602.0	588.0
601.0	587.0
601.0	587.0
600.0	586.0
599.0	587.0
598.0	588.0
597.0	590.0
596.0	594.0
595.0	600.0
595.0	609.0
595.0	620.0
595.0	631.0
594.0	643.0
594.0	652.0
594.0	660.0
594.0	665.0
593.0	667.0
593.0	666.0
593.0	665.0
592.0	663.0
591.0	660.0
591.0	658.0
590.0	657.0
590.0	657.0
589.0	659.0
589.0	662.0
589.0	666.0
588.0	671.0
587.0	675.0
586.0	679.0
585.0	683.0
583.0	686.0
583.0	688.0
583.0	689.0
583.0	690.0
584.0	689.0
586.0	688.0
590.0	686.0
598.0	683.0
611.0	680.0
629.0	676.0
650.0	672.0
671.0	669.0
691.0	666.0
708.0	665.0
720.0	665.0
727.0	665.0
729.0	666.0
726.0	666.0
720.0	667.0
711.0	667.0
702.0	667.0
691.0	666.0
683.0	664.0
676.0	663.0
672.0	660.0
670.0	658.0
670.0	656.0
671.0	653.0
674.0	651.0
679.0	650.0
683.0	649.0
687.0	647.0
690.0	646.0
692.0	645.0
694.0	644.0
694.0	643.0
691.0	642.0
688.0	641.0
682.0	639.0
675.0	638.0
668.0	637.0
660.0	636.0
654.0	635.0
650.0	633.0
648.0	632.0
648.0	631.0
649.0	630.0
651.0	629.0
653.0	627.0
656.0	626.0
658.0	625.0
659.0	624.0
660.0	623.0
659.0	622.0
657.0	621.0
655.0	620.0
653.0	620.0
650.0	619.0
647.0	618.0
644.0	617.0
642.0	617.0
640.0	616.0
638.0	615.0
636.0	614.0
635.0	613.0
634.0	613.0
633.0	612.0
632.0	611.0
631.0	610.0
630.0	609.0
629.0	608.0
628.0	607.0
627.0	606.0
626.0	606.0
625.0	605.0
624.0	604.0
623.0	603.0
621.0	602.0
621.0	601.0
619.0	600.0
618.0	599.0
618.0	599.0
617.0	598.0
616.0	598.0
615.0	597.0
614.0	596.0
614.0	596.0
614.0	595.0
614.0	594.0
613.0	593.0
612.0	593.0
612.0	592.0
611.0	591.0
610.0	590.0
610.0	590.0
609.0	589.0
608.0	588.0
608.0	588.0
607.0	587.0
605.0	586.0
604.0	585.0
603.0	584.0
602.0	583.0
601.0	582.0
600.0	582.0
600.0	582.0
599.0	583.0
598.0	585.0
597.0	589.0
595.0	595.0
594.0	603.0
593.0	613.0
593.0	623.0
593.0	634.0
592.0	642.0
592.0	649.0
591.0	653.0
590.0	655.0
590.0	655.0
589.0	654.0
589.0	652.0
589.0	650.0
588.0	648.0
587.0	647.0
586.0	647.0
585.0	649.0
585.0	652.0
584.0	655.0
584.0	659.0
583.0	663.0
581.0	667.0
580.0	670.0
578.0	672.0
578.0	674.0
578.0	675.0
578.0	675.0
578.0	675.0
580.0	674.0
584.0	672.0
592.0	669.0
605.0	665.0
622.0	661.0
640.0	658.0
660.0	655.0
678.0	654.0
693.0	653.0
704.0	653.0
711.0	653.0
713.0	654.0
710.0	654.0
705.0	655.0
697.0	655.0
688.0	654.0
679.0	653.0
671.0	652.0
665.0	650.0
661.0	648.0
659.0	645.0
659.0	643.0
660.0	642.0
662.0	640.0
666.0	639.0
669.0	638.0
672.0	637.0
675.0	636.0
677.0	634.0
677.0	633.0
677.0	631.0
675.0	630.0
671.0	629.0
666.0	628.0
659.0	627.0
651.0	626.0
645.0	625.0
641.0	624.0
639.0	623.0
638.0	622.0
638.0	621.0
639.0	620.0
641.0	619.0
643.0	617.0
646.0	616.0
648.0	615.0
649.0	615.0
648.0	614.0
647.0	613.0
645.0	613.0
643.0	612.0
641.0	611.0
639.0	611.0
636.0	610.0
634.0	609.0
632.0	609.0
630.0	608.0
629.0	608.0
627.0	607.0
625.0	606.0
623.0	605.0
622.0	605.0
620.0	605.0
620.0	604.0
619.0	604.0
618.0	603.0
617.0	603.0
616.0	602.0
615.0	601.0
614.0	600.0
614.0	599.0
613.0	599.0
612.0	598.0
611.0	598.0
610.0	597.0
609.0	596.0
609.0	596.0
609.0	595.0
609.0	594.0
608.0	594.0
608.0	593.0
607.0	593.0
607.0	593.0
607.0	592.0
607.0	592.0
606.0	591.0
606.0	591.0
606.0	590.0
605.0	589.0
604.0	589.0
603.0	588.0
602.0	588.0
602.0	588.0
602.0	587.0
601.0	587.0
601.0	586.0
600.0	586.0
599.0	585.0
598.0	584.0
597.0	583.0
596.0	582.0
595.0	582.0
595.0	583.0
594.0	584.0
593.0	586.0
593.0	589.0
592.0	595.0
591.0	604.0
591.0	614.0
590.0	625.0
589.0	637.0
589.0	647.0
589.0	655.0
589.0	660.0
589.0	662.0
588.0	662.0
588.0	661.0
588.0	659.0
587.0	656.0
586.0	654.0
586.0	654.0
585.0	654.0
585.0	656.0
585.0	659.0
586.0	664.0
585.0	668.0
584.0	673.0
583.0	677.0
581.0	680.0
580.0	683.0
579.0	685.0
578.0	687.0
579.0	688.0
580.0	688.0
582.0	688.0
586.0	687.0
593.0	685.0
606.0	682.0
623.0	678.0
643.0	674.0
663.0	671.0
683.0	668.0
701.0	666.0
714.0	665.0
722.0	665.0
724.0	666.0
722.0	667.0
716.0	668.0
708.0	668.0
698.0	668.0
689.0	668.0
681.0	666.0
674.0	665.0
671.0	663.0
669.0	660.0
670.0	658.0
671.0	655.0
674.0	653.0
678.0	652.0
682.0	651.0
686.0	650.0
689.0	649.0
692.0	647.0
693.0	646.0
694.0	645.0
693.0	644.0
691.0	642.0
687.0	641.0
681.0	640.0
673.0	639.0
665.0	638.0
658.0	637.0
653.0	635.0
650.0	634.0
649.0	633.0
650.0	632.0
652.0	631.0
654.0	630.0
656.0	629.0
659.0	628.0
660.0	627.0
661.0	626.0
661.0	625.0
659.0	624.0
657.0	623.0
655.0	622.0
652.0	621.0
649.0	620.0
647.0	620.0
644.0	619.0
642.0	618.0
641.0	617.0
639.0	616.0
638.0	616.0
636.0	615.0
635.0	614.0
634.0	613.0
633.0	612.0
632.0	611.0
631.0	610.0
630.0	609.0
629.0	608.0
628.0	607.0
627.0	606.0
626.0	605.0
625.0	604.0
624.0	603.0
623.0	602.0
622.0	601.0
621.0	601.0
620.0	600.0
620.0	599.0
619.0	598.0
618.0	597.0
617.0	597.0
617.0	596.0
616.0	596.0
616.0	595.0
615.0	594.0
614.0	594.0
614.0	593.0
613.0	592.0
613.0	591.0
612.0	591.0
611.0	590.0
610.0	589.0
609.0	589.0
608.0	588.0
607.0	588.0
606.0	587.0
605.0	586.0
603.0	585.0
602.0	584.0
600.0	584.0
599.0	583.0
598.0	583.0
597.0	582.0
596.0	582.0
595.0	583.0
595.0	585.0
594.0	588.0
593.0	594.0
593.0	602.0
592.0	612.0
592.0	623.0
591.0	633.0
592.0	642.0
591.0	650.0
591.0	654.0
590.0	657.0
590.0	657.0
589.0	655.0
588.0	653.0
588.0	651.0
587.0	649.0
587.0	649.0
586.0	649.0
585.0	651.0
585.0	654.0
584.0	658.0
583.0	662.0
582.0	666.0
581.0	670.0
580.0	673.0
579.0	676.0
579.0	678.0
578.0	679.0
579.0	681.0
579.0	681.0
580.0	680.0
584.0	679.0
591.0	676.0
603.0	673.0
620.0	669.0
639.0	665.0
659.0	662.0
677.0	660.0
694.0	658.0
705.0	658.0
713.0	658.0
715.0	659.0
713.0	660.0
707.0	661.0
700.0	661.0
691.0	661.0
682.0	660.0
674.0	658.0
669.0	656.0
665.0	654.0
663.0	652.0
663.0	650.0
664.0	648.0
667.0	646.0
670.0	645.0
674.0	643.0
677.0	642.0
681.0	641.0
684.0	639.0
686.0	638.0
686.0	637.0
685.0	636.0
682.0	635.0
677.0	634.0
670.0	632.0
663.0	631.0
655.0	630.0
649.0	629.0
645.0	628.0
643.0	627.0
642.0	625.0
644.0	624.0
646.0	623.0
648.0	622.0
651.0	621.0
653.0	620.0
653.0	619.0
654.0	618.0
652.0	617.0
651.0	616.0
649.0	615.0
647.0	614.0
644.0	614.0
642.0	613.0
639.0
637.0
634.0
632.0
631.0
629.0
629.0
628.0
627.0
625.0
624.0
623.0
622.0
621.0
620.0
619.0
618.0
617.0
616.0
615.0
614.0
613.0
613.0
612.0
612.0
611.0
611.0
610.0
609.0
608.0
608.0
607.0
607.0
