System ID	Database ID	Patient Number	Surname	First Name	Sex	Date Of Birth	Patient ID	Patient Code	Patient Notes	SP	DP	MP	DATA_REV	DATETIME	AGE	MEDICATION	NOTES	OPERATOR	INTERPRETATION	HEIGHT	WEIGHT	BODY_MASS_INDEX	SAMPLE_RATE	SIMULATION MODE	Tonometer Serial Number	SUB_TYPE	Inconclusive	Reference Age	PPAmpRatio	P_MAX_DPDT	ED	CalcED	QUALITY_ED	P_QC_PH	P_QC_PHV	P_QC_PLV	P_QC_DV	P_QC_SDEV	Operator Index	P_SP	P_DP	P_MEANP	P_T1	P_T2	P_AI	P_CalcT1	P_CalcT2	P_ESP	P_P1	P_P2	P_T1ED	P_T2ED	P_QUALITY_T1	P_QUALITY_T2	C_AP	C_AP_HR75	C_MPS	C_MPD	C_TTI	C_DTI	C_SVI	C_AL	C_ATI	HR	C_PERIOD	C_DD	C_ED_PERIOD	C_DD_PERIOD	C_PH	C_AGPH	C_AGPH_HR75	C_P1_HEIGHT	C_T1R	C_SP	C_DP	C_MEANP	C_T1	C_T2	C_AI	C_CalcT1	C_CalcT2	C_ESP	C_P1	C_P2	C_T1ED	C_T2ED	C_QUALITY_T1	C_QUALITY_T2	C_APRT	C_CFTT	C_CFD	C_WRPWV	C_RI	C_FPPH	C_FPPT	C_RPPH	C_RPPT
00139	FQTTEST	690	T	Y	MALE	01/12/1980	12345	code	notes	120	80	0	130	03/12/2009 11:16:34	29	medication	notes2	paul		170	70	24.22	128	Yes	0	RADIAL	Yes	68	125	738	265	265	0	110	21	8	28	11	5	120	80	98	97	191	86	97	191	103	120	114	37	72	1	1	10	10	103	95	2099	3756	179	10	44	77	781	517	34	66	32	30	31	22	118	112	80	98	91	209	143	91	209	108	103	112	34	79	1	1

PeriphSignal 	 CentralSignal 	 PeriphPulse 	 CentralPulse 
287.0	260.0	80.0	80.41
286.0	260.0	81.51	81.29
284.0	260.0	84.13	82.76
282.0	259.0	87.92	84.86
280.0	259.0	92.76	87.52
279.0	258.0	98.32	90.57
277.0	258.0	104.04	93.69
275.0	257.0	109.28	96.57
273.0	257.0	113.55	98.93
272.0	258.0	116.65	100.66
271.0	258.0	118.6	101.79
270.0	259.0	119.63	102.46
269.0	260.0	120.0	102.92
267.0	261.0	119.98	103.37
265.0	261.0	119.8	103.95
263.0	261.0	119.54	104.69
262.0	262.0	119.12	105.56
261.0	263.0	118.57	106.48
260.0	263.0	117.94	107.41
259.0	263.0	117.29	108.29
258.0	264.0	116.68	109.13
257.0	264.0	116.08	109.91
256.0	264.0	115.52	110.62
254.0	264.0	115.0	111.24
253.0	264.0	114.5	111.74
253.0	265.0	114.01	112.11
253.0	267.0	113.5	112.34
254.0	269.0	112.85	112.39
255.0	273.0	111.87	112.21
256.0	279.0	110.45	111.78
257.0	285.0	108.55	111.09
258.0	292.0	106.45	110.25
259.0	299.0	104.57	109.4
259.0	303.0	103.27	108.74
259.0	306.0	102.71	108.41
259.0	306.0	102.98	108.47
258.0	306.0	103.91	108.85
258.0	305.0	105.14	109.41
258.0	305.0	106.4	109.96
259.0	306.0	107.59	110.05
260.0	308.0	108.75	109.56
261.0	311.0	107.88	108.54
262.0	313.0	106.18	107.13
263.0	314.0	104.4	105.54
264.0	314.0	102.47	104.25
265.0	315.0	100.25	103.37
265.0	315.0	99.63	102.86
266.0	316.0	99.42	102.56
268.0	317.0	98.97	102.29
269.0	318.0	98.37	101.92
269.0	318.0	97.65	101.42
268.0	318.0	96.89	100.81
268.0	317.0	96.1	100.14
267.0	316.0	95.28	99.46
268.0	313.0	94.42	98.75
268.0	311.0	93.57	98.0
269.0	309.0	92.7	97.2
271.0	307.0	91.86	96.35
274.0	307.0	91.03	95.49
281.0	308.0	90.19	94.67
293.0	309.0	89.35	93.93
307.0	311.0	88.49	93.26
318.0	312.0	87.6	92.62
327.0	312.0	86.71	91.95
334.0	313.0	85.82	91.2
338.0	312.0	84.91	90.36
337.0	311.0	83.99	89.46
334.0	310.0	83.11	88.55
332.0	309.0	82.32	87.72
332.0	308.0	81.69	87.02
332.0	307.0	81.26	86.47
333.0	307.0	81.05	86.03
333.0	306.0	81.04	85.69
332.0	306.0	81.15	85.41
329.0	306.0	81.32	85.16
326.0	306.0	81.51	84.92
323.0	306.0	81.7	84.72
321.0	306.0	81.79	86.31
320.0	305.0	83.15	87.83
319.0	304.0	84.83	89.29
319.0	303.0	86.36	90.7
318.0	302.0	87.78	92.05
317.0	301.0	89.18	91.58
314.0	300.0	89.22	91.17
310.0	299.0	88.89	90.83
305.0	299.0	88.71	90.56
299.0	298.0	88.65	90.39
295.0	298.0	88.69	90.29
292.0	297.0	88.78	90.23
294.0	296.0	88.82	90.16
297.0	295.0	88.78	90.05
300.0	294.0	88.64	89.86
303.0	293.0	88.35	89.59
305.0	292.0	87.94	89.26
308.0	291.0	87.49	88.91
310.0	290.0	87.05	88.58
310.0	290.0	86.72	88.36
310.0	290.0	86.91	88.71
310.0	289.0	87.57	89.47
310.0	289.0	88.5	90.39
310.0	288.0	89.89	92.05
309.0	287.0
309.0	287.0
308.0	286.0
308.0	286.0
307.0	286.0
307.0	286.0
306.0	285.0
305.0	284.0
304.0	284.0
302.0	283.0
300.0	282.0
299.0	282.0
297.0	282.0
295.0	282.0
294.0	282.0
293.0	283.0
292.0	283.0
291.0	283.0
290.0	282.0
289.0	282.0
288.0	281.0
287.0	280.0
285.0	280.0
284.0	280.0
283.0	281.0
284.0	283.0
284.0	287.0
284.0	292.0
284.0	297.0
284.0	303.0
283.0	308.0
283.0	312.0
283.0	315.0
283.0	317.0
284.0	318.0
284.0	319.0
284.0	320.0
284.0	321.0
283.0	322.0
282.0	323.0
281.0	323.0
280.0	323.0
280.0	323.0
280.0	324.0
281.0	324.0
282.0	326.0
282.0	327.0
283.0	329.0
283.0	330.0
283.0	331.0
281.0	331.0
279.0	331.0
278.0	329.0
278.0	327.0
280.0	324.0
282.0	321.0
286.0	319.0
292.0	318.0
302.0	319.0
312.0	321.0
322.0	323.0
331.0	324.0
338.0	325.0
343.0	325.0
346.0	324.0
348.0	323.0
349.0	322.0
350.0	321.0
349.0	320.0
348.0	320.0
346.0	319.0
343.0	319.0
339.0	319.0
335.0	318.0
332.0	318.0
330.0	317.0
330.0	317.0
329.0	316.0
330.0	315.0
330.0	314.0
331.0	313.0
330.0	313.0
328.0	313.0
325.0	313.0
319.0	313.0
313.0	312.0
307.0	310.0
304.0	309.0
305.0	307.0
309.0	306.0
312.0	305.0
316.0	304.0
318.0	303.0
320.0	303.0
321.0	303.0
322.0	302.0
321.0	302.0
321.0	302.0
321.0	301.0
321.0	301.0
322.0	300.0
322.0	299.0
321.0	297.0
321.0	296.0
320.0	296.0
319.0	295.0
317.0	294.0
315.0	294.0
313.0	294.0
312.0	294.0
311.0	293.0
310.0	293.0
310.0	293.0
310.0	293.0
309.0	292.0
308.0	291.0
307.0	290.0
304.0	290.0
302.0	289.0
300.0	288.0
298.0	288.0
297.0	288.0
296.0	290.0
295.0	291.0
295.0	294.0
296.0	298.0
296.0	303.0
297.0	309.0
297.0	315.0
297.0	320.0
296.0	324.0
295.0	327.0
295.0	328.0
294.0	328.0
293.0	327.0
292.0	327.0
292.0	328.0
291.0	329.0
291.0	330.0
291.0	332.0
291.0	333.0
291.0	334.0
291.0	335.0
291.0	336.0
291.0	337.0
290.0	338.0
289.0	339.0
288.0	339.0
287.0	339.0
286.0	338.0
285.0	338.0
285.0	337.0
286.0	335.0
289.0	332.0
292.0	329.0
297.0	327.0
305.0	327.0
317.0	328.0
328.0	329.0
338.0	331.0
346.0	333.0
353.0	334.0
358.0	334.0
359.0	333.0
357.0	332.0
355.0	330.0
354.0	330.0
353.0	329.0
353.0	329.0
351.0	329.0
349.0	329.0
347.0	329.0
345.0	328.0
344.0	327.0
343.0	326.0
342.0	326.0
341.0	326.0
339.0	325.0
338.0	324.0
337.0	323.0
336.0	322.0
334.0	321.0
332.0	320.0
327.0	319.0
321.0	318.0
315.0	317.0
311.0	316.0
313.0	315.0
317.0	314.0
321.0	313.0
324.0	312.0
327.0	311.0
330.0	311.0
331.0	310.0
332.0	309.0
331.0	309.0
331.0	308.0
331.0	307.0
332.0	306.0
333.0	305.0
334.0	304.0
333.0	303.0
332.0	302.0
330.0	301.0
328.0	300.0
326.0	299.0
325.0	298.0
324.0	297.0
323.0	297.0
321.0	297.0
320.0	298.0
318.0	298.0
316.0	298.0
314.0	298.0
312.0	297.0
310.0	296.0
308.0	295.0
307.0	294.0
306.0	293.0
305.0	293.0
305.0	294.0
303.0	296.0
303.0	299.0
302.0	304.0
302.0	309.0
302.0	315.0
302.0	320.0
302.0	325.0
302.0	328.0
301.0	331.0
300.0	332.0
299.0	332.0
298.0	333.0
297.0	334.0
296.0	335.0
295.0	336.0
294.0	337.0
293.0	338.0
292.0	338.0
293.0	339.0
294.0	340.0
296.0	342.0
297.0	343.0
297.0	344.0
297.0	345.0
296.0	345.0
295.0	345.0
293.0	345.0
292.0	344.0
291.0	342.0
292.0	339.0
294.0	336.0
298.0	334.0
303.0	333.0
312.0	333.0
323.0	334.0
334.0	336.0
343.0	337.0
350.0	338.0
356.0	338.0
360.0	338.0
361.0	337.0
362.0	336.0
362.0	335.0
361.0	335.0
361.0	334.0
359.0	333.0
358.0	332.0
355.0	332.0
353.0	331.0
350.0	330.0
349.0	330.0
348.0	330.0
348.0	330.0
347.0	330.0
347.0	330.0
346.0	330.0
345.0	330.0
343.0	331.0
340.0	333.0
335.0	335.0
330.0	338.0
323.0	341.0
319.0	346.0
318.0	352.0
321.0	359.0
324.0	367.0
326.0	374.0
329.0	381.0
331.0	386.0
333.0	390.0
334.0	392.0
334.0	395.0
335.0	397.0
335.0	400.0
336.0	403.0
336.0	407.0
335.0	413.0
334.0	418.0
333.0	424.0
332.0	430.0
331.0	435.0
330.0	440.0
330.0	443.0
329.0	446.0
329.0	448.0
328.0	449.0
329.0	450.0
330.0	450.0
333.0	450.0
335.0	450.0
339.0	449.0
343.0	448.0
349.0	447.0
359.0	446.0
371.0	446.0
385.0	447.0
398.0	449.0
411.0	452.0
422.0	454.0
430.0	457.0
435.0	460.0
438.0	464.0
440.0	467.0
442.0	470.0
444.0	472.0
446.0	472.0
449.0	472.0
452.0	471.0
458.0	470.0
463.0	469.0
467.0	469.0
471.0	469.0
474.0	469.0
474.0	469.0
474.0	468.0
473.0	467.0
472.0	466.0
470.0	466.0
467.0	465.0
463.0	464.0
458.0	464.0
452.0	462.0
446.0	460.0
441.0	458.0
437.0	455.0
436.0	452.0
437.0	449.0
440.0	446.0
445.0	443.0
449.0	442.0
454.0	441.0
461.0	440.0
470.0	440.0
478.0	440.0
483.0	440.0
487.0	440.0
488.0	439.0
488.0	438.0
486.0	437.0
485.0	435.0
484.0	434.0
483.0	432.0
481.0	431.0
479.0	430.0
475.0	429.0
472.0	429.0
469.0	429.0
466.0	429.0
463.0	430.0
461.0	430.0
458.0	430.0
455.0	430.0
452.0	429.0
448.0	428.0
444.0	426.0
439.0	425.0
434.0	423.0
429.0	422.0
424.0	421.0
420.0	420.0
419.0	420.0
420.0	419.0
421.0	419.0
422.0	419.0
424.0	418.0
426.0	418.0
429.0	416.0
431.0	415.0
431.0	414.0
431.0	413.0
431.0	412.0
431.0	412.0
431.0	411.0
430.0	411.0
429.0	412.0
429.0	412.0
429.0	412.0
429.0	412.0
430.0	413.0
431.0	414.0
431.0	415.0
431.0	416.0
431.0	418.0
430.0	419.0
428.0	420.0
425.0	421.0
422.0	423.0
419.0	424.0
417.0	426.0
415.0	429.0
414.0	433.0
412.0	437.0
412.0	441.0
412.0	446.0
412.0	451.0
411.0	454.0
410.0	457.0
409.0	459.0
407.0	460.0
406.0	460.0
406.0	461.0
405.0	462.0
406.0	463.0
407.0	465.0
407.0	466.0
408.0	467.0
409.0	468.0
410.0	469.0
412.0	469.0
414.0	470.0
416.0	470.0
419.0	471.0
423.0	471.0
426.0	471.0
429.0	471.0
430.0	471.0
432.0	469.0
434.0	468.0
437.0	466.0
441.0	465.0
445.0	464.0
451.0	465.0
456.0	466.0
464.0	466.0
472.0	467.0
479.0	468.0
483.0	467.0
485.0	467.0
485.0	466.0
486.0	465.0
485.0	464.0
484.0	463.0
483.0	462.0
482.0	461.0
482.0	461.0
481.0	460.0
479.0	459.0
478.0	458.0
475.0	458.0
473.0	458.0
472.0	458.0
471.0	457.0
471.0	456.0
470.0	455.0
470.0	454.0
468.0	453.0
467.0	453.0
464.0	452.0
461.0	451.0
458.0	450.0
455.0	449.0
454.0	447.0
457.0	446.0
460.0	445.0
462.0	443.0
463.0	442.0
464.0	441.0
465.0	441.0
465.0	440.0
464.0	439.0
463.0	438.0
463.0	437.0
463.0	435.0
462.0	433.0
461.0	431.0
459.0	429.0
458.0	428.0
457.0	427.0
456.0	427.0
455.0	427.0
454.0	426.0
454.0	426.0
453.0	424.0
452.0	422.0
451.0	421.0
450.0	419.0
449.0	418.0
447.0	417.0
446.0	417.0
445.0	417.0
443.0	417.0
442.0	417.0
440.0	417.0
438.0	417.0
437.0	417.0
435.0	417.0
433.0	417.0
433.0	418.0
432.0	421.0
432.0	424.0
432.0	428.0
431.0	431.0
429.0	434.0
426.0	437.0
423.0	438.0
421.0	439.0
419.0	439.0
418.0	438.0
418.0	437.0
419.0	436.0
420.0	435.0
420.0	434.0
419.0	434.0
417.0	435.0
415.0	436.0
413.0	438.0
411.0	440.0
410.0	442.0
410.0	443.0
411.0	444.0
412.0	444.0
413.0	443.0
413.0	442.0
414.0	440.0
414.0	437.0
415.0	434.0
416.0	432.0
417.0	431.0
420.0	432.0
426.0	434.0
434.0	437.0
441.0	440.0
447.0	442.0
452.0	442.0
456.0	442.0
458.0	440.0
459.0	439.0
458.0	437.0
456.0	436.0
453.0	436.0
449.0	435.0
445.0	435.0
441.0	434.0
439.0	434.0
438.0	433.0
438.0	433.0
439.0	433.0
441.0	433.0
442.0	434.0
443.0	434.0
444.0	433.0
444.0	432.0
443.0	431.0
441.0	429.0
436.0	428.0
431.0	427.0
426.0	427.0
422.0	427.0
421.0	426.0
424.0	426.0
429.0	426.0
435.0	426.0
439.0	425.0
442.0	424.0
443.0	423.0
443.0	421.0
442.0	420.0
441.0	419.0
440.0	417.0
439.0	415.0
438.0	414.0
438.0	412.0
437.0	410.0
435.0	408.0
433.0	405.0
432.0	403.0
431.0	401.0
430.0	400.0
431.0	399.0
431.0	399.0
431.0	399.0
431.0	400.0
429.0	400.0
427.0	399.0
425.0	398.0
423.0	396.0
422.0	394.0
421.0	392.0
421.0	392.0
421.0	393.0
421.0	395.0
422.0	399.0
421.0	404.0
420.0	409.0
419.0	415.0
417.0	420.0
416.0	423.0
415.0	425.0
413.0	426.0
410.0	425.0
408.0	424.0
406.0	425.0
403.0	426.0
400.0	429.0
396.0	433.0
392.0	437.0
389.0	441.0
386.0	444.0
385.0	446.0
386.0	448.0
387.0	449.0
389.0	450.0
391.0	451.0
393.0	453.0
393.0	455.0
392.0	458.0
390.0	460.0
387.0	461.0
386.0	462.0
388.0	462.0
392.0	462.0
398.0	461.0
404.0	461.0
413.0	461.0
425.0	462.0
436.0	463.0
445.0	465.0
450.0	466.0
452.0	439.0
452.0	408.0
451.0	379.0
450.0	359.0
449.0	350.0
450.0	351.0
454.0	356.0
458.0	360.0
462.0	360.0
464.0	356.0
465.0	348.0
465.0	339.0
464.0	332.0
463.0	327.0
463.0	322.0
464.0	316.0
466.0	309.0
468.0	301.0
470.0	293.0
472.0	287.0
472.0	284.0
471.0	284.0
469.0	283.0
466.0	282.0
463.0	278.0
461.0	272.0
462.0	266.0
465.0	262.0
466.0	260.0
467.0	260.0
468.0	260.0
468.0	259.0
283.0	257.0
282.0	257.0
280.0	257.0
279.0	257.0
277.0	259.0
276.0	263.0
274.0	269.0
272.0	278.0
271.0	287.0
269.0	297.0
268.0	305.0
267.0	310.0
266.0	313.0
265.0	313.0
265.0	313.0
264.0	313.0
264.0	314.0
263.0	316.0
262.0	319.0
262.0	321.0
262.0	322.0
261.0	323.0
260.0	323.0
259.0	323.0
257.0	324.0
256.0	325.0
255.0	326.0
254.0	326.0
253.0	327.0
252.0	327.0
252.0	327.0
251.0	326.0
251.0	325.0
253.0	322.0
255.0	318.0
258.0	314.0
266.0	311.0
280.0	311.0
298.0	311.0
317.0	313.0
333.0	315.0
346.0	316.0
354.0	317.0
358.0	316.0
358.0	315.0
356.0	314.0
355.0	312.0
356.0	311.0
357.0	310.0
356.0	308.0
353.0	307.0
349.0	305.0
343.0	304.0
338.0	303.0
334.0	302.0
331.0	301.0
327.0	300.0
325.0	299.0
322.0	298.0
322.0	296.0
321.0	294.0
320.0	293.0
318.0	291.0
313.0	290.0
306.0	288.0
297.0	286.0
290.0	284.0
289.0	281.0
292.0	279.0
295.0	276.0
299.0	273.0
303.0	271.0
306.0	269.0
309.0	267.0
311.0	266.0
311.0	265.0
312.0	265.0
312.0	265.0
311.0	264.0
311.0	264.0
310.0	263.0
308.0	261.0
306.0	259.0
303.0	257.0
301.0	255.0
299.0	252.0
297.0	251.0
295.0	249.0
293.0	249.0
290.0	248.0
287.0	248.0
285.0	248.0
283.0	248.0
281.0	248.0
278.0	247.0
275.0	246.0
272.0	245.0
269.0	244.0
265.0	243.0
262.0	244.0
259.0	245.0
255.0	248.0
252.0	253.0
250.0	261.0
249.0	270.0
249.0	279.0
250.0	287.0
251.0	293.0
253.0	297.0
255.0	299.0
255.0	300.0
255.0	300.0
255.0	301.0
253.0	302.0
251.0	304.0
248.0	305.0
246.0	307.0
244.0	308.0
243.0	309.0
242.0	310.0
243.0	311.0
243.0	313.0
244.0	314.0
244.0	314.0
244.0	315.0
243.0	315.0
242.0	314.0
241.0	314.0
240.0	313.0
240.0	311.0
241.0	309.0
244.0	305.0
250.0	302.0
261.0	300.0
277.0	300.0
294.0	301.0
310.0	302.0
323.0	303.0
333.0	304.0
339.0	304.0
343.0	303.0
344.0	302.0
344.0	300.0
343.0	299.0
343.0	298.0
341.0	297.0
338.0	296.0
335.0	295.0
331.0	293.0
327.0	292.0
324.0	291.0
321.0	290.0
318.0	289.0
316.0	288.0
314.0	288.0
312.0	286.0
310.0	285.0
309.0	283.0
307.0	282.0
305.0	281.0
300.0	279.0
293.0	278.0
285.0	277.0
280.0	276.0
281.0	276.0
283.0	275.0
286.0	274.0
289.0	273.0
292.0	272.0
295.0	271.0
297.0	270.0
297.0	269.0
298.0	269.0
298.0	268.0
298.0	267.0
298.0	267.0
298.0	266.0
297.0	266.0
295.0	265.0
293.0	265.0
291.0	265.0
289.0	264.0
286.0	264.0
285.0	264.0
283.0	263.0
282.0	263.0
280.0	263.0
278.0	263.0
276.0	263.0
273.0	263.0
271.0	262.0
269.0	262.0
267.0	261.0
266.0	260.0
266.0	260.0
266.0	259.0
266.0	258.0
265.0	258.0
265.0	259.0
264.0	259.0
263.0	261.0
263.0	264.0
263.0	270.0
263.0	277.0
263.0	286.0
263.0	295.0
263.0	303.0
263.0	310.0
263.0	314.0
263.0	317.0
263.0	318.0
263.0	319.0
263.0	319.0
263.0	320.0
263.0	321.0
263.0	323.0
263.0	324.0
263.0	325.0
263.0	326.0
263.0	328.0
263.0	330.0
262.0	332.0
261.0	333.0
260.0	334.0
258.0	334.0
258.0	334.0
257.0	333.0
255.0	333.0
255.0	332.0
256.0	329.0
258.0	326.0
261.0	322.0
267.0	319.0
278.0	318.0
294.0	318.0
311.0	319.0
327.0	321.0
340.0	323.0
351.0	324.0
358.0	324.0
363.0	323.0
364.0	322.0
363.0	320.0
363.0	319.0
361.0	318.0
359.0	316.0
356.0	315.0
352.0	313.0
348.0	312.0
345.0	311.0
343.0	310.0
341.0	310.0
339.0	309.0
336.0	308.0
334.0	307.0
332.0	306.0
330.0	304.0
329.0	302.0
327.0	301.0
323.0	300.0
317.0	298.0
310.0	297.0
302.0	296.0
297.0	294.0
298.0	293.0
301.0	291.0
304.0	290.0
308.0	288.0
311.0	286.0
315.0	285.0
317.0	283.0
319.0	282.0
319.0	281.0
319.0	281.0
319.0	280.0
318.0	280.0
317.0	279.0
316.0	278.0
314.0	277.0
312.0	276.0
310.0	275.0
308.0	273.0
307.0	272.0
305.0	272.0
303.0	271.0
301.0	271.0
299.0	271.0
296.0	270.0
294.0	269.0
292.0	268.0
290.0	267.0
288.0	266.0
286.0	265.0
284.0	265.0
282.0	264.0
281.0	264.0
279.0	263.0
277.0	263.0
275.0	262.0
274.0	261.0
273.0	260.0
271.0	259.0
271.0	259.0
271.0	259.0
272.0	259.0
273.0	261.0
273.0	265.0
273.0	271.0
273.0	278.0
272.0	285.0
271.0	292.0
270.0	297.0
269.0	300.0
268.0	302.0
268.0	302.0
268.0	301.0
268.0	301.0
268.0	301.0
267.0	301.0
266.0	302.0
265.0	303.0
263.0	303.0
262.0	304.0
261.0	306.0
260.0	307.0
260.0	308.0
260.0	309.0
260.0	309.0
259.0	308.0
258.0	308.0
257.0	307.0
255.0	305.0
254.0	304.0
254.0	302.0
254.0	299.0
255.0	296.0
260.0	295.0
268.0	294.0
281.0	295.0
295.0	296.0
308.0	297.0
319.0	297.0
328.0	297.0
334.0	296.0
336.0	295.0
336.0	293.0
334.0	292.0
332.0
330.0
328.0
325.0
322.0
319.0
316.0
314.0
312.0
311.0
309.0
307.0
304.0
302.0
300.0
298.0
294.0
289.0
283.0
277.0
276.0
278.0
281.0
284.0
286.0
288.0
290.0
290.0
290.0
289.0
289.0
289.0
289.0
