System ID	Database ID	Patient Number	Surname	First Name	Sex	Date Of Birth	Patient ID	Patient Code	Patient Notes	SP	DP	MP	DATA_REV	DATETIME	MEDICATION	NOTES	OPERATOR	INTERPRETATION	HEIGHT	WEIGHT	BODY_MASS_INDEX	SAMPLE_RATE	SIMULATION	Tonometer Serial Number	SUB_TYPE	Inconclusive	Reference Age	PPAmpRatio	P_MAX_DPDT	ED	CalcED	QUALITY_ED	P_QC_PH	P_QC_PHV	P_QC_PLV	P_QC_DV	P_QC_SDEV	Operator Index	P_SP	P_DP	P_MEANP	P_T1	P_T2	P_AI	P_CalcT1	P_CalcT2	P_ESP	P_P1	P_P2	P_T1ED	P_T2ED	P_QUALITY_T1	P_QUALITY_T2	C_AP	C_AP_HR75	C_MPS	C_MPD	C_TTI	C_DTI	C_SVI	C_AL	C_ATI	HR	C_PERIOD	C_DD	C_ED_PERIOD	C_DD_PERIOD	C_PH	C_AGPH	C_AGPH_HR75	C_P1_HEIGHT	C_T1R	C_SP	C_DP	C_MEANP	C_T1	C_T2	C_AI	C_CalcT1	C_CalcT2	C_ESP	C_P1	C_P2	C_T1ED	C_T2ED	C_QUALITY_T1	C_QUALITY_T2	C_APRT	C_CFTT	C_CFD	C_WRPWV	C_RI	C_FPPH	C_FPPT	C_RPPH	C_RPPT
00139	FQTTEST	690	T	Y	MALE	01/01/1997				121	81	0	130	18/09/2008 15:56:59			paul		9999	9999	9999	128	Yes	12345	RADIAL	No	9999	113	621	333	333	0	400	0	0	0	1	100	121	81	97	110	206	95	110	206	102	121	119	33	62	0	0	13	10	107	92	2256	3579	159	17	91	63	945	612	35	65	35	36	30	23	138	117	82	97	102	239	156	102	239	109	104	117	30	72	1	1

PeriphSignal 	 CentralSignal 	 PeriphPulse 	 CentralPulse 
475.0	426.0	81.0	81.8
472.0	424.0	82.49	82.57
469.0	422.0	84.88	83.83
466.0	420.0	88.23	85.59
464.0	419.0	92.36	87.8
462.0	417.0	97.02	90.31
460.0	416.0	101.86	92.94
458.0	414.0	106.51	95.49
456.0	413.0	110.69	97.8
454.0	412.0	114.18	99.76
452.0	414.0	116.9	101.34
450.0	420.0	118.83	102.59
448.0	431.0	120.09	103.58
446.0	447.0	120.78	104.38
445.0	470.0	121.0	105.09
443.0	496.0	120.88	105.79
441.0	524.0	120.59	106.51
440.0	550.0	120.16	107.31
438.0	574.0	119.7	108.19
437.0	594.0	119.32	109.15
436.0	609.0	119.02	110.17
434.0	620.0	118.8	111.21
433.0	629.0	118.7	112.24
431.0	636.0	118.69	113.2
430.0	642.0	118.71	114.08
428.0	649.0	118.77	114.85
426.0	655.0	118.82	115.52
424.0	663.0	118.8	116.07
421.0	671.0	118.69	116.52
418.0	680.0	118.48	116.83
416.0	691.0	118.11	117.01
413.0	701.0	117.55	117.04
410.0	711.0	116.79	116.9
409.0	721.0	115.82	116.59
407.0	730.0	114.63	116.1
404.0	737.0	113.22	115.46
403.0	744.0	111.66	114.69
402.0	749.0	110.02	113.83
402.0	754.0	108.36	112.93
400.0	757.0	106.75	112.02
400.0	759.0	105.28	111.14
403.0	760.0	103.99	110.33
418.0	759.0	102.91	109.59
442.0	756.0	102.07	108.94
477.0	752.0	101.46	108.38
521.0	745.0	101.06	107.88
570.0	738.0	100.85	107.44
621.0	729.0	100.76	107.02
669.0	720.0	100.75	106.62
710.0	711.0	100.79	106.2
743.0	702.0	100.83	105.76
768.0	694.0	100.84	105.29
785.0	686.0	100.8	104.8
795.0	680.0	100.71	104.28
799.0	675.0	100.53	103.75
800.0	670.0	100.27	103.19
798.0	666.0	99.93	102.63
793.0	662.0	99.51	102.05
788.0	658.0	99.0	101.47
784.0	655.0	98.44	100.89
779.0	650.0	97.84	100.32
776.0	646.0	97.22	99.75
775.0	641.0	96.6	99.21
774.0	636.0	95.96	98.67
774.0	631.0	95.32	98.14
775.0	626.0	94.66	97.62
776.0	620.0	93.99	97.1
776.0	615.0	93.33	96.57
777.0	609.0	92.68	96.06
776.0	603.0	92.06	95.55
774.0	598.0	91.47	95.06
770.0	592.0	90.93	94.59
765.0	587.0	90.42	94.13
758.0	582.0	89.98	93.69
748.0	577.0	89.58	93.27
736.0	572.0	89.22	92.86
722.0	567.0	88.89	92.45
706.0	562.0	88.58	92.05
689.0	557.0	88.27	91.64
672.0	552.0	87.96	91.23
657.0	547.0	87.64	90.81
642.0	542.0	87.33	90.39
629.0	538.0	87.04	89.98
619.0	534.0	86.77	89.59
611.0	530.0	86.52	89.21
606.0	526.0	86.29	88.86
603.0	522.0	86.08	88.52
601.0	518.0	85.87	88.2
601.0	514.0	85.66	87.88
602.0	510.0	85.45	87.58
602.0	506.0	85.25	87.28
603.0	502.0	85.04	86.99
603.0	498.0	84.85	86.71
603.0	494.0	84.66	86.44
602.0	490.0	84.48	86.18
600.0	487.0	84.31	85.94
598.0	484.0	84.14	85.71
594.0	481.0	83.98	85.48
590.0	478.0	83.83	85.27
585.0	475.0	83.68	85.07
579.0	472.0	83.54	84.88
573.0	469.0	83.39	84.69
567.0	466.0	83.25	84.5
561.0	463.0	83.09	84.32
555.0	461.0	82.92	84.12
549.0	459.0	82.74	83.92
542.0	456.0	82.53	83.71
536.0	454.0	82.29	83.49
529.0	452.0	82.04	83.27
523.0	450.0	81.77	83.03
517.0	448.0	81.48	82.8
511.0	447.0	81.23	82.58
506.0	445.0	81.0	82.37
501.0	443.0	80.75	82.16
497.0	441.0	80.54	81.97
493.0	439.0	80.37	81.8
490.0	437.0	80.22	81.63
487.0	435.0	80.07	81.48
484.0	433.0	79.98	81.36
481.0	431.0	79.96	81.31
478.0	428.0	80.27	81.43
475.0	426.0	80.52	81.77
472.0	424.0
469.0	422.0
466.0	420.0
464.0	419.0
462.0	417.0
460.0	416.0
458.0	414.0
456.0	413.0
454.0	412.0
452.0	414.0
450.0	420.0
448.0	431.0
446.0	447.0
445.0	470.0
443.0	496.0
441.0	524.0
440.0	550.0
438.0	574.0
437.0	594.0
436.0	609.0
434.0	620.0
433.0	629.0
431.0	636.0
430.0	642.0
428.0	649.0
426.0	655.0
424.0	663.0
421.0	671.0
418.0	680.0
416.0	691.0
413.0	701.0
410.0	711.0
409.0	721.0
407.0	730.0
404.0	737.0
403.0	744.0
402.0	749.0
402.0	754.0
400.0	757.0
400.0	759.0
403.0	760.0
418.0	759.0
442.0	756.0
477.0	752.0
521.0	745.0
570.0	738.0
621.0	729.0
669.0	720.0
710.0	711.0
743.0	702.0
768.0	694.0
785.0	686.0
795.0	680.0
799.0	675.0
800.0	670.0
798.0	666.0
793.0	662.0
788.0	658.0
784.0	655.0
779.0	650.0
776.0	646.0
775.0	641.0
774.0	636.0
774.0	631.0
775.0	626.0
776.0	620.0
776.0	615.0
777.0	609.0
776.0	603.0
774.0	598.0
770.0	592.0
765.0	587.0
758.0	582.0
748.0	577.0
736.0	572.0
722.0	567.0
706.0	562.0
689.0	557.0
672.0	552.0
657.0	547.0
642.0	542.0
629.0	538.0
619.0	534.0
611.0	530.0
606.0	526.0
603.0	522.0
601.0	518.0
601.0	514.0
602.0	510.0
602.0	506.0
603.0	502.0
603.0	498.0
603.0	494.0
602.0	490.0
600.0	487.0
598.0	484.0
594.0	481.0
590.0	478.0
585.0	475.0
579.0	472.0
573.0	469.0
567.0	466.0
561.0	463.0
555.0	461.0
549.0	459.0
542.0	456.0
536.0	454.0
529.0	452.0
523.0	450.0
517.0	448.0
511.0	447.0
506.0	445.0
501.0	443.0
497.0	441.0
493.0	439.0
490.0	437.0
487.0	435.0
484.0	433.0
481.0	431.0
478.0	428.0
475.0	426.0
472.0	424.0
469.0	422.0
466.0	420.0
464.0	419.0
462.0	417.0
460.0	416.0
458.0	414.0
456.0	413.0
454.0	412.0
452.0	414.0
450.0	420.0
448.0	431.0
446.0	447.0
445.0	470.0
443.0	496.0
441.0	524.0
440.0	550.0
438.0	574.0
437.0	594.0
436.0	609.0
434.0	620.0
433.0	629.0
431.0	636.0
430.0	642.0
428.0	649.0
426.0	655.0
424.0	663.0
421.0	671.0
418.0	680.0
416.0	691.0
413.0	701.0
410.0	711.0
409.0	721.0
407.0	730.0
404.0	737.0
403.0	744.0
402.0	749.0
402.0	754.0
400.0	757.0
400.0	759.0
403.0	760.0
418.0	759.0
442.0	756.0
477.0	752.0
521.0	745.0
570.0	738.0
621.0	729.0
669.0	720.0
710.0	711.0
743.0	702.0
768.0	694.0
785.0	686.0
795.0	680.0
799.0	675.0
800.0	670.0
798.0	666.0
793.0	662.0
788.0	658.0
784.0	655.0
779.0	650.0
776.0	646.0
775.0	641.0
774.0	636.0
774.0	631.0
775.0	626.0
776.0	620.0
776.0	615.0
777.0	609.0
776.0	603.0
774.0	598.0
770.0	592.0
765.0	587.0
758.0	582.0
748.0	577.0
736.0	572.0
722.0	567.0
706.0	562.0
689.0	557.0
672.0	552.0
657.0	547.0
642.0	542.0
629.0	538.0
619.0	534.0
611.0	530.0
606.0	526.0
603.0	522.0
601.0	518.0
601.0	514.0
602.0	510.0
602.0	506.0
603.0	502.0
603.0	498.0
603.0	494.0
602.0	490.0
600.0	487.0
598.0	484.0
594.0	481.0
590.0	478.0
585.0	475.0
579.0	472.0
573.0	469.0
567.0	466.0
561.0	463.0
555.0	461.0
549.0	459.0
542.0	456.0
536.0	454.0
529.0	452.0
523.0	450.0
517.0	448.0
511.0	447.0
506.0	445.0
501.0	443.0
497.0	441.0
493.0	439.0
490.0	437.0
487.0	435.0
484.0	433.0
481.0	431.0
478.0	428.0
475.0	426.0
472.0	424.0
469.0	422.0
466.0	420.0
464.0	419.0
462.0	417.0
460.0	416.0
458.0	414.0
456.0	413.0
454.0	412.0
452.0	414.0
450.0	420.0
448.0	431.0
446.0	447.0
445.0	470.0
443.0	496.0
441.0	524.0
440.0	550.0
438.0	574.0
437.0	594.0
436.0	609.0
434.0	620.0
433.0	629.0
431.0	636.0
430.0	642.0
428.0	649.0
426.0	655.0
424.0	663.0
421.0	671.0
418.0	680.0
416.0	691.0
413.0	701.0
410.0	711.0
409.0	721.0
407.0	730.0
404.0	737.0
403.0	744.0
402.0	749.0
402.0	754.0
400.0	757.0
400.0	759.0
403.0	760.0
418.0	759.0
442.0	756.0
477.0	752.0
521.0	745.0
570.0	738.0
621.0	729.0
669.0	720.0
710.0	711.0
743.0	702.0
768.0	694.0
785.0	686.0
795.0	680.0
799.0	675.0
800.0	670.0
798.0	666.0
793.0	662.0
788.0	658.0
784.0	655.0
779.0	650.0
776.0	646.0
775.0	641.0
774.0	636.0
774.0	631.0
775.0	626.0
776.0	620.0
776.0	615.0
777.0	609.0
776.0	603.0
774.0	598.0
770.0	592.0
765.0	587.0
758.0	582.0
748.0	577.0
736.0	572.0
722.0	567.0
706.0	562.0
689.0	557.0
672.0	552.0
657.0	547.0
642.0	542.0
629.0	538.0
619.0	534.0
611.0	530.0
606.0	526.0
603.0	522.0
601.0	518.0
601.0	514.0
602.0	510.0
602.0	506.0
603.0	502.0
603.0	498.0
603.0	494.0
602.0	490.0
600.0	487.0
598.0	484.0
594.0	481.0
590.0	478.0
585.0	475.0
579.0	472.0
573.0	469.0
567.0	466.0
561.0	463.0
555.0	461.0
549.0	459.0
542.0	456.0
536.0	454.0
529.0	452.0
523.0	450.0
517.0	448.0
511.0	447.0
506.0	445.0
501.0	443.0
497.0	441.0
493.0	439.0
490.0	437.0
487.0	435.0
484.0	433.0
481.0	431.0
478.0	428.0
475.0	426.0
472.0	424.0
469.0	422.0
466.0	420.0
464.0	419.0
462.0	417.0
460.0	416.0
458.0	414.0
456.0	413.0
454.0	412.0
452.0	414.0
450.0	420.0
448.0	431.0
446.0	447.0
445.0	470.0
443.0	496.0
441.0	524.0
440.0	550.0
438.0	574.0
437.0	594.0
436.0	609.0
434.0	620.0
433.0	629.0
431.0	636.0
430.0	642.0
428.0	649.0
426.0	655.0
424.0	663.0
421.0	671.0
418.0	680.0
416.0	691.0
413.0	701.0
410.0	711.0
409.0	721.0
407.0	730.0
404.0	737.0
403.0	744.0
402.0	749.0
402.0	754.0
400.0	757.0
400.0	759.0
403.0	760.0
418.0	759.0
442.0	756.0
477.0	752.0
521.0	745.0
570.0	738.0
621.0	729.0
669.0	720.0
710.0	711.0
743.0	702.0
768.0	694.0
785.0	686.0
795.0	680.0
799.0	675.0
800.0	670.0
798.0	666.0
793.0	662.0
788.0	658.0
784.0	655.0
779.0	650.0
776.0	646.0
775.0	641.0
774.0	636.0
774.0	631.0
775.0	626.0
776.0	620.0
776.0	615.0
777.0	609.0
776.0	603.0
774.0	598.0
770.0	592.0
765.0	587.0
758.0	582.0
748.0	577.0
736.0	572.0
722.0	567.0
706.0	562.0
689.0	557.0
672.0	552.0
657.0	547.0
642.0	542.0
629.0	538.0
619.0	534.0
611.0	530.0
606.0	526.0
603.0	522.0
601.0	518.0
601.0	514.0
602.0	510.0
602.0	506.0
603.0	502.0
603.0	498.0
603.0	494.0
602.0	490.0
600.0	487.0
598.0	484.0
594.0	481.0
590.0	478.0
585.0	475.0
579.0	472.0
573.0	469.0
567.0	466.0
561.0	463.0
555.0	461.0
549.0	459.0
542.0	456.0
536.0	454.0
529.0	452.0
523.0	450.0
517.0	448.0
511.0	447.0
506.0	445.0
501.0	443.0
497.0	441.0
493.0	439.0
490.0	437.0
487.0	435.0
484.0	433.0
481.0	431.0
478.0	428.0
475.0	426.0
472.0	424.0
469.0	422.0
466.0	420.0
464.0	419.0
462.0	417.0
460.0	416.0
458.0	414.0
456.0	413.0
454.0	412.0
452.0	414.0
450.0	420.0
448.0	431.0
446.0	447.0
445.0	470.0
443.0	496.0
441.0	524.0
440.0	550.0
438.0	574.0
437.0	594.0
436.0	609.0
434.0	620.0
433.0	629.0
431.0	636.0
430.0	642.0
428.0	649.0
426.0	655.0
424.0	663.0
421.0	671.0
418.0	680.0
416.0	691.0
413.0	701.0
410.0	711.0
409.0	721.0
407.0	730.0
404.0	737.0
403.0	744.0
402.0	749.0
402.0	754.0
400.0	757.0
400.0	759.0
403.0	760.0
418.0	759.0
442.0	756.0
477.0	752.0
521.0	745.0
570.0	738.0
621.0	729.0
669.0	720.0
710.0	711.0
743.0	702.0
768.0	694.0
785.0	686.0
795.0	680.0
799.0	675.0
800.0	670.0
798.0	666.0
793.0	662.0
788.0	658.0
784.0	655.0
779.0	650.0
776.0	646.0
775.0	641.0
774.0	636.0
774.0	631.0
775.0	626.0
776.0	620.0
776.0	615.0
777.0	609.0
776.0	603.0
774.0	598.0
770.0	592.0
765.0	587.0
758.0	582.0
748.0	577.0
736.0	572.0
722.0	567.0
706.0	562.0
689.0	557.0
672.0	552.0
657.0	547.0
642.0	542.0
629.0	538.0
619.0	534.0
611.0	530.0
606.0	526.0
603.0	522.0
601.0	518.0
601.0	514.0
602.0	510.0
602.0	506.0
603.0	502.0
603.0	498.0
603.0	494.0
602.0	490.0
600.0	487.0
598.0	484.0
594.0	481.0
590.0	478.0
585.0	475.0
579.0	472.0
573.0	469.0
567.0	466.0
561.0	463.0
555.0	461.0
549.0	459.0
542.0	456.0
536.0	454.0
529.0	452.0
523.0	450.0
517.0	448.0
511.0	447.0
506.0	445.0
501.0	443.0
497.0	441.0
493.0	439.0
490.0	437.0
487.0	435.0
484.0	433.0
481.0	431.0
478.0	428.0
475.0	426.0
472.0	424.0
469.0	422.0
466.0	420.0
464.0	419.0
462.0	417.0
460.0	416.0
458.0	414.0
456.0	413.0
454.0	412.0
452.0	414.0
450.0	420.0
448.0	431.0
446.0	447.0
445.0	470.0
443.0	496.0
441.0	524.0
440.0	550.0
438.0	574.0
437.0	594.0
436.0	609.0
434.0	620.0
433.0	629.0
431.0	636.0
430.0	642.0
428.0	649.0
426.0	655.0
424.0	663.0
421.0	671.0
418.0	680.0
416.0	691.0
413.0	701.0
410.0	711.0
409.0	721.0
407.0	730.0
404.0	737.0
403.0	744.0
402.0	749.0
402.0	754.0
400.0	757.0
400.0	759.0
403.0	760.0
418.0	759.0
442.0	756.0
477.0	752.0
521.0	745.0
570.0	738.0
621.0	729.0
669.0	720.0
710.0	711.0
743.0	702.0
768.0	694.0
785.0	686.0
795.0	680.0
799.0	675.0
800.0	670.0
798.0	666.0
793.0	662.0
788.0	658.0
784.0	655.0
779.0	650.0
776.0	646.0
775.0	641.0
774.0	636.0
774.0	631.0
775.0	626.0
776.0	620.0
776.0	615.0
777.0	609.0
776.0	603.0
774.0	598.0
770.0	592.0
765.0	587.0
758.0	582.0
748.0	577.0
736.0	572.0
722.0	567.0
706.0	562.0
689.0	557.0
672.0	552.0
657.0	547.0
642.0	542.0
629.0	538.0
619.0	534.0
611.0	530.0
606.0	526.0
603.0	522.0
601.0	518.0
601.0	514.0
602.0	510.0
602.0	506.0
603.0	502.0
603.0	498.0
603.0	494.0
602.0	490.0
600.0	487.0
598.0	484.0
594.0	481.0
590.0	478.0
585.0	475.0
579.0	472.0
573.0	469.0
567.0	466.0
561.0	463.0
555.0	461.0
549.0	459.0
542.0	456.0
536.0	454.0
529.0	452.0
523.0	450.0
517.0	448.0
511.0	447.0
506.0	445.0
501.0	443.0
497.0	441.0
493.0	439.0
490.0	437.0
487.0	435.0
484.0	433.0
481.0	431.0
478.0	428.0
475.0	426.0
472.0	424.0
469.0	422.0
466.0	420.0
464.0	419.0
462.0	417.0
460.0	416.0
458.0	414.0
456.0	413.0
454.0	412.0
452.0	414.0
450.0	420.0
448.0	431.0
446.0	447.0
445.0	470.0
443.0	496.0
441.0	524.0
440.0	550.0
438.0	574.0
437.0	594.0
436.0	609.0
434.0	620.0
433.0	629.0
431.0	636.0
430.0	642.0
428.0	649.0
426.0	655.0
424.0	663.0
421.0	671.0
418.0	680.0
416.0	691.0
413.0	701.0
410.0	711.0
409.0	721.0
407.0	730.0
404.0	737.0
403.0	744.0
402.0	749.0
402.0	754.0
400.0	757.0
400.0	759.0
403.0	760.0
418.0	759.0
442.0	756.0
477.0	752.0
521.0	745.0
570.0	738.0
621.0	729.0
669.0	720.0
710.0	711.0
743.0	702.0
768.0	694.0
785.0	686.0
795.0	680.0
799.0	675.0
800.0	670.0
798.0	666.0
793.0	662.0
788.0	658.0
784.0	655.0
779.0	650.0
776.0	646.0
775.0	641.0
774.0	636.0
774.0	631.0
775.0	626.0
776.0	620.0
776.0	615.0
777.0	609.0
776.0	603.0
774.0	598.0
770.0	592.0
765.0	587.0
758.0	582.0
748.0	577.0
736.0	572.0
722.0	567.0
706.0	562.0
689.0	557.0
672.0	552.0
657.0	547.0
642.0	542.0
629.0	538.0
619.0	534.0
611.0	530.0
606.0	526.0
603.0	522.0
601.0	518.0
601.0	514.0
602.0	510.0
602.0	506.0
603.0	502.0
603.0	498.0
603.0	494.0
602.0	490.0
600.0	487.0
598.0	484.0
594.0	481.0
590.0	478.0
585.0	475.0
579.0	472.0
573.0	469.0
567.0	466.0
561.0	463.0
555.0	461.0
549.0	459.0
542.0	456.0
536.0	454.0
529.0	452.0
523.0	450.0
517.0	448.0
511.0	447.0
506.0	445.0
501.0	443.0
497.0	441.0
493.0	439.0
490.0	437.0
487.0	435.0
484.0	433.0
481.0	431.0
478.0	428.0
475.0	426.0
472.0	424.0
469.0	422.0
466.0	420.0
464.0	419.0
462.0	417.0
460.0	416.0
458.0	414.0
456.0	413.0
454.0	412.0
452.0	414.0
450.0	420.0
448.0	431.0
446.0	447.0
445.0	470.0
443.0	496.0
441.0	524.0
440.0	550.0
438.0	574.0
437.0	594.0
436.0	609.0
434.0	620.0
433.0	629.0
431.0	636.0
430.0	642.0
428.0	649.0
426.0	655.0
424.0	663.0
421.0	671.0
418.0	680.0
416.0	691.0
413.0	701.0
410.0	711.0
409.0	721.0
407.0	730.0
404.0	737.0
403.0	744.0
402.0	749.0
402.0	754.0
400.0	757.0
400.0	759.0
403.0	760.0
418.0	759.0
442.0	756.0
477.0	752.0
521.0	745.0
570.0	738.0
621.0	729.0
669.0	720.0
710.0	711.0
743.0	702.0
768.0	694.0
785.0	686.0
795.0	680.0
799.0	675.0
800.0	670.0
798.0	666.0
793.0	662.0
788.0	658.0
784.0	655.0
779.0	650.0
776.0	646.0
775.0	641.0
774.0	636.0
774.0	631.0
775.0	626.0
776.0	620.0
776.0	615.0
777.0	609.0
776.0	603.0
774.0	598.0
770.0	592.0
765.0	587.0
758.0	582.0
748.0	577.0
736.0	572.0
722.0	567.0
706.0	562.0
689.0	557.0
672.0	552.0
657.0	547.0
642.0	542.0
629.0	538.0
619.0	534.0
611.0	530.0
606.0	526.0
603.0	522.0
601.0	518.0
601.0	514.0
602.0	510.0
602.0	506.0
603.0	502.0
603.0	498.0
603.0	494.0
602.0	490.0
600.0	487.0
598.0	484.0
594.0	481.0
590.0	478.0
585.0	475.0
579.0	472.0
573.0	469.0
567.0	466.0
561.0	463.0
555.0	461.0
549.0	459.0
542.0	456.0
536.0	454.0
529.0	452.0
523.0	450.0
517.0	448.0
511.0	447.0
506.0	445.0
501.0	443.0
497.0	441.0
493.0	439.0
490.0	437.0
487.0	435.0
484.0	433.0
481.0	431.0
478.0	428.0
475.0	426.0
472.0	424.0
469.0	422.0
466.0	420.0
464.0	419.0
462.0	417.0
460.0	416.0
458.0	414.0
456.0	413.0
454.0	412.0
452.0	414.0
450.0	420.0
448.0	431.0
446.0	447.0
445.0	470.0
443.0	496.0
441.0	524.0
440.0	550.0
438.0	574.0
437.0	594.0
436.0	609.0
434.0	620.0
433.0	629.0
431.0	636.0
430.0	642.0
428.0	649.0
426.0	655.0
424.0	663.0
421.0	671.0
418.0	680.0
416.0
413.0
410.0
409.0
407.0
404.0
403.0
402.0
402.0
400.0
400.0
403.0
418.0
442.0
477.0
521.0
570.0
621.0
669.0
710.0
743.0
768.0
785.0
795.0
799.0
800.0
798.0
793.0
788.0
784.0
779.0
776.0
775.0
