System ID	Database ID	Patient Number	Surname	First Name	Sex	Date Of Birth	Patient ID	Patient Code	Patient Notes	SP	DP	MP	DATA_REV	DATETIME	MEDICATION	NOTES	OPERATOR	INTERPRETATION	HEIGHT	WEIGHT	BODY_MASS_INDEX	SAMPLE_RATE	SIMULATION	Tonometer Serial Number	SUB_TYPE	Inconclusive	Reference Age	PPAmpRatio	P_MAX_DPDT	ED	CalcED	QUALITY_ED	P_QC_PH	P_QC_PHV	P_QC_PLV	P_QC_DV	P_QC_SDEV	Operator Index	P_SP	P_DP	P_MEANP	P_T1	P_T2	P_AI	P_CalcT1	P_CalcT2	P_ESP	P_P1	P_P2	P_T1ED	P_T2ED	P_QUALITY_T1	P_QUALITY_T2	C_AP	C_AP_HR75	C_MPS	C_MPD	C_TTI	C_DTI	C_SVI	C_AL	C_ATI	HR	C_PERIOD	C_DD	C_ED_PERIOD	C_DD_PERIOD	C_PH	C_AGPH	C_AGPH_HR75	C_P1_HEIGHT	C_T1R	C_SP	C_DP	C_MEANP	C_T1	C_T2	C_AI	C_CalcT1	C_CalcT2	C_ESP	C_P1	C_P2	C_T1ED	C_T2ED	C_QUALITY_T1	C_QUALITY_T2
00566	DATA	10	X	Xx	FEMALE	01/01/1955	675456		Test	108	73	0	130	05/06/2009 15:24:21		test	paul		220	227	46.9	128	Yes	0	RADIAL	No	63	113	543	333	333	0	400	0	0	0	1	100	108	73	87	110	206	95	110	206	92	108	106	33	62	0	0	11	9	96	83	2019	3214	159	17	79	63	945	612	35	65	31	36	30	20	138	105	74	87	102	239	156	102	239	98	93	105	30	72	1	1

PeriphSignal 	 CentralSignal 	 PeriphPulse 	 CentralPulse 
403.0	744.0	73.0	73.7
402.0	749.0	74.3	74.37
402.0	754.0	76.39	75.47
400.0	757.0	79.32	77.02
400.0	759.0	82.94	78.95
403.0	760.0	87.02	81.15
418.0	759.0	91.25	83.45
442.0	756.0	95.32	85.68
477.0	752.0	98.97	87.7
521.0	745.0	102.03	89.41
570.0	738.0	104.41	90.8
621.0	729.0	106.1	91.89
669.0	720.0	107.21	92.75
710.0	711.0	107.81	93.46
743.0	702.0	108.0	94.08
768.0	694.0	107.9	94.69
785.0	686.0	107.64	95.32
795.0	680.0	107.27	96.02
799.0	675.0	106.86	96.79
800.0	670.0	106.53	97.63
798.0	666.0	106.26	98.52
793.0	662.0	106.07	99.44
788.0	658.0	105.99	100.33
784.0	655.0	105.98	101.18
779.0	650.0	106.0	101.94
776.0	646.0	106.05	102.62
775.0	641.0	106.09	103.2
774.0	636.0	106.08	103.69
774.0	631.0	105.98	104.08
775.0	626.0	105.8	104.35
776.0	620.0	105.47	104.51
776.0	615.0	104.98	104.54
777.0	609.0	104.32	104.41
776.0	603.0	103.47	104.14
774.0	598.0	102.42	103.72
770.0	592.0	101.19	103.15
765.0	587.0	99.83	102.48
758.0	582.0	98.4	101.73
748.0	577.0	96.94	100.93
736.0	572.0	95.53	100.14
722.0	567.0	94.25	99.37
706.0	562.0	93.12	98.66
689.0	557.0	92.17	98.02
672.0	552.0	91.43	97.45
657.0	547.0	90.9	96.96
642.0	542.0	90.55	96.52
629.0	538.0	90.37	96.13
619.0	534.0	90.29	95.77
611.0	530.0	90.28	95.41
606.0	526.0	90.32	95.05
603.0	522.0	90.35	94.66
601.0	518.0	90.36	94.26
601.0	514.0	90.33	93.82
602.0	510.0	90.24	93.37
602.0	506.0	90.09	92.9
603.0	502.0	89.86	92.42
603.0	498.0	89.56	91.92
603.0	494.0	89.19	91.42
602.0	490.0	88.75	90.91
600.0	487.0	88.26	90.4
598.0	484.0	87.74	89.9
594.0	481.0	87.2	89.41
590.0	478.0	86.65	88.93
585.0	475.0	86.09	88.46
579.0	472.0	85.53	88.0
573.0	469.0	84.95	87.54
567.0	466.0	84.37	87.08
561.0	463.0	83.79	86.63
555.0	461.0	83.22	86.17
549.0	459.0	82.67	85.73
542.0	456.0	82.16	85.3
536.0	454.0	81.69	84.89
529.0	452.0	81.24	84.49
523.0	450.0	80.86	84.11
517.0	448.0	80.51	83.74
511.0	447.0	80.2	83.38
506.0	445.0	79.9	83.02
501.0	443.0	79.63	82.67
497.0	441.0	79.36	82.31
493.0	439.0	79.09	81.95
490.0	437.0	78.81	81.58
487.0	435.0	78.54	81.22
484.0	433.0	78.28	80.86
481.0	431.0	78.05	80.51
478.0	428.0	77.83	80.18
475.0	426.0	77.62	79.87
472.0	424.0	77.44	79.58
469.0	422.0	77.26	79.3
466.0	420.0	77.08	79.02
464.0	419.0	76.9	78.75
462.0	417.0	76.72	78.49
460.0	416.0	76.53	78.24
458.0	414.0	76.37	77.99
456.0	413.0	76.2	77.76
454.0	412.0	76.04	77.54
452.0	414.0	75.89	77.32
450.0	420.0	75.75	77.12
448.0	431.0	75.6	76.92
446.0	447.0	75.47	76.74
445.0	470.0	75.35	76.56
443.0	496.0	75.22	76.39
441.0	524.0	75.09	76.23
440.0	550.0	74.97	76.07
438.0	574.0	74.82	75.9
437.0	594.0	74.68	75.73
436.0	609.0	74.52	75.56
434.0	620.0	74.34	75.37
433.0	629.0	74.13	75.18
431.0	636.0	73.91	74.98
430.0	642.0	73.67	74.78
428.0	649.0	73.42	74.58
426.0	655.0	73.2	74.38
424.0	663.0	73.0	74.19
421.0	671.0	72.78	74.02
418.0	680.0	72.59	73.85
416.0	691.0	72.44	73.7
413.0	701.0	72.32	73.55
410.0	711.0	72.19	73.42
409.0	721.0	72.11	73.31
407.0	730.0	72.09	73.27
404.0	737.0	72.36	73.38
403.0	744.0	72.58	73.68
402.0	749.0
402.0	754.0
400.0	757.0
400.0	759.0
403.0	760.0
418.0	759.0
442.0	756.0
477.0	752.0
521.0	745.0
570.0	738.0
621.0	729.0
669.0	720.0
710.0	711.0
743.0	702.0
768.0	694.0
785.0	686.0
795.0	680.0
799.0	675.0
800.0	670.0
798.0	666.0
793.0	662.0
788.0	658.0
784.0	655.0
779.0	650.0
776.0	646.0
775.0	641.0
774.0	636.0
774.0	631.0
775.0	626.0
776.0	620.0
776.0	615.0
777.0	609.0
776.0	603.0
774.0	598.0
770.0	592.0
765.0	587.0
758.0	582.0
748.0	577.0
736.0	572.0
722.0	567.0
706.0	562.0
689.0	557.0
672.0	552.0
657.0	547.0
642.0	542.0
629.0	538.0
619.0	534.0
611.0	530.0
606.0	526.0
603.0	522.0
601.0	518.0
601.0	514.0
602.0	510.0
602.0	506.0
603.0	502.0
603.0	498.0
603.0	494.0
602.0	490.0
600.0	487.0
598.0	484.0
594.0	481.0
590.0	478.0
585.0	475.0
579.0	472.0
573.0	469.0
567.0	466.0
561.0	463.0
555.0	461.0
549.0	459.0
542.0	456.0
536.0	454.0
529.0	452.0
523.0	450.0
517.0	448.0
511.0	447.0
506.0	445.0
501.0	443.0
497.0	441.0
493.0	439.0
490.0	437.0
487.0	435.0
484.0	433.0
481.0	431.0
478.0	428.0
475.0	426.0
472.0	424.0
469.0	422.0
466.0	420.0
464.0	419.0
462.0	417.0
460.0	416.0
458.0	414.0
456.0	413.0
454.0	412.0
452.0	414.0
450.0	420.0
448.0	431.0
446.0	447.0
445.0	470.0
443.0	496.0
441.0	524.0
440.0	550.0
438.0	574.0
437.0	594.0
436.0	609.0
434.0	620.0
433.0	629.0
431.0	636.0
430.0	642.0
428.0	649.0
426.0	655.0
424.0	663.0
421.0	671.0
418.0	680.0
416.0	691.0
413.0	701.0
410.0	711.0
409.0	721.0
407.0	730.0
404.0	737.0
403.0	744.0
402.0	749.0
402.0	754.0
400.0	757.0
400.0	759.0
403.0	760.0
418.0	759.0
442.0	756.0
477.0	752.0
521.0	745.0
570.0	738.0
621.0	729.0
669.0	720.0
710.0	711.0
743.0	702.0
768.0	694.0
785.0	686.0
795.0	680.0
799.0	675.0
800.0	670.0
798.0	666.0
793.0	662.0
788.0	658.0
784.0	655.0
779.0	650.0
776.0	646.0
775.0	641.0
774.0	636.0
774.0	631.0
775.0	626.0
776.0	620.0
776.0	615.0
777.0	609.0
776.0	603.0
774.0	598.0
770.0	592.0
765.0	587.0
758.0	582.0
748.0	577.0
736.0	572.0
722.0	567.0
706.0	562.0
689.0	557.0
672.0	552.0
657.0	547.0
642.0	542.0
629.0	538.0
619.0	534.0
611.0	530.0
606.0	526.0
603.0	522.0
601.0	518.0
601.0	514.0
602.0	510.0
602.0	506.0
603.0	502.0
603.0	498.0
603.0	494.0
602.0	490.0
600.0	487.0
598.0	484.0
594.0	481.0
590.0	478.0
585.0	475.0
579.0	472.0
573.0	469.0
567.0	466.0
561.0	463.0
555.0	461.0
549.0	459.0
542.0	456.0
536.0	454.0
529.0	452.0
523.0	450.0
517.0	448.0
511.0	447.0
506.0	445.0
501.0	443.0
497.0	441.0
493.0	439.0
490.0	437.0
487.0	435.0
484.0	433.0
481.0	431.0
478.0	428.0
475.0	426.0
472.0	424.0
469.0	422.0
466.0	420.0
464.0	419.0
462.0	417.0
460.0	416.0
458.0	414.0
456.0	413.0
454.0	412.0
452.0	414.0
450.0	420.0
448.0	431.0
446.0	447.0
445.0	470.0
443.0	496.0
441.0	524.0
440.0	550.0
438.0	574.0
437.0	594.0
436.0	609.0
434.0	620.0
433.0	629.0
431.0	636.0
430.0	642.0
428.0	649.0
426.0	655.0
424.0	663.0
421.0	671.0
418.0	680.0
416.0	691.0
413.0	701.0
410.0	711.0
409.0	721.0
407.0	730.0
404.0	737.0
403.0	744.0
402.0	749.0
402.0	754.0
400.0	757.0
400.0	759.0
403.0	760.0
418.0	759.0
442.0	756.0
477.0	752.0
521.0	745.0
570.0	738.0
621.0	729.0
669.0	720.0
710.0	711.0
743.0	702.0
768.0	694.0
785.0	686.0
795.0	680.0
799.0	675.0
800.0	670.0
798.0	666.0
793.0	662.0
788.0	658.0
784.0	655.0
779.0	650.0
776.0	646.0
775.0	641.0
774.0	636.0
774.0	631.0
775.0	626.0
776.0	620.0
776.0	615.0
777.0	609.0
776.0	603.0
774.0	598.0
770.0	592.0
765.0	587.0
758.0	582.0
748.0	577.0
736.0	572.0
722.0	567.0
706.0	562.0
689.0	557.0
672.0	552.0
657.0	547.0
642.0	542.0
629.0	538.0
619.0	534.0
611.0	530.0
606.0	526.0
603.0	522.0
601.0	518.0
601.0	514.0
602.0	510.0
602.0	506.0
603.0	502.0
603.0	498.0
603.0	494.0
602.0	490.0
600.0	487.0
598.0	484.0
594.0	481.0
590.0	478.0
585.0	475.0
579.0	472.0
573.0	469.0
567.0	466.0
561.0	463.0
555.0	461.0
549.0	459.0
542.0	456.0
536.0	454.0
529.0	452.0
523.0	450.0
517.0	448.0
511.0	447.0
506.0	445.0
501.0	443.0
497.0	441.0
493.0	439.0
490.0	437.0
487.0	435.0
484.0	433.0
481.0	431.0
478.0	428.0
475.0	426.0
472.0	424.0
469.0	422.0
466.0	420.0
464.0	419.0
462.0	417.0
460.0	416.0
458.0	414.0
456.0	413.0
454.0	412.0
452.0	414.0
450.0	420.0
448.0	431.0
446.0	447.0
445.0	470.0
443.0	496.0
441.0	524.0
440.0	550.0
438.0	574.0
437.0	594.0
436.0	609.0
434.0	620.0
433.0	629.0
431.0	636.0
430.0	642.0
428.0	649.0
426.0	655.0
424.0	663.0
421.0	671.0
418.0	680.0
416.0	691.0
413.0	701.0
410.0	711.0
409.0	721.0
407.0	730.0
404.0	737.0
403.0	744.0
402.0	749.0
402.0	754.0
400.0	757.0
400.0	759.0
403.0	760.0
418.0	759.0
442.0	756.0
477.0	752.0
521.0	745.0
570.0	738.0
621.0	729.0
669.0	720.0
710.0	711.0
743.0	702.0
768.0	694.0
785.0	686.0
795.0	680.0
799.0	675.0
800.0	670.0
798.0	666.0
793.0	662.0
788.0	658.0
784.0	655.0
779.0	650.0
776.0	646.0
775.0	641.0
774.0	636.0
774.0	631.0
775.0	626.0
776.0	620.0
776.0	615.0
777.0	609.0
776.0	603.0
774.0	598.0
770.0	592.0
765.0	587.0
758.0	582.0
748.0	577.0
736.0	572.0
722.0	567.0
706.0	562.0
689.0	557.0
672.0	552.0
657.0	547.0
642.0	542.0
629.0	538.0
619.0	534.0
611.0	530.0
606.0	526.0
603.0	522.0
601.0	518.0
601.0	514.0
602.0	510.0
602.0	506.0
603.0	502.0
603.0	498.0
603.0	494.0
602.0	490.0
600.0	487.0
598.0	484.0
594.0	481.0
590.0	478.0
585.0	475.0
579.0	472.0
573.0	469.0
567.0	466.0
561.0	463.0
555.0	461.0
549.0	459.0
542.0	456.0
536.0	454.0
529.0	452.0
523.0	450.0
517.0	448.0
511.0	447.0
506.0	445.0
501.0	443.0
497.0	441.0
493.0	439.0
490.0	437.0
487.0	435.0
484.0	433.0
481.0	431.0
478.0	428.0
475.0	426.0
472.0	424.0
469.0	422.0
466.0	420.0
464.0	419.0
462.0	417.0
460.0	416.0
458.0	414.0
456.0	413.0
454.0	412.0
452.0	414.0
450.0	420.0
448.0	431.0
446.0	447.0
445.0	470.0
443.0	496.0
441.0	524.0
440.0	550.0
438.0	574.0
437.0	594.0
436.0	609.0
434.0	620.0
433.0	629.0
431.0	636.0
430.0	642.0
428.0	649.0
426.0	655.0
424.0	663.0
421.0	671.0
418.0	680.0
416.0	691.0
413.0	701.0
410.0	711.0
409.0	721.0
407.0	730.0
404.0	737.0
403.0	744.0
402.0	749.0
402.0	754.0
400.0	757.0
400.0	759.0
403.0	760.0
418.0	759.0
442.0	756.0
477.0	752.0
521.0	745.0
570.0	738.0
621.0	729.0
669.0	720.0
710.0	711.0
743.0	702.0
768.0	694.0
785.0	686.0
795.0	680.0
799.0	675.0
800.0	670.0
798.0	666.0
793.0	662.0
788.0	658.0
784.0	655.0
779.0	650.0
776.0	646.0
775.0	641.0
774.0	636.0
774.0	631.0
775.0	626.0
776.0	620.0
776.0	615.0
777.0	609.0
776.0	603.0
774.0	598.0
770.0	592.0
765.0	587.0
758.0	582.0
748.0	577.0
736.0	572.0
722.0	567.0
706.0	562.0
689.0	557.0
672.0	552.0
657.0	547.0
642.0	542.0
629.0	538.0
619.0	534.0
611.0	530.0
606.0	526.0
603.0	522.0
601.0	518.0
601.0	514.0
602.0	510.0
602.0	506.0
603.0	502.0
603.0	498.0
603.0	494.0
602.0	490.0
600.0	487.0
598.0	484.0
594.0	481.0
590.0	478.0
585.0	475.0
579.0	472.0
573.0	469.0
567.0	466.0
561.0	463.0
555.0	461.0
549.0	459.0
542.0	456.0
536.0	454.0
529.0	452.0
523.0	450.0
517.0	448.0
511.0	447.0
506.0	445.0
501.0	443.0
497.0	441.0
493.0	439.0
490.0	437.0
487.0	435.0
484.0	433.0
481.0	431.0
478.0	428.0
475.0	426.0
472.0	424.0
469.0	422.0
466.0	420.0
464.0	419.0
462.0	417.0
460.0	416.0
458.0	414.0
456.0	413.0
454.0	412.0
452.0	414.0
450.0	420.0
448.0	431.0
446.0	447.0
445.0	470.0
443.0	496.0
441.0	524.0
440.0	550.0
438.0	574.0
437.0	594.0
436.0	609.0
434.0	620.0
433.0	629.0
431.0	636.0
430.0	642.0
428.0	649.0
426.0	655.0
424.0	663.0
421.0	671.0
418.0	680.0
416.0	691.0
413.0	701.0
410.0	711.0
409.0	721.0
407.0	730.0
404.0	737.0
403.0	744.0
402.0	749.0
402.0	754.0
400.0	757.0
400.0	759.0
403.0	760.0
418.0	759.0
442.0	756.0
477.0	752.0
521.0	745.0
570.0	738.0
621.0	729.0
669.0	720.0
710.0	711.0
743.0	702.0
768.0	694.0
785.0	686.0
795.0	680.0
799.0	675.0
800.0	670.0
798.0	666.0
793.0	662.0
788.0	658.0
784.0	655.0
779.0	650.0
776.0	646.0
775.0	641.0
774.0	636.0
774.0	631.0
775.0	626.0
776.0	620.0
776.0	615.0
777.0	609.0
776.0	603.0
774.0	598.0
770.0	592.0
765.0	587.0
758.0	582.0
748.0	577.0
736.0	572.0
722.0	567.0
706.0	562.0
689.0	557.0
672.0	552.0
657.0	547.0
642.0	542.0
629.0	538.0
619.0	534.0
611.0	530.0
606.0	526.0
603.0	522.0
601.0	518.0
601.0	514.0
602.0	510.0
602.0	506.0
603.0	502.0
603.0	498.0
603.0	494.0
602.0	490.0
600.0	487.0
598.0	484.0
594.0	481.0
590.0	478.0
585.0	475.0
579.0	472.0
573.0	469.0
567.0	466.0
561.0	463.0
555.0	461.0
549.0	459.0
542.0	456.0
536.0	454.0
529.0	452.0
523.0	450.0
517.0	448.0
511.0	447.0
506.0	445.0
501.0	443.0
497.0	441.0
493.0	439.0
490.0	437.0
487.0	435.0
484.0	433.0
481.0	431.0
478.0	428.0
475.0	426.0
472.0	424.0
469.0	422.0
466.0	420.0
464.0	419.0
462.0	417.0
460.0	416.0
458.0	414.0
456.0	413.0
454.0	412.0
452.0	414.0
450.0	420.0
448.0	431.0
446.0	447.0
445.0	470.0
443.0	496.0
441.0	524.0
440.0	550.0
438.0	574.0
437.0	594.0
436.0	609.0
434.0	620.0
433.0	629.0
431.0	636.0
430.0	642.0
428.0	649.0
426.0	655.0
424.0	663.0
421.0	671.0
418.0	680.0
416.0	691.0
413.0	701.0
410.0	711.0
409.0	721.0
407.0	730.0
404.0	737.0
403.0	744.0
402.0	749.0
402.0	754.0
400.0	757.0
400.0	759.0
403.0	760.0
418.0	759.0
442.0	756.0
477.0	752.0
521.0	745.0
570.0	738.0
621.0	729.0
669.0	720.0
710.0	711.0
743.0	702.0
768.0	694.0
785.0	686.0
795.0	680.0
799.0	675.0
800.0	670.0
798.0	666.0
793.0	662.0
788.0	658.0
784.0	655.0
779.0	650.0
776.0	646.0
775.0	641.0
774.0	636.0
774.0	631.0
775.0	626.0
776.0	620.0
776.0	615.0
777.0	609.0
776.0	603.0
774.0	598.0
770.0	592.0
765.0	587.0
758.0	582.0
748.0	577.0
736.0	572.0
722.0	567.0
706.0	562.0
689.0	557.0
672.0	552.0
657.0	547.0
642.0	542.0
629.0	538.0
619.0	534.0
611.0	530.0
606.0	526.0
603.0	522.0
601.0	518.0
601.0	514.0
602.0	510.0
602.0	506.0
603.0	502.0
603.0	498.0
603.0	494.0
602.0	490.0
600.0	487.0
598.0	484.0
594.0	481.0
590.0	478.0
585.0	475.0
579.0	472.0
573.0	469.0
567.0	466.0
561.0	463.0
555.0	461.0
549.0	459.0
542.0	456.0
536.0	454.0
529.0	452.0
523.0	450.0
517.0	448.0
511.0	447.0
506.0	445.0
501.0	443.0
497.0	441.0
493.0	439.0
490.0	437.0
487.0	435.0
484.0	433.0
481.0	431.0
478.0	428.0
475.0	426.0
472.0	424.0
469.0	422.0
466.0	420.0
464.0	419.0
462.0	417.0
460.0	416.0
458.0	414.0
456.0	413.0
454.0	412.0
452.0	414.0
450.0	420.0
448.0	431.0
446.0	447.0
445.0	470.0
443.0	496.0
441.0	524.0
440.0	550.0
438.0	574.0
437.0	594.0
436.0	609.0
434.0	620.0
433.0	629.0
431.0	636.0
430.0	642.0
428.0	649.0
426.0	655.0
424.0	663.0
421.0	671.0
418.0	680.0
416.0	691.0
413.0	701.0
410.0	711.0
409.0	721.0
407.0	730.0
404.0	737.0
403.0	744.0
402.0	749.0
402.0	754.0
400.0	757.0
400.0	759.0
403.0	760.0
418.0	759.0
442.0	756.0
477.0	752.0
521.0	745.0
570.0	738.0
621.0	729.0
669.0	720.0
710.0	711.0
743.0	702.0
768.0	694.0
785.0	686.0
795.0	680.0
799.0	675.0
800.0	670.0
798.0	666.0
793.0	662.0
788.0	658.0
784.0	655.0
779.0	650.0
776.0	646.0
775.0	641.0
774.0	636.0
774.0	631.0
775.0	626.0
776.0	620.0
776.0	615.0
777.0	609.0
776.0	603.0
774.0	598.0
770.0	592.0
765.0	587.0
758.0	582.0
748.0	577.0
736.0	572.0
722.0	567.0
706.0	562.0
689.0	557.0
672.0	552.0
657.0	547.0
642.0	542.0
629.0	538.0
619.0	534.0
611.0	530.0
606.0	526.0
603.0	522.0
601.0	518.0
601.0	514.0
602.0	510.0
602.0	506.0
603.0	502.0
603.0	498.0
603.0	494.0
602.0	490.0
600.0	487.0
598.0	484.0
594.0	481.0
590.0	478.0
585.0	475.0
579.0	472.0
573.0	469.0
567.0	466.0
561.0	463.0
555.0	461.0
549.0	459.0
542.0	456.0
536.0	454.0
529.0	452.0
523.0	450.0
517.0	448.0
511.0	447.0
506.0	445.0
501.0	443.0
497.0	441.0
493.0	439.0
490.0	437.0
487.0	435.0
484.0	433.0
481.0	431.0
478.0	428.0
475.0	426.0
472.0	424.0
469.0	422.0
466.0	420.0
464.0	419.0
462.0	417.0
460.0	416.0
458.0	414.0
456.0	413.0
454.0	412.0
452.0	414.0
450.0	420.0
448.0	431.0
446.0	447.0
445.0	470.0
443.0	496.0
441.0	524.0
440.0	550.0
438.0	574.0
437.0	594.0
436.0	609.0
434.0	620.0
433.0	629.0
431.0	636.0
430.0	642.0
428.0	649.0
426.0	655.0
424.0	663.0
421.0	671.0
418.0	680.0
416.0	691.0
413.0	701.0
410.0	711.0
409.0	721.0
407.0	730.0
404.0	737.0
403.0	744.0
402.0	749.0
402.0	754.0
400.0	757.0
400.0	759.0
403.0	760.0
418.0	759.0
442.0	756.0
477.0	752.0
521.0	745.0
570.0	738.0
621.0	729.0
669.0	720.0
710.0	711.0
743.0	702.0
768.0	694.0
785.0	686.0
795.0	680.0
799.0	675.0
800.0	670.0
798.0	666.0
793.0	662.0
788.0	658.0
784.0	655.0
779.0	650.0
776.0	646.0
775.0	641.0
774.0	636.0
774.0	631.0
775.0	626.0
776.0
776.0
777.0
776.0
774.0
770.0
765.0
758.0
748.0
736.0
722.0
706.0
689.0
672.0
657.0
642.0
629.0
619.0
611.0
606.0
603.0
601.0
601.0
602.0
602.0
603.0
603.0
603.0
602.0
600.0
598.0
594.0
590.0
