450
448.21
446.43
445.24
445.24
443.45
441.67
440.48
438.69
434.52
430.95
426.79
422.02
419.05
415.48
412.5
408.33
405.95
402.98
400.6
398.81
400.6
405.36
419.05
447.62
483.33
519.64
554.76
588.1
617.26
644.05
669.05
691.67
712.5
730.95
746.43
759.52
769.64
776.79
781.55
783.33
783.33
781.55
777.38
773.81
767.26
759.52
751.19
742.86
732.74
719.64
706.55
689.88
671.43
650
629.17
607.74
589.29
575
561.31
548.21
538.69
529.17
521.43
514.88
508.93
502.98
497.62
492.86
487.5
482.14
479.17
476.79
475
474.4
473.81
473.81
472.62
472.02
472.02
471.43
471.43
469.64
469.05
467.26
464.29
462.5
459.52
458.93
455.36
452.98
451.79
450
449.4
446.43
445.24
442.86
440.48
438.1
435.71
433.33
430.36
426.79
424.4
421.43
419.64
416.67
414.29
410.12
407.14
405.36
402.38
400
396.43
394.64
391.07
388.69
386.9
388.1
392.26
403.57
431.55
467.26
504.76
541.07
573.81
604.76
630.95
655.36
676.79
695.83
714.29
729.17
742.86
754.76
764.29
769.64
772.02
771.43
768.45
762.5
755.36
747.62
738.69
729.17
719.64
708.33
695.83
682.14
667.26
648.21
628.57
607.14
586.31
567.26
551.19
536.9
524.4
512.5
502.38
493.45
485.71
478.57
473.81
469.05
464.29
460.12
456.55
452.38
448.21
443.45
440.48
438.69
436.9
69
440.48
441.07
442.86
443.45
441.67
440.48
436.31
433.33
430.36
427.38
426.19
424.4
423.81
422.62
421.43
419.64
418.45
416.67
414.29
411.9
409.52
407.14
405.36
402.38
400.6
397.62
395.83
393.45
391.07
389.29
386.9
385.12
383.33
381.55
378.57
376.19
373.81
370.83
367.26
366.67
365.48
365.48
365.48
367.26
370.24
381.55
405.36
439.88
477.98
514.88
550
581.55
611.31
637.5
661.31
681.55
699.4
714.29
726.19
735.71
743.45
748.21
750
750.6
748.81
745.83
740.48
733.93
726.19
716.67
707.14
695.83
683.33
669.05
652.98
633.93
613.1
592.26
569.64
551.19
535.71
521.43
509.52
498.81
490.48
481.55
472.62
464.88
457.74
450
444.05
438.69
434.52
431.55
429.17
426.79
426.19
425
424.4
423.81
423.81
422.02
421.43
421.43
421.43
421.43
422.02
421.43
421.43
420.83
419.05
417.26
415.48
414.88
413.69
411.9
410.12
407.14
404.76
400.6
396.43
393.45
390.48
388.1
386.31
383.93
383.33
383.33
382.74
380.36
378.57
376.79
373.21
369.64
367.26
364.29
363.1
361.9
360.71
360.12
359.52
359.52
358.33
357.14
357.14
357.74
362.5
375.6
402.38
438.69
476.19
513.69
548.21
579.76
608.93
633.93
657.14
677.38
695.24
710.12
723.81
735.71
745.83
752.38
756.55
755.36
751.19
745.24
738.1
729.17
720.24
712.5
703.57
695.24
683.93
671.43
655.95
638.69
619.05
598.81
578.57
560.71
545.24
531.55
520.24
510.71
502.38
493.45
486.31
479.17
472.62
467.26
461.9
457.74
452.98
450
446.43
445.24
444.05
444.05
444.05
444.05
445.24
445.24
445.24
444.05
443.45
441.07
438.69
435.71
432.74
429.17
426.19
424.4
421.43
420.83
419.05
416.67
414.88
411.9
409.52
405.36
402.38
398.81
395.83
392.86
390.48
388.1
386.31
383.33
381.55
378.57
376.19
373.81
370.83
367.26
364.88
363.69
360.71
359.52
357.74
356.55
354.17
352.38
351.79
350
350
351.79
354.17
360.12
376.79
405.36
441.07
478.57
513.1
545.24
575
602.38
629.17
652.98
675.6
695.83
711.9
726.19
737.5
743.45
748.21
748.81
748.21
745.83
741.67
737.5
730.95
723.81
715.48
706.55
695.83
683.93
671.43
655.36
638.1
619.05
598.21
578.57
560.71
545.24
532.74
520.24
510.71
501.19
492.86
484.52
476.79
470.83
464.88
461.9
458.93
455.36
452.98
452.38
450.6
450
450
448.21
446.43
445.83
445.24
444.64
443.45
443.45
443.45
442.86
441.67
440.48
438.1
435.71
433.33
430.95
428.57
426.19
424.4
422.62
421.43
419.64
416.67
414.88
411.9
410.12
407.14
405.36
402.38
401.79
400
398.21
395.83
392.86
389.29
385.71
381.55
378.57
376.79
375.6
375.6
374.4
373.21
372.02
370.83
369.05
367.86
367.26
369.05
373.81
386.9
414.29
449.4
486.31
522.02
555.95
586.9
616.67
642.26
665.48
689.29
710.12
729.17
744.64
757.14
765.48
770.24
772.02
770.24
767.26
761.31
754.76
747.62
739.29
731.55
724.4
716.07
706.55
695.24
681.55
664.88
646.43
625.6
604.17
583.93
567.86
554.76
541.67
530.95
520.24
511.9
502.98
495.83
489.88
484.52
480.95
477.38
474.4
472.02
468.45
464.88
462.5
459.52
458.93
457.74
457.74
457.74
457.14
456.55
454.76
452.98
450
448.21
446.43
445.24
445.24
443.45
441.67
440.48
438.69
435.12
431.55
429.17
426.19
424.4
422.62
421.43
419.05
416.67
414.88
412.5
410.12
407.14
404.76
400.6
397.62
395.83
393.45
391.07
388.69
386.31
383.93
381.55
378.57
376.79
373.81
371.43
369.05
369.64
373.81
386.31
409.52
440.48
472.62
506.55
536.31
564.88
591.07
615.48
638.69
659.52
678.57
695.24
708.33
719.64
726.79
732.74
735.71
737.5
735.71
732.74
726.79
721.43
714.88
705.36
697.02
688.1
678.57
667.26
652.98
638.1
619.64
600
580.95
562.5
545.24
532.74
520.24
510.12
500.6
493.45
487.5
481.55
476.79
472.02
468.45
465.48
463.1
461.9
459.52
457.74
455.36
454.76
455.36
455.36
455.36
454.76
454.76
453.57
452.38
449.4
445.83
443.45
441.07
440.48
438.69
438.69
438.69
438.1
438.1
436.9
435.71
433.93
430.95
429.17
426.19
424.4
421.43
419.64
416.67
413.69
410.12
405.36
402.38
398.81
396.43
395.83
394.64
393.45
392.86
392.26
389.29
386.9
383.33
380.95
379.17
381.55
388.1
405.36
434.52
471.43
507.74
543.45
576.19
605.95
633.93
658.93
682.14
704.76
725.6
743.45
759.52
772.02
780.95
786.31
788.69
788.1
786.31
782.74
777.38
773.21
767.26
761.31
754.17
745.24
736.31
724.4
710.71
695.24
676.79
655.95
633.93
612.5
592.86
576.79
561.9
548.81
538.69
528.57
520.24
513.1
507.74
502.98
500.6
497.62
495.83
493.45
491.07
488.69
486.31
484.52
483.33
481.55
481.55
480.95
480.95
479.17
478.57
476.79
475
473.81
472.02
470.83
469.05
468.45
465.48
464.29
462.5
460.12
458.93
455.36
452.98
450
447.62
445.24
443.45
441.07
439.88
436.9
435.71
432.74
429.17
425
422.02
419.05
416.67
414.88
411.9
411.31
408.33
407.14
405.36
403.57
402.38
402.38
404.76
410.12
424.4
452.98
488.1
525.6
562.5
597.62
630.95
661.31
688.1
713.1
736.31
757.74
775.6
791.07
802.98
812.5
819.64
822.62
824.4
822.62
820.83
816.67
811.9
805.36
797.62
789.29
779.76
769.64
757.74
743.45
727.38
710.12
688.69
667.26
645.83
626.19
609.52
592.86
578.57
564.29
552.98
543.45
535.71
529.17
522.02
516.67
511.9
507.14
504.17
501.19
498.81
497.62
497.62
495.83
494.64
492.86
491.67
489.88
487.5
485.71
483.93
482.14
481.55
479.76
478.57
476.79
473.81
472.02
469.05
466.67
464.29
462.5
460.12
458.93
455.36
452.98
450
446.43
443.45
440.48
438.69
435.71
433.93
431.55
429.17
426.19
422.62
420.83
416.67
414.88
412.5
411.9
411.31
409.52
408.33
407.14
405.95
404.76
403.57
404.76
409.52
424.4
453.57
490.48
527.98
563.69
597.62
629.17
657.14
683.93
708.33
731.55
752.98
772.02
788.69
802.38
813.69
820.83
824.4
825
824.4
821.43
819.05
813.69
807.14
800.6
791.07
781.55
771.43
759.52
745.24
728.57
708.33
687.5
664.29
642.86
623.21
605.36
591.07
576.79
564.88
554.76
545.83
538.1
531.55
526.19
521.43
516.67
513.1
510.71
508.33
505.36
502.98
501.19
500
498.21
497.62
497.62
497.02
495.83
495.24
493.45
491.07
488.1
485.71
481.55
477.98
473.81
472.02
468.45
466.67
464.29
463.1
460.71
459.52
457.14
453.57
450.6
447.62
444.05
440.48
436.9
433.93
430.95
427.98
424.4
421.43
417.86
414.88
411.9
411.31
410.12
409.52
410.12
408.33
407.74
407.14
407.14
407.14
407.14
407.74
411.31
422.02
446.43
479.17
514.88
551.19
586.31
617.26
648.21
676.19
702.38
726.19
748.81
769.05
784.52
798.21
808.93
816.67
822.02
824.4
824.4
821.43
816.67
810.12
802.38
794.64
786.31
778.57
769.64
759.52
748.21
732.74
714.88
693.45
672.02
650
630.95
614.88
600
588.1
576.79
567.26
557.74
550
543.45
536.9
531.55
526.79
523.21
519.64
516.67
514.88
512.5
510.12
509.52
507.74
507.14
507.14
507.14
507.14
507.14
506.55
504.76
503.57
501.19
498.81
497.02
493.45
491.07
488.69
486.31
483.93
481.55
479.76
478.57
475
473.81
471.43
468.45
464.29
461.9
458.93
455.36
453.57
452.98
450.6
449.4
446.43
444.05
441.67
439.88
435.71
433.33
429.17
426.19
424.4
422.02
421.43
420.83
420.83
423.81
430.36
445.24
472.02
505.36
541.67
577.38
611.9
642.86
672.02
698.21
724.4
746.43
767.26
783.33
796.43
807.14
815.48
822.02
826.79
830.36
830.95
829.17
824.4
819.05
811.31
802.38
792.86
781.55
769.64
756.55
741.07
723.81
702.98
681.55
657.74
635.71
615.48
598.81
583.93
571.43
560.12
550
542.86
535.71
528.57
522.02
516.67
512.5
508.93
504.76
501.19
498.81
497.02
495.24
494.05
492.86
492.86
491.07
490.48
489.88
488.1
486.31
483.33
481.55
478.57
476.79
473.81
471.43
467.26
464.29
460.71
457.74
454.76
452.98
451.19
450
448.21
445.24
443.45
441.07
438.69
436.31
433.93
430.95
427.98
424.4
420.83
416.67
414.29
411.9
409.52
407.14
405.36
403.57
402.38
401.79
400
398.81
400.6
405.36
419.05
441.67
472.02
506.55
540.48
572.02
602.38
630.95
657.74
683.33
707.14
728.57
745.24
759.52
771.43
779.17
783.93
786.31
786.9
786.9
785.71
783.33
778.57
773.21
766.67
759.52
750.6
741.07
729.17
714.88
697.62
676.79
654.76
630.95
607.14
588.1
572.02
557.74
547.02
536.9
529.17
521.43
514.29
507.14
500.6
495.24
491.07
487.5
485.71
483.33
481.55
479.17
478.57
476.79