System ID	Database ID	Patient Number	Surname	First Name	Sex	Date Of Birth	Patient ID	Patient Code	Patient Notes	SP	DP	MP	DATA_REV	DATETIME	AGE	MEDICATION	NOTES	OPERATOR	INTERPRETATION	HEIGHT	WEIGHT	BODY_MASS_INDEX	SAMPLE_RATE	SIMULATION MODE	Tonometer Serial Number	SUB_TYPE	Inconclusive	Reference Age	PPAmpRatio	P_MAX_DPDT	ED	CalcED	QUALITY_ED	P_QC_PH	P_QC_PHV	P_QC_PLV	P_QC_DV	P_QC_SDEV	Operator Index	P_SP	P_DP	P_MEANP	P_T1	P_T2	P_AI	P_CalcT1	P_CalcT2	P_ESP	P_P1	P_P2	P_T1ED	P_T2ED	P_QUALITY_T1	P_QUALITY_T2	C_AP	C_AP_HR75	C_MPS	C_MPD	C_TTI	C_DTI	C_SVI	C_AL	C_ATI	HR	C_PERIOD	C_DD	C_ED_PERIOD	C_DD_PERIOD	C_PH	C_AGPH	C_AGPH_HR75	C_P1_HEIGHT	C_T1R	C_SP	C_DP	C_MEANP	C_T1	C_T2	C_AI	C_CalcT1	C_CalcT2	C_ESP	C_P1	C_P2	C_T1ED	C_T2ED	C_QUALITY_T1	C_QUALITY_T2	C_APRT	C_CFTT	C_CFD	C_WRPWV	C_RI	C_FPPH	C_FPPT	C_RPPH	C_RPPT
00050	DATA	342	EMR	Patient	MALE	14/05/1978	5678			0	80	95	130	02/12/2009 10:27:39	31					9999	9999	9999	128	Yes	0	RADIAL	No	9999	138	551	314	314	0	300	0	0	0	1	100	122	80	95	114	240	71	114	240	102	122	110	36	76	0	0	5	4	103	91	2195	3505	160	8	36	68	883	568	36	64	30	18	14	25	173	111	81	95	136	239	121	136	239	106	106	111	43	76	1	1	133	72	9999	9999.0	53	25	141	13	266

PeriphSignal 	 CentralSignal 	 PeriphPulse 	 CentralPulse	 FlowWave 	 ForwardPulse 	 ReflectedPulse 
403.0	611.0	80.0	80.93	0.0	40.47	40.47
401.0	616.0	81.27	81.64	0.71	41.18	40.47
400.0	620.0	83.2	82.74	1.8	42.27	40.47
401.0	623.0	85.82	84.2	3.27	43.74	40.47
405.0	623.0	89.05	86.0	5.07	45.54	40.47
415.0	622.0	92.73	88.07	7.13	47.6	40.47
432.0	618.0	96.8	90.31	9.38	49.85	40.47
452.0	614.0	101.07	92.66	11.73	52.19	40.47
476.0	609.0	105.35	95.01	14.08	54.54	40.47
504.0	603.0	109.51	97.28	16.35	56.81	40.47
532.0	597.0	113.33	99.38	18.44	58.91	40.47
563.0	592.0	116.55	101.23	20.3	60.76	40.47
595.0	588.0	119.08	102.78	21.85	62.32	40.47
623.0	585.0	120.83	104.0	23.06	63.53	40.47
649.0	582.0	121.72	104.88	23.94	64.41	40.47
671.0	580.0	121.78	105.46	24.52	64.99	40.47
687.0	578.0	121.11	105.78	24.85	65.32	40.47
696.0	576.0	119.83	105.92	24.99	65.46	40.47
700.0	573.0	118.06	105.95	25.02	65.49	40.47
698.0	571.0	116.03	105.94	24.84	65.4	40.55
690.0	568.0	113.93	105.98	24.4	65.19	40.79
679.0	565.0	111.97	106.11	23.64	64.88	41.24
665.0	561.0	110.31	106.39	22.55	64.47	41.93
649.0	557.0	109.07	106.84	21.11	63.98	42.87
633.0	553.0	108.32	107.46	19.36	63.41	44.05
619.0	549.0	108.02	108.19	17.37	62.78	45.42
608.0	545.0	108.09	108.99	15.21	62.1	46.9
601.0	541.0	108.43	109.77	12.98	61.38	48.4
597.0	538.0	108.9	110.44	10.8	60.62	49.82
597.0	534.0	109.35	110.94	8.75	59.85	51.1
599.0	531.0	109.63	111.21	6.9	59.06	52.16
603.0	527.0	109.7	111.23	5.31	58.27	52.97
607.0	524.0	109.46	111.02	3.97	57.5	53.52
611.0	521.0	108.92	110.58	2.9	56.74	53.85
613.0	518.0	108.1	109.99	2.06	56.02	53.97
613.0	515.0	107.08	109.28	1.41	55.35	53.93
610.0	511.0	105.96	108.52	0.93	54.72	53.8
606.0	508.0	104.81	107.77	0.56	54.16	53.61
599.0	505.0	103.73	107.07	0.28	53.68	53.4
591.0	502.0	102.79	106.47	0.09	53.28	53.19
582.0	498.0	102.02	105.95	0.0	52.98	52.98
574.0	495.0	101.42	105.53	0.0	52.77	52.77
567.0	492.0	101.0	105.17	0.0	52.59	52.59
560.0	489.0	100.72	104.84	0.0	52.42	52.42
556.0	486.0	100.52	104.52	0.0	52.26	52.26
552.0	483.0	100.35	104.17	0.0	52.09	52.09
550.0	480.0	100.16	103.78	0.0	51.89	51.89
549.0	477.0	99.93	103.35	0.0	51.68	51.68
548.0	475.0	99.63	102.86	0.0	51.43	51.43
547.0	472.0	99.25	102.34	0.0	51.17	51.17
546.0	469.0	98.8	101.79	0.0	50.9	50.9
544.0	467.0	98.28	101.21	0.0	50.61	50.61
542.0	464.0	97.7	100.64	0.0	50.32	50.32
539.0	462.0	97.1	100.07	0.0	50.04	50.04
536.0	459.0	96.48	99.51	0.0	49.76	49.76
532.0	457.0	95.86	98.98	0.0	49.49	49.49
528.0	455.0	95.27	98.46	0.0	49.23	49.23
523.0	453.0	94.71	97.96	0.0	48.98	48.98
519.0	451.0	94.17	97.47	0.0	48.74	48.74
515.0	449.0	93.66	97.0	0.0	48.5	48.5
511.0	447.0	93.18	96.53	0.0	48.27	48.27
507.0	446.0	92.73	96.06	0.0	48.03	48.03
503.0	444.0	92.29	95.59	0.0	47.8	47.8
500.0	442.0	91.85	95.12	0.0	47.56	47.56
497.0	441.0	91.41	94.65	0.0	47.33	47.33
494.0	439.0	90.97	94.18	0.0	47.09	47.09
491.0	438.0	90.53	93.71	0.0	46.86	46.86
488.0	436.0	90.09	93.24	0.0	46.62	46.62
485.0	434.0	89.65	92.77	0.0	46.39	46.39
482.0	432.0	89.21	92.31	0.0	46.16	46.16
479.0	431.0	88.79	91.86	0.0	45.93	45.93
476.0	429.0	88.38	91.43	0.0	45.72	45.72
473.0	427.0	87.99	91.0	0.0	45.5	45.5
470.0	424.0	87.61	90.58	0.0	45.29	45.29
467.0	422.0	87.25	90.17	0.0	45.09	45.09
464.0	420.0	86.89	89.77	0.0	44.89	44.89
462.0	419.0	86.56	89.37	0.0	44.69	44.69
459.0	418.0	86.24	88.99	0.0	44.5	44.5
457.0	417.0	85.94	88.61	0.0	44.31	44.31
454.0	416.0	85.64	88.25	0.0	44.13	44.13
452.0	415.0	85.37	87.89	0.0	43.95	43.95
450.0	414.0	85.11	87.55	0.0	43.78	43.78
448.0	413.0	84.84	87.21	0.0	43.61	43.61
446.0	411.0	84.59	86.89	0.0	43.45	43.45
444.0	410.0	84.38	86.58	0.0	43.29	43.29
442.0	409.0	84.18	86.29	0.0	43.15	43.15
441.0	411.0	83.99	86.02	0.0	43.01	43.01
439.0	415.0	83.83	85.77	0.0	42.89	42.89
437.0	422.0	83.69	85.52	0.0	42.76	42.76
436.0	432.0	83.54	85.28	0.0	42.64	42.64
435.0	445.0	83.39	85.05	0.0	42.53	42.53
434.0	460.0	83.25	84.82	0.0	42.41	42.41
433.0	476.0	83.09	84.58	0.0	42.29	42.29
432.0	492.0	82.89	84.33	0.0	42.17	42.17
431.0	509.0	82.68	84.09	0.0	42.05	42.05
430.0	525.0	82.48	83.84	0.0	41.92	41.92
429.0	540.0	82.24	83.58	0.0	41.79	41.79
428.0	554.0	81.96	83.3	0.0	41.65	41.65
426.0	565.0	81.65	83.01	0.0	41.51	41.51
424.0	574.0	81.27	82.7	0.0	41.35	41.35
423.0	580.0	80.85	82.39	0.0	41.2	41.2
422.0	583.0	80.48	82.1	0.0	41.05	41.05
419.0	585.0	80.16	81.84	0.0	40.92	40.92
416.0	586.0	79.92	81.63	0.0	40.82	40.82
413.0	585.0	79.79	81.47	0.0	40.74	40.74
409.0	585.0	79.73	81.34	0.0	40.67	40.67
408.0	584.0	79.66	81.21	0.0	40.61	40.61
407.0	585.0	79.57	81.06	0.0	40.53	40.53
406.0	586.0	79.45	80.89	0.0	40.45	40.45
406.0	589.0	79.28	80.7	0.0	40.35	40.35
406.0	593.0	79.11	80.53	0.0	40.27	40.27
406.0	599.0	79.06	80.45	0.0	40.23	40.23
404.0	605.0	79.26	80.53	0.0	40.27	40.27
403.0	611.0	79.59	80.64	0.0	40.32	40.32
401.0	616.0
400.0	620.0
401.0	623.0
405.0	623.0
415.0	622.0
432.0	618.0
452.0	614.0
476.0	609.0
504.0	603.0
532.0	597.0
563.0	592.0
595.0	588.0
623.0	585.0
649.0	582.0
671.0	580.0
687.0	578.0
696.0	576.0
700.0	573.0
698.0	571.0
690.0	568.0
679.0	565.0
665.0	561.0
649.0	557.0
633.0	553.0
619.0	549.0
608.0	545.0
601.0	541.0
597.0	538.0
597.0	534.0
599.0	531.0
603.0	527.0
607.0	524.0
611.0	521.0
613.0	518.0
613.0	515.0
610.0	511.0
606.0	508.0
599.0	505.0
591.0	502.0
582.0	498.0
574.0	495.0
567.0	492.0
560.0	489.0
556.0	486.0
552.0	483.0
550.0	480.0
549.0	477.0
548.0	475.0
547.0	472.0
546.0	469.0
544.0	467.0
542.0	464.0
539.0	462.0
536.0	459.0
532.0	457.0
528.0	455.0
523.0	453.0
519.0	451.0
515.0	449.0
511.0	447.0
507.0	446.0
503.0	444.0
500.0	442.0
497.0	441.0
494.0	439.0
491.0	438.0
488.0	436.0
485.0	434.0
482.0	432.0
479.0	431.0
476.0	429.0
473.0	427.0
470.0	424.0
467.0	422.0
464.0	420.0
462.0	419.0
459.0	418.0
457.0	417.0
454.0	416.0
452.0	415.0
450.0	414.0
448.0	413.0
446.0	411.0
444.0	410.0
442.0	409.0
441.0	409.0
439.0	411.0
437.0	415.0
436.0	422.0
435.0	432.0
434.0	444.0
433.0	459.0
432.0	475.0
431.0	491.0
430.0	508.0
429.0	524.0
428.0	540.0
426.0	553.0
424.0	564.0
423.0	573.0
422.0	579.0
419.0	583.0
416.0	585.0
413.0	585.0
409.0	585.0
408.0	584.0
407.0	584.0
406.0	584.0
406.0	586.0
406.0	589.0
406.0	594.0
404.0	599.0
403.0	605.0
401.0	611.0
400.0	617.0
402.0	621.0
403.0	623.0
407.0	623.0
416.0	622.0
432.0	619.0
452.0	614.0
476.0	609.0
503.0	603.0
531.0	598.0
563.0	593.0
593.0	588.0
622.0	585.0
648.0	582.0
670.0	580.0
686.0	578.0
695.0	576.0
699.0	574.0
697.0	571.0
690.0	568.0
679.0	565.0
664.0	561.0
649.0	557.0
633.0	553.0
619.0	549.0
609.0	545.0
601.0	541.0
598.0	538.0
597.0	534.0
600.0	531.0
604.0	527.0
608.0	524.0
612.0	521.0
614.0	518.0
613.0	515.0
611.0	511.0
606.0	508.0
599.0	505.0
591.0	502.0
582.0	498.0
574.0	495.0
567.0	492.0
560.0	489.0
555.0	486.0
552.0	483.0
550.0	480.0
548.0	477.0
548.0	475.0
547.0	472.0
546.0	469.0
544.0	467.0
542.0	464.0
539.0	462.0
536.0	459.0
532.0	457.0
528.0	455.0
523.0	453.0
519.0	451.0
515.0	449.0
511.0	447.0
507.0	446.0
504.0	444.0
500.0	442.0
497.0	441.0
494.0	439.0
491.0	438.0
488.0	436.0
485.0	434.0
482.0	432.0
479.0	431.0
476.0	429.0
473.0	427.0
470.0	424.0
467.0	422.0
464.0	420.0
462.0	419.0
459.0	418.0
457.0	417.0
454.0	416.0
452.0	415.0
450.0	414.0
448.0	413.0
446.0	411.0
444.0	410.0
442.0	409.0
441.0	411.0
439.0	415.0
437.0	422.0
436.0	432.0
435.0	445.0
434.0	460.0
433.0	476.0
432.0	492.0
431.0	509.0
430.0	525.0
429.0	540.0
428.0	554.0
426.0	565.0
424.0	574.0
423.0	580.0
422.0	583.0
419.0	585.0
416.0	586.0
413.0	585.0
409.0	585.0
408.0	584.0
407.0	585.0
406.0	586.0
406.0	589.0
406.0	593.0
406.0	599.0
404.0	605.0
403.0	611.0
401.0	616.0
400.0	620.0
401.0	623.0
405.0	623.0
415.0	622.0
432.0	618.0
452.0	614.0
476.0	609.0
504.0	603.0
532.0	597.0
563.0	592.0
595.0	588.0
623.0	585.0
649.0	582.0
671.0	580.0
687.0	578.0
696.0	576.0
700.0	573.0
698.0	571.0
690.0	568.0
679.0	565.0
665.0	561.0
649.0	557.0
633.0	553.0
619.0	549.0
608.0	545.0
601.0	541.0
597.0	538.0
597.0	534.0
599.0	531.0
603.0	527.0
607.0	524.0
611.0	521.0
613.0	518.0
613.0	515.0
610.0	511.0
606.0	508.0
599.0	505.0
591.0	502.0
582.0	498.0
574.0	495.0
567.0	492.0
560.0	489.0
556.0	486.0
552.0	483.0
550.0	480.0
549.0	477.0
548.0	475.0
547.0	472.0
546.0	469.0
544.0	467.0
542.0	464.0
539.0	462.0
536.0	459.0
532.0	457.0
528.0	455.0
523.0	453.0
519.0	451.0
515.0	449.0
511.0	447.0
507.0	446.0
503.0	444.0
500.0	442.0
497.0	441.0
494.0	439.0
491.0	438.0
488.0	436.0
485.0	434.0
482.0	432.0
479.0	431.0
476.0	429.0
473.0	427.0
470.0	424.0
467.0	422.0
464.0	420.0
462.0	419.0
459.0	418.0
457.0	417.0
454.0	416.0
452.0	415.0
450.0	414.0
448.0	413.0
446.0	411.0
444.0	410.0
442.0	409.0
441.0	411.0
439.0	415.0
437.0	422.0
436.0	432.0
435.0	445.0
434.0	460.0
433.0	476.0
432.0	492.0
431.0	509.0
430.0	525.0
429.0	540.0
428.0	554.0
426.0	565.0
424.0	574.0
423.0	580.0
422.0	583.0
419.0	585.0
416.0	586.0
413.0	585.0
409.0	585.0
408.0	584.0
407.0	585.0
406.0	586.0
406.0	589.0
406.0	593.0
406.0	599.0
404.0	605.0
403.0	611.0
401.0	616.0
400.0	620.0
401.0	623.0
405.0	623.0
415.0	622.0
432.0	618.0
452.0	614.0
476.0	609.0
504.0	603.0
532.0	597.0
563.0	592.0
595.0	588.0
623.0	585.0
649.0	582.0
671.0	580.0
687.0	578.0
696.0	576.0
700.0	573.0
698.0	571.0
690.0	568.0
679.0	565.0
665.0	561.0
649.0	557.0
633.0	553.0
619.0	549.0
608.0	545.0
601.0	541.0
597.0	538.0
597.0	534.0
599.0	531.0
603.0	527.0
607.0	524.0
611.0	521.0
613.0	518.0
613.0	515.0
610.0	511.0
606.0	508.0
599.0	505.0
591.0	502.0
582.0	498.0
574.0	495.0
567.0	492.0
560.0	489.0
556.0	486.0
552.0	483.0
550.0	480.0
549.0	477.0
548.0	475.0
547.0	472.0
546.0	469.0
544.0	467.0
542.0	464.0
539.0	462.0
536.0	459.0
532.0	457.0
528.0	455.0
523.0	453.0
519.0	451.0
515.0	449.0
511.0	447.0
507.0	446.0
503.0	444.0
500.0	442.0
497.0	441.0
494.0	439.0
491.0	438.0
488.0	436.0
485.0	434.0
482.0	432.0
479.0	431.0
476.0	429.0
473.0	427.0
470.0	424.0
467.0	422.0
464.0	420.0
462.0	419.0
459.0	418.0
457.0	417.0
454.0	416.0
452.0	415.0
450.0	414.0
448.0	413.0
446.0	411.0
444.0	410.0
442.0	409.0
441.0	411.0
439.0	415.0
437.0	422.0
436.0	432.0
435.0	445.0
434.0	460.0
433.0	476.0
432.0	492.0
431.0	509.0
430.0	525.0
429.0	540.0
428.0	554.0
426.0	565.0
424.0	574.0
423.0	580.0
422.0	583.0
419.0	585.0
416.0	586.0
413.0	585.0
409.0	585.0
408.0	584.0
407.0	585.0
406.0	586.0
406.0	589.0
406.0	593.0
406.0	599.0
404.0	605.0
403.0	611.0
401.0	616.0
400.0	620.0
401.0	623.0
405.0	623.0
415.0	622.0
432.0	618.0
452.0	614.0
476.0	609.0
504.0	603.0
532.0	597.0
563.0	592.0
595.0	588.0
623.0	585.0
649.0	582.0
671.0	580.0
687.0	578.0
696.0	576.0
700.0	573.0
698.0	571.0
690.0	568.0
679.0	565.0
665.0	561.0
649.0	557.0
633.0	553.0
619.0	549.0
608.0	545.0
601.0	541.0
597.0	538.0
597.0	534.0
599.0	531.0
603.0	527.0
607.0	524.0
611.0	521.0
613.0	518.0
613.0	515.0
610.0	511.0
606.0	508.0
599.0	505.0
591.0	502.0
582.0	498.0
574.0	495.0
567.0	492.0
560.0	489.0
556.0	486.0
552.0	483.0
550.0	480.0
549.0	477.0
548.0	475.0
547.0	472.0
546.0	469.0
544.0	467.0
542.0	464.0
539.0	462.0
536.0	459.0
532.0	457.0
528.0	455.0
523.0	453.0
519.0	451.0
515.0	449.0
511.0	447.0
507.0	446.0
503.0	444.0
500.0	442.0
497.0	441.0
494.0	439.0
491.0	438.0
488.0	436.0
485.0	434.0
482.0	432.0
479.0	431.0
476.0	429.0
473.0	427.0
470.0	424.0
467.0	422.0
464.0	420.0
462.0	419.0
459.0	418.0
457.0	417.0
454.0	416.0
452.0	415.0
450.0	414.0
448.0	413.0
446.0	411.0
444.0	410.0
442.0	409.0
441.0	409.0
439.0	411.0
437.0	415.0
436.0	422.0
435.0	432.0
434.0	444.0
433.0	459.0
432.0	475.0
431.0	491.0
430.0	508.0
429.0	524.0
428.0	540.0
426.0	553.0
424.0	564.0
423.0	573.0
422.0	579.0
419.0	583.0
416.0	585.0
413.0	585.0
409.0	585.0
408.0	584.0
407.0	584.0
406.0	584.0
406.0	586.0
406.0	589.0
406.0	594.0
404.0	599.0
403.0	605.0
401.0	611.0
400.0	617.0
402.0	621.0
403.0	623.0
407.0	623.0
416.0	622.0
432.0	619.0
452.0	614.0
476.0	609.0
503.0	603.0
531.0	598.0
563.0	593.0
593.0	588.0
622.0	585.0
648.0	582.0
670.0	580.0
686.0	578.0
695.0	576.0
699.0	574.0
697.0	571.0
690.0	568.0
679.0	565.0
664.0	561.0
649.0	557.0
633.0	553.0
619.0	549.0
609.0	545.0
601.0	541.0
598.0	538.0
597.0	534.0
600.0	531.0
604.0	527.0
608.0	524.0
612.0	521.0
614.0	518.0
613.0	515.0
611.0	511.0
606.0	508.0
599.0	505.0
591.0	502.0
582.0	498.0
574.0	495.0
567.0	492.0
560.0	489.0
555.0	486.0
552.0	483.0
550.0	480.0
548.0	477.0
548.0	475.0
547.0	472.0
546.0	469.0
544.0	467.0
542.0	464.0
539.0	462.0
536.0	459.0
532.0	457.0
528.0	455.0
523.0	453.0
519.0	451.0
515.0	449.0
511.0	447.0
507.0	446.0
504.0	444.0
500.0	442.0
497.0	441.0
494.0	439.0
491.0	438.0
488.0	436.0
485.0	434.0
482.0	432.0
479.0	431.0
476.0	429.0
473.0	427.0
470.0	424.0
467.0	422.0
464.0	420.0
462.0	419.0
459.0	418.0
457.0	417.0
454.0	416.0
452.0	415.0
450.0	414.0
448.0	413.0
446.0	411.0
444.0	410.0
442.0	409.0
441.0	411.0
439.0	415.0
437.0	422.0
436.0	432.0
435.0	445.0
434.0	460.0
433.0	476.0
432.0	492.0
431.0	509.0
430.0	525.0
429.0	540.0
428.0	554.0
426.0	565.0
424.0	574.0
423.0	580.0
422.0	583.0
419.0	585.0
416.0	586.0
413.0	585.0
409.0	585.0
408.0	584.0
407.0	585.0
406.0	586.0
406.0	589.0
406.0	593.0
406.0	599.0
404.0	605.0
403.0	611.0
401.0	616.0
400.0	620.0
401.0	623.0
405.0	623.0
415.0	622.0
432.0	618.0
452.0	614.0
476.0	609.0
504.0	603.0
532.0	597.0
563.0	592.0
595.0	588.0
623.0	585.0
649.0	582.0
671.0	580.0
687.0	578.0
696.0	576.0
700.0	573.0
698.0	571.0
690.0	568.0
679.0	565.0
665.0	561.0
649.0	557.0
633.0	553.0
619.0	549.0
608.0	545.0
601.0	541.0
597.0	538.0
597.0	534.0
599.0	531.0
603.0	527.0
607.0	524.0
611.0	521.0
613.0	518.0
613.0	515.0
610.0	511.0
606.0	508.0
599.0	505.0
591.0	502.0
582.0	498.0
574.0	495.0
567.0	492.0
560.0	489.0
556.0	486.0
552.0	483.0
550.0	480.0
549.0	477.0
548.0	475.0
547.0	472.0
546.0	469.0
544.0	467.0
542.0	464.0
539.0	462.0
536.0	459.0
532.0	457.0
528.0	455.0
523.0	453.0
519.0	451.0
515.0	449.0
511.0	447.0
507.0	446.0
503.0	444.0
500.0	442.0
497.0	441.0
494.0	439.0
491.0	438.0
488.0	436.0
485.0	434.0
482.0	432.0
479.0	431.0
476.0	429.0
473.0	427.0
470.0	424.0
467.0	422.0
464.0	420.0
462.0	419.0
459.0	418.0
457.0	417.0
454.0	416.0
452.0	415.0
450.0	414.0
448.0	413.0
446.0	411.0
444.0	410.0
442.0	409.0
441.0	411.0
439.0	415.0
437.0	422.0
436.0	432.0
435.0	445.0
434.0	460.0
433.0	476.0
432.0	492.0
431.0	509.0
430.0	525.0
429.0	540.0
428.0	554.0
426.0	565.0
424.0	574.0
423.0	580.0
422.0	583.0
419.0	585.0
416.0	586.0
413.0	585.0
409.0	585.0
408.0	584.0
407.0	585.0
406.0	586.0
406.0	589.0
406.0	593.0
406.0	599.0
404.0	605.0
403.0	611.0
401.0	616.0
400.0	620.0
401.0	623.0
405.0	623.0
415.0	622.0
432.0	618.0
452.0	614.0
476.0	609.0
504.0	603.0
532.0	597.0
563.0	592.0
595.0	588.0
623.0	585.0
649.0	582.0
671.0	580.0
687.0	578.0
696.0	576.0
700.0	573.0
698.0	571.0
690.0	568.0
679.0	565.0
665.0	561.0
649.0	557.0
633.0	553.0
619.0	549.0
608.0	545.0
601.0	541.0
597.0	538.0
597.0	534.0
599.0	531.0
603.0	527.0
607.0	524.0
611.0	521.0
613.0	518.0
613.0	515.0
610.0	511.0
606.0	508.0
599.0	505.0
591.0	502.0
582.0	498.0
574.0	495.0
567.0	492.0
560.0	489.0
556.0	486.0
552.0	483.0
550.0	480.0
549.0	477.0
548.0	475.0
547.0	472.0
546.0	469.0
544.0	467.0
542.0	464.0
539.0	462.0
536.0	459.0
532.0	457.0
528.0	455.0
523.0	453.0
519.0	451.0
515.0	449.0
511.0	447.0
507.0	446.0
503.0	444.0
500.0	442.0
497.0	441.0
494.0	439.0
491.0	438.0
488.0	436.0
485.0	434.0
482.0	432.0
479.0	431.0
476.0	429.0
473.0	427.0
470.0	424.0
467.0	422.0
464.0	420.0
462.0	419.0
459.0	418.0
457.0	417.0
454.0	416.0
452.0	415.0
450.0	414.0
448.0	413.0
446.0	411.0
444.0	410.0
442.0	409.0
441.0	411.0
439.0	415.0
437.0	422.0
436.0	432.0
435.0	445.0
434.0	460.0
433.0	476.0
432.0	492.0
431.0	509.0
430.0	525.0
429.0	540.0
428.0	554.0
426.0	565.0
424.0	574.0
423.0	580.0
422.0	583.0
419.0	585.0
416.0	586.0
413.0	585.0
409.0	585.0
408.0	584.0
407.0	585.0
406.0	586.0
406.0	589.0
406.0	593.0
406.0	599.0
404.0	605.0
403.0	611.0
401.0	616.0
400.0	620.0
401.0	623.0
405.0	623.0
415.0	622.0
432.0	618.0
452.0	614.0
476.0	609.0
504.0	603.0
532.0	597.0
563.0	592.0
595.0	588.0
623.0	585.0
649.0	582.0
671.0	580.0
687.0	578.0
696.0	576.0
700.0	573.0
698.0	571.0
690.0	568.0
679.0	565.0
665.0	561.0
649.0	557.0
633.0	553.0
619.0	549.0
608.0	545.0
601.0	541.0
597.0	538.0
597.0	534.0
599.0	531.0
603.0	527.0
607.0	524.0
611.0	521.0
613.0	518.0
613.0	515.0
610.0	511.0
606.0	508.0
599.0	505.0
591.0	502.0
582.0	498.0
574.0	495.0
567.0	492.0
560.0	489.0
556.0	486.0
552.0	483.0
550.0	480.0
549.0	477.0
548.0	475.0
547.0	472.0
546.0	469.0
544.0	467.0
542.0	464.0
539.0	462.0
536.0	459.0
532.0	457.0
528.0	455.0
523.0	453.0
519.0	451.0
515.0	449.0
511.0	447.0
507.0	446.0
503.0	444.0
500.0	442.0
497.0	441.0
494.0	439.0
491.0	438.0
488.0	436.0
485.0	434.0
482.0	432.0
479.0	431.0
476.0	429.0
473.0	427.0
470.0	424.0
467.0	422.0
464.0	420.0
462.0	419.0
459.0	418.0
457.0	417.0
454.0	416.0
452.0	415.0
450.0	414.0
448.0	413.0
446.0	411.0
444.0	410.0
442.0	409.0
441.0	409.0
439.0	411.0
437.0	415.0
436.0	422.0
435.0	432.0
434.0	444.0
433.0	459.0
432.0	475.0
431.0	491.0
430.0	508.0
429.0	524.0
428.0	540.0
426.0	553.0
424.0	564.0
423.0
422.0
419.0
416.0
413.0
409.0
408.0
407.0
406.0
406.0
406.0
406.0
404.0
403.0
401.0
400.0
402.0
403.0
407.0
416.0
432.0
452.0
476.0
503.0
531.0
563.0
593.0
622.0
648.0
670.0
686.0
695.0
699.0
