System ID	Database ID	Patient Number	Surname	First Name	Sex	Date Of Birth	Patient ID	Patient Code	Patient Notes	SP	DP	MP	DATA_REV	DATETIME	AGE	MEDICATION	NOTES	OPERATOR	INTERPRETATION	HEIGHT	WEIGHT	BODY_MASS_INDEX	SAMPLE_RATE	SIMULATION MODE	PX_DIST	DT_DIST	PWV_DIST	PWV_DISTERR	ALGORITHM	PHEIGHT_PC	PP_MDT	PP_DEVIATION	PWV	PWVERR	CAR-FEM PTT SD	Tonometer Serial Number	A_SUBTYPE	A_NOF_10_SETS	A_HR	A_MDT	A_DEVIATION_DT	A_TON_QC_PH	A_TON_QC_PHV	A_TON_QC_PLV	A_TON_QC_BLV	A_ECG_QC_PH	A_ECG_QC_PHV	A_ECG_QC_PLV	A_ECG_QC_BLV	B_SUBTYPE	B_NOF_10_SETS	B_HR	B_MDT	B_DEVIATION_DT	B_TON_QC_PH	B_TON_QC_PHV	B_TON_QC_PLV	B_TON_QC_BLV	B_ECG_QC_PH	B_ECG_QC_PHV	B_ECG_QC_PLV	B_ECG_QC_BLV
00050	DATA	342	EMR	Patient	MALE	14/05/1978	5678			0	80	95	130	02/12/2009 10:35:11	31					9999	9999	9999	128	Yes	0	0	500	9999	3	-1	51.6	2.2	9.7	0.4	4.2	0	CAROTID	1	78	62.2	2	121	10	4	15.4	159	6	5	8.9	FEMORAL	1	76	113.8	0.8	403	3	4	5.5	162	4	1	6.1


SiteA Pressure 	 Site A ECG 	 SiteB Pressure 	 Site B ECG
401.0	531.0	443.0	515.0
401.0	526.0	440.0	514.0
400.0	523.0	438.0	510.0
399.0	516.0	436.0	512.0
398.0	520.0	433.0	512.0
397.0	519.0	430.0	507.0
397.0	519.0	427.0	503.0
396.0	518.0	424.0	537.0
395.0	515.0	421.0	605.0
394.0	518.0	420.0	659.0
393.0	512.0	417.0	640.0
393.0	515.0	414.0	565.0
392.0	556.0	410.0	515.0
391.0	624.0	407.0	509.0
391.0	662.0	405.0	520.0
390.0	619.0	402.0	519.0
389.0	542.0	400.0	508.0
389.0	512.0	396.0	512.0
389.0	516.0	395.0	519.0
388.0	525.0	391.0	518.0
387.0	519.0	389.0	514.0
388.0	514.0	387.0	515.0
392.0	518.0	388.0	518.0
401.0	521.0	392.0	521.0
416.0	524.0	404.0	519.0
435.0	520.0	432.0	519.0
453.0	516.0	467.0	522.0
467.0	519.0	505.0	520.0
479.0	525.0	541.0	522.0
487.0	518.0	574.0	526.0
492.0	520.0	605.0	529.0
497.0	522.0	631.0	529.0
500.0	526.0	655.0	533.0
502.0	525.0	677.0	541.0
503.0	529.0	696.0	541.0
503.0	529.0	714.0	544.0
502.0	530.0	729.0	552.0
501.0	534.0	743.0	558.0
501.0	537.0	755.0	562.0
501.0	543.0	764.0	561.0
501.0	550.0	770.0	570.0
500.0	554.0	772.0	573.0
500.0	559.0	771.0	565.0
499.0	560.0	768.0	562.0
498.0	562.0	763.0	563.0
497.0	569.0	755.0	555.0
496.0	568.0	748.0	544.0
495.0	568.0	739.0	539.0
494.0	566.0	729.0	533.0
492.0	560.0	720.0	530.0
491.0	550.0	708.0	521.0
489.0	541.0	696.0	521.0
488.0	538.0	682.0	522.0
485.0	535.0	667.0	522.0
481.0	530.0	648.0	518.0
475.0	526.0	629.0	519.0
467.0	522.0	607.0	518.0
456.0	520.0	586.0	517.0
447.0	524.0	567.0	519.0
444.0	524.0	551.0	524.0
445.0	520.0	537.0	523.0
446.0	520.0	524.0	517.0
446.0	523.0	513.0	519.0
446.0	523.0	502.0	526.0
446.0	524.0	493.0	521.0
445.0	520.0	486.0	521.0
445.0	520.0	479.0	524.0
444.0	525.0	474.0	528.0
444.0	524.0	469.0	521.0
444.0	523.0	464.0	523.0
443.0	524.0	460.0	525.0
441.0	525.0	457.0	527.0
440.0	525.0	452.0	524.0
438.0	525.0	448.0	526.0
436.0	527.0	443.0	528.0
434.0	527.0	440.0	527.0
431.0	528.0	439.0	522.0
429.0	527.0	437.0	521.0
427.0	528.0	439.0	525.0
425.0	527.0	440.0	522.0
423.0	527.0	441.0	517.0
421.0	530.0	443.0	517.0
419.0	527.0	443.0	523.0
417.0	527.0	442.0	521.0
415.0	528.0	440.0	517.0
413.0	527.0	436.0	523.0
411.0	529.0	433.0	529.0
409.0	528.0	430.0	525.0
407.0	527.0	427.0	525.0
405.0	525.0	426.0	529.0
404.0	523.0	424.0	534.0
403.0	531.0	424.0	528.0
402.0	534.0	423.0	528.0
401.0	535.0	421.0	526.0
400.0	534.0	420.0	526.0
399.0	533.0	418.0	520.0
398.0	537.0	417.0	523.0
397.0	538.0	414.0	521.0
397.0	536.0	412.0	515.0
396.0	530.0	410.0	510.0
394.0	529.0	407.0	514.0
394.0	531.0	405.0	516.0
393.0	532.0	402.0	513.0
392.0	520.0	401.0	510.0
391.0	515.0	398.0	511.0
390.0	515.0	396.0	509.0
389.0	518.0	393.0	503.0
389.0	520.0	391.0	520.0
388.0	518.0	389.0	586.0
387.0	518.0	387.0	650.0
385.0	523.0	385.0	646.0
384.0	515.0	383.0	574.0
384.0	515.0	382.0	513.0
384.0	539.0	379.0	505.0
383.0	602.0	376.0	511.0
383.0	656.0	374.0	509.0
382.0	642.0	371.0	510.0
382.0	574.0	367.0	511.0
381.0	519.0	367.0	515.0
381.0	515.0	365.0	515.0
380.0	530.0	365.0	514.0
379.0	524.0	365.0	515.0
379.0	515.0	367.0	509.0
381.0	515.0	370.0	515.0
387.0	518.0	382.0	519.0
399.0	524.0	405.0	519.0
417.0	519.0	440.0	517.0
435.0	519.0	478.0	514.0
451.0	523.0	515.0	524.0
464.0	523.0	550.0	528.0
474.0	523.0	582.0	525.0
480.0	524.0	611.0	527.0
485.0	522.0	638.0	533.0
489.0	522.0	661.0	536.0
492.0	524.0	682.0	533.0
494.0	529.0	699.0	537.0
495.0	529.0	714.0	551.0
495.0	530.0	726.0	555.0
494.0	532.0	736.0	554.0
493.0	535.0	743.0	557.0
493.0	537.0	748.0	562.0
493.0	544.0	750.0	568.0
493.0	547.0	751.0	562.0
493.0	556.0	749.0	561.0
492.0	557.0	746.0	562.0
492.0	559.0	740.0	553.0
491.0	566.0	734.0	542.0
489.0	569.0	726.0	539.0
488.0	568.0	717.0	535.0
487.0	568.0	707.0	532.0
485.0	559.0	696.0	525.0
484.0	554.0	683.0	526.0
483.0	545.0	669.0	523.0
481.0	538.0	653.0	522.0
479.0	534.0	634.0	519.0
475.0	528.0	613.0	519.0
470.0	527.0	592.0	520.0
462.0	525.0	570.0	517.0
452.0	521.0	551.0	515.0
443.0	523.0	536.0	519.0
440.0	521.0	521.0	523.0
442.0	522.0	510.0	517.0
443.0	518.0	499.0	519.0
443.0	514.0	490.0	522.0
444.0	510.0	482.0	522.0
444.0	509.0	473.0	521.0
443.0	515.0	465.0	518.0
443.0	522.0	458.0	523.0
443.0	523.0	450.0	522.0
443.0	518.0	444.0	522.0
443.0	518.0	439.0	522.0
442.0	522.0	435.0	526.0
441.0	525.0	432.0	525.0
439.0	522.0	429.0	523.0
438.0	524.0	427.0	521.0
436.0	523.0	426.0	525.0
434.0	523.0	425.0	523.0
432.0	523.0	424.0	523.0
430.0	524.0	424.0	523.0
428.0	523.0	424.0	524.0
426.0	526.0	422.0	523.0
424.0	523.0	421.0	520.0
421.0	522.0	421.0	527.0
418.0	524.0	421.0	526.0
416.0	523.0	421.0	522.0
414.0	523.0	422.0	520.0
411.0	527.0	421.0	526.0
409.0	528.0	421.0	532.0
407.0	525.0	421.0	533.0
405.0	524.0	419.0	531.0
403.0	526.0	417.0	533.0
402.0	527.0	415.0	537.0
400.0	526.0	415.0	534.0
399.0	529.0	414.0	534.0
397.0	534.0	412.0	533.0
396.0	533.0	410.0	530.0
394.0	530.0	407.0	527.0
393.0	534.0	405.0	526.0
392.0	536.0	401.0	527.0
390.0	537.0	396.0	523.0
389.0	539.0	393.0	517.0
389.0	536.0	390.0	520.0
388.0	532.0	388.0	525.0
387.0	533.0	386.0	520.0
386.0	532.0	384.0	515.0
385.0	524.0	383.0	520.0
385.0	520.0	383.0	524.0
384.0	518.0	383.0	515.0
384.0	519.0	380.0	513.0
383.0	520.0	379.0	554.0
381.0	525.0	377.0	626.0
381.0	525.0	373.0	670.0
380.0	521.0	370.0	633.0
379.0	520.0	367.0	565.0
379.0	513.0	364.0	520.0
378.0	515.0	363.0	511.0
378.0	556.0	362.0	528.0
377.0	626.0	361.0	521.0
377.0	661.0	360.0	515.0
376.0	620.0	360.0	515.0
376.0	549.0	360.0	523.0
375.0	512.0	358.0	529.0
375.0	521.0	357.0	523.0
374.0	526.0	357.0	517.0
374.0	522.0	358.0	519.0
375.0	513.0	363.0	527.0
378.0	520.0	376.0	525.0
385.0	524.0	402.0	520.0
400.0	527.0	439.0	528.0
417.0	525.0	476.0	531.0
434.0	524.0	514.0	528.0
448.0	526.0	548.0	524.0
460.0	526.0	580.0	530.0
468.0	525.0	609.0	534.0
474.0	524.0	634.0	538.0
478.0	528.0	657.0	537.0
480.0	529.0	677.0	545.0
483.0	529.0	695.0	552.0
484.0	531.0	710.0	550.0
485.0	533.0	724.0	557.0
485.0	535.0	736.0	561.0
485.0	538.0	746.0	565.0
484.0	540.0	752.0	562.0
484.0	545.0	757.0	564.0
484.0	550.0	755.0	571.0
484.0	557.0	751.0	570.0
483.0	559.0	745.0	557.0
483.0	560.0	738.0	553.0
482.0	563.0	729.0	550.0
481.0	566.0	720.0	542.0
480.0	570.0	713.0	531.0
479.0	567.0	704.0	530.0
478.0	568.0	695.0	528.0
476.0	560.0	684.0	528.0
475.0	551.0	671.0	518.0
474.0	546.0	656.0	523.0
472.0	537.0	639.0	521.0
469.0	535.0	619.0	525.0
465.0	531.0	599.0	516.0
458.0	528.0	579.0	518.0
449.0	526.0	561.0	522.0
440.0	522.0	545.0	519.0
433.0	526.0	532.0	517.0
433.0	520.0	520.0	519.0
436.0	522.0	511.0	523.0
436.0	524.0	502.0	523.0
437.0	522.0	493.0	521.0
437.0	520.0	486.0	526.0
437.0	521.0	479.0	529.0
437.0	523.0	473.0	524.0
437.0	523.0	467.0	521.0
436.0	526.0	462.0	526.0
436.0	525.0	458.0	528.0
435.0	528.0	453.0	527.0
433.0	529.0	450.0	523.0
431.0	529.0	446.0	527.0
430.0	529.0	445.0	528.0
428.0	533.0	444.0	523.0
427.0	528.0	444.0	521.0
425.0	527.0	444.0	528.0
423.0	521.0	444.0	529.0
421.0	526.0	445.0	525.0
419.0	532.0	445.0	523.0
417.0	533.0	445.0	528.0
415.0	530.0	444.0	529.0
414.0	526.0	443.0	523.0
412.0	527.0	441.0	525.0
411.0	526.0	439.0	526.0
409.0	529.0	436.0	530.0
408.0	529.0	433.0	528.0
407.0	527.0	429.0	532.0
407.0	526.0	426.0	534.0
407.0	528.0	424.0	536.0
407.0	529.0	421.0	532.0
407.0	526.0	421.0	534.0
408.0	532.0	419.0	540.0
408.0	533.0	417.0	535.0
408.0	534.0	415.0	533.0
408.0	535.0	412.0	533.0
408.0	534.0	410.0	538.0
408.0	539.0	405.0	537.0
407.0	543.0	402.0	531.0
407.0	540.0	399.0	526.0
406.0	540.0	396.0	524.0
406.0	534.0	393.0	522.0
405.0	540.0	390.0	523.0
405.0	538.0	388.0	526.0
405.0	537.0	386.0	523.0
405.0	530.0	383.0	519.0
405.0	529.0	382.0	519.0
404.0	524.0	379.0	515.0
404.0	528.0	376.0	520.0
404.0	526.0	374.0	557.0
404.0	524.0	371.0	630.0
403.0	526.0	367.0	669.0
403.0	526.0	365.0	624.0
403.0	519.0	364.0	548.0
402.0	517.0	361.0	512.0
402.0	537.0	360.0	521.0
401.0	598.0	358.0	525.0
401.0	655.0	357.0	515.0
400.0	652.0	354.0	512.0
399.0	589.0	352.0	521.0
398.0	530.0	352.0	522.0
397.0	516.0	350.0	521.0
396.0	526.0	350.0	522.0
394.0	529.0	352.0	522.0
393.0	522.0	354.0	523.0
394.0	522.0	360.0	525.0
400.0	527.0	377.0	524.0
410.0	528.0	405.0	529.0
427.0	529.0	441.0	525.0
446.0	526.0	479.0	526.0
462.0	526.0	513.0	528.0
475.0	530.0	545.0	529.0
484.0	530.0	575.0	530.0
490.0	529.0	602.0	533.0
494.0	531.0	629.0	541.0
496.0	532.0	653.0	540.0
497.0	534.0	676.0	542.0
498.0	534.0	696.0	547.0
497.0	531.0	712.0	557.0
496.0	538.0	726.0	560.0
494.0	540.0	738.0	557.0
493.0	542.0	743.0	561.0
491.0	550.0	748.0	571.0
490.0	551.0	749.0	571.0
489.0	553.0	748.0	568.0
487.0	560.0	746.0	566.0
486.0	563.0	742.0	562.0
485.0	568.0	738.0	557.0
484.0	570.0	731.0	546.0
483.0	572.0	724.0	542.0
482.0	574.0	715.0	538.0
481.0	572.0	707.0	529.0
480.0	568.0	696.0	523.0
478.0	561.0	684.0	526.0
476.0	555.0	671.0	523.0
474.0	545.0	655.0	522.0
471.0	540.0	638.0	522.0
467.0	535.0	619.0	525.0
461.0	531.0	598.0	523.0
453.0	532.0	579.0	517.0
443.0	528.0	561.0	517.0
435.0	528.0	545.0	524.0
432.0	529.0	533.0	522.0
434.0	526.0	520.0	519.0
436.0	527.0	511.0	519.0
437.0	526.0	501.0	526.0
437.0	525.0	493.0	527.0
437.0	530.0	485.0	522.0
436.0	528.0	477.0	521.0
436.0	528.0	471.0	526.0
435.0	531.0	465.0	520.0
435.0	530.0	462.0	521.0
434.0	530.0	459.0	520.0
432.0	528.0	455.0	526.0
430.0	526.0	453.0	518.0
428.0	530.0	452.0	520.0
427.0	532.0	451.0	521.0
425.0	529.0	450.0	523.0
423.0	531.0	450.0	519.0
421.0	530.0	448.0	522.0
419.0	530.0	446.0	522.0
417.0	531.0	446.0	528.0
415.0	531.0	445.0	521.0
413.0	532.0	445.0	520.0
411.0	530.0	443.0	523.0
408.0	531.0	443.0	526.0
406.0	531.0	443.0	522.0
404.0	531.0	443.0	519.0
402.0	530.0	442.0	529.0
401.0	529.0	440.0	529.0
400.0	529.0	438.0	527.0
398.0	529.0	436.0	528.0
397.0	530.0	433.0	533.0
395.0	533.0	431.0	531.0
393.0	533.0	429.0	533.0
392.0	537.0	426.0	530.0
391.0	536.0	424.0	531.0
389.0	535.0	423.0	529.0
388.0	536.0	421.0	524.0
387.0	537.0	420.0	529.0
386.0	540.0	417.0	529.0
384.0	535.0	415.0	521.0
383.0	535.0	412.0	512.0
382.0	535.0	410.0	519.0
381.0	535.0	407.0	525.0
380.0	536.0	405.0	521.0
379.0	530.0	402.0	515.0
379.0	525.0	402.0	515.0
379.0	525.0	400.0	517.0
379.0	528.0	398.0	507.0
378.0	526.0	396.0	509.0
377.0	527.0	393.0	552.0
376.0	524.0	389.0	628.0
374.0	525.0	386.0	664.0
372.0	518.0	382.0	621.0
371.0	513.0	379.0	554.0
370.0	531.0	377.0	515.0
370.0	594.0	376.0	511.0
369.0	671.0	376.0	521.0
369.0	676.0	374.0	518.0
369.0	604.0	373.0	513.0
368.0	533.0	372.0	513.0
368.0	511.0	371.0	520.0
368.0	523.0	369.0	526.0
366.0	530.0	368.0	526.0
366.0	522.0	367.0	517.0
367.0	518.0	369.0	519.0
371.0	525.0	374.0	523.0
379.0	530.0	387.0	524.0
394.0	525.0	414.0	519.0
413.0	524.0	449.0	523.0
430.0	528.0	486.0	527.0
443.0	530.0	522.0	528.0
453.0	528.0	556.0	528.0
458.0	527.0	587.0	531.0
463.0	530.0	617.0	533.0
466.0	531.0	642.0	534.0
469.0	529.0	665.0	538.0
470.0	530.0	689.0	540.0
471.0	530.0	710.0	551.0
469.0	535.0	729.0	554.0
467.0	534.0	745.0	555.0
466.0	539.0	757.0	561.0
464.0	538.0	765.0	568.0
463.0	538.0	770.0	566.0
462.0	548.0	772.0	568.0
460.0	558.0	770.0	572.0
459.0	563.0	767.0	570.0
457.0	566.0	761.0	560.0
456.0	570.0	755.0	553.0
455.0	573.0	748.0	548.0
454.0	574.0	739.0	539.0
453.0	571.0	732.0	532.0
452.0	563.0	724.0	526.0
451.0	559.0	716.0	528.0
449.0	553.0	707.0	523.0
449.0	544.0	695.0	517.0
447.0	536.0	682.0	518.0
444.0	533.0	665.0	521.0
440.0	527.0	646.0	517.0
432.0	526.0	626.0	517.0
424.0	525.0	604.0	515.0
416.0	524.0	584.0	520.0
412.0	524.0	568.0	520.0
414.0	520.0	555.0	518.0
416.0	521.0	542.0	518.0
417.0	522.0	531.0	519.0
417.0	518.0	520.0	517.0
417.0	521.0	512.0	517.0
416.0	520.0	503.0	522.0
415.0	523.0	496.0	525.0
415.0	525.0	490.0	520.0
415.0	527.0	485.0	518.0
414.0	527.0	481.0	515.0
413.0	526.0	477.0	519.0
411.0	526.0	474.0	522.0
410.0	529.0	472.0	517.0
409.0	529.0	468.0	520.0
407.0	526.0	465.0	523.0
405.0	527.0	463.0	521.0
403.0	526.0	460.0	520.0
402.0	525.0	459.0	517.0
401.0	528.0	458.0	522.0
399.0	528.0	458.0	519.0
398.0	526.0	458.0	519.0
396.0	524.0	457.0	518.0
394.0	526.0	457.0	521.0
392.0	526.0	455.0	523.0
391.0	524.0	453.0	522.0
389.0	525.0	450.0	520.0
388.0	522.0	448.0	526.0
387.0	525.0	446.0	529.0
385.0	526.0	445.0	526.0
383.0	527.0	445.0	529.0
382.0	531.0	443.0	537.0
381.0	530.0	442.0	534.0
380.0	529.0	440.0	531.0
379.0	530.0	439.0	522.0
378.0	536.0	435.0	528.0
377.0	537.0	432.0	530.0
376.0	537.0	429.0	526.0
375.0	533.0	426.0	515.0
374.0	533.0	424.0	517.0
374.0	534.0	423.0	520.0
372.0	532.0	421.0	518.0
371.0	529.0	419.0	512.0
370.0	523.0	417.0	513.0
369.0	520.0	415.0	516.0
368.0	520.0	413.0	513.0
366.0	520.0	410.0	502.0
365.0	520.0	407.0	509.0
364.0	521.0	405.0	564.0
362.0	520.0	401.0	647.0
361.0	518.0	398.0	682.0
359.0	513.0	396.0	622.0
359.0	520.0	393.0	546.0
358.0	578.0	391.0	509.0
358.0	659.0	389.0	512.0
357.0	682.0	386.0	515.0
355.0	616.0	384.0	513.0
355.0	533.0	382.0	512.0
354.0	508.0	379.0	515.0
353.0	520.0	377.0	518.0
351.0	529.0	374.0	520.0
350.0	523.0	371.0	520.0
351.0	514.0	369.0	520.0
355.0	518.0	370.0	522.0
363.0	527.0	374.0	520.0
378.0	526.0	386.0	524.0
396.0	524.0	410.0	520.0
412.0	526.0	440.0	521.0
424.0	528.0	473.0	528.0
433.0	529.0	507.0	529.0
439.0	525.0	536.0	524.0
442.0	526.0	565.0	524.0
446.0	529.0	591.0	531.0
448.0	529.0	615.0	537.0
450.0	532.0	639.0	538.0
450.0	531.0	660.0	544.0
449.0	536.0	679.0	553.0
449.0	538.0	695.0	560.0
448.0	540.0	708.0	557.0
448.0	542.0	720.0	563.0
447.0	544.0	727.0	571.0
447.0	551.0	733.0	574.0
447.0	553.0	736.0	570.0
447.0	560.0	738.0	568.0
447.0	564.0	736.0	563.0
447.0	567.0	733.0	555.0
447.0	567.0	727.0	542.0
447.0	572.0	721.0	539.0
446.0	570.0	715.0	534.0
446.0	564.0	705.0	529.0
446.0	555.0	697.0	522.0
445.0	548.0	688.0	517.0
444.0	539.0	679.0	519.0
443.0	534.0	667.0	515.0
441.0	531.0	653.0	511.0
439.0	528.0	638.0	512.0
434.0	527.0	620.0	517.0
427.0	525.0	600.0	518.0
418.0	522.0	581.0	513.0
411.0	522.0	563.0	510.0
409.0	520.0	545.0	521.0
411.0	517.0	533.0	522.0
413.0	518.0	520.0	517.0
414.0	514.0	510.0	518.0
415.0	517.0	501.0	523.0
416.0	522.0	493.0	526.0
417.0	517.0	488.0	524.0
417.0	518.0	482.0	526.0
418.0	517.0	477.0	529.0
418.0	519.0	472.0	528.0
417.0	520.0	468.0	527.0
415.0	517.0	465.0	529.0
413.0	518.0	463.0	527.0
411.0	521.0	462.0	523.0
409.0	523.0	460.0	523.0
406.0	520.0	458.0	526.0
405.0	516.0	455.0	527.0
403.0	516.0	455.0	523.0
401.0	518.0	455.0	526.0
400.0	517.0	455.0	525.0
398.0	516.0	455.0	525.0
397.0	518.0	455.0	522.0
395.0	518.0	455.0	524.0
393.0	520.0	454.0	531.0
392.0	516.0	452.0	531.0
390.0	518.0	449.0	530.0
389.0	517.0	446.0	531.0
388.0	517.0	443.0	534.0
387.0	519.0	441.0	533.0
386.0	522.0	440.0	536.0
385.0	523.0	439.0	535.0
384.0	525.0	439.0	533.0
382.0	529.0	439.0	523.0
381.0	530.0	438.0	525.0
380.0	529.0	438.0	533.0
379.0	530.0	437.0	528.0
377.0	532.0	436.0	519.0
376.0	530.0	434.0	520.0
376.0	528.0	431.0	523.0
375.0	524.0	429.0	519.0
374.0	525.0	426.0	515.0
373.0	527.0	424.0	519.0
373.0	516.0	421.0	519.0
372.0	515.0	420.0	517.0
372.0	512.0	417.0	506.0
371.0	512.0	414.0	516.0
371.0	512.0	410.0	566.0
371.0	512.0	405.0	646.0
370.0	510.0	402.0	688.0
369.0	511.0	399.0	641.0
368.0	509.0	396.0	555.0
368.0	504.0	396.0	508.0
367.0	523.0	395.0	521.0
367.0	583.0	393.0	530.0
367.0	650.0	393.0	521.0
366.0	652.0	392.0	510.0
367.0	589.0	389.0	520.0
367.0	519.0	387.0	527.0
367.0	504.0	383.0	526.0
367.0	516.0	381.0	521.0
366.0	520.0	379.0	522.0
367.0	511.0	382.0	521.0
371.0	512.0	388.0	523.0
376.0	515.0	405.0	526.0
387.0	520.0	435.0	527.0
404.0	517.0	471.0	525.0
422.0	511.0	508.0	523.0
438.0	514.0	543.0	528.0
450.0	517.0	576.0	534.0
459.0	518.0	606.0	528.0
465.0	518.0	634.0	527.0
469.0	516.0	659.0	533.0
473.0	518.0	682.0	539.0
476.0	526.0	705.0	540.0
478.0	523.0	726.0	548.0
478.0	523.0	743.0	554.0
477.0	525.0	760.0	556.0
476.0	532.0	772.0	559.0
475.0	530.0	781.0	562.0
474.0	538.0	786.0	568.0
474.0	537.0	789.0	570.0
474.0	542.0	788.0	565.0
474.0	554.0	786.0	565.0
473.0	555.0	783.0	557.0
473.0	557.0	777.0	549.0
472.0	559.0	773.0	538.0
472.0	567.0	767.0	532.0
471.0	564.0	761.0	530.0
470.0	563.0	754.0	526.0
470.0	557.0	745.0	515.0
469.0	555.0	736.0	519.0
468.0	544.0	724.0	521.0
467.0	535.0	711.0	517.0
465.0	532.0	695.0	518.0
462.0	526.0	677.0	522.0
458.0	527.0	656.0	518.0
452.0	520.0	634.0	509.0
444.0	520.0	613.0	510.0
434.0	517.0	593.0	517.0
426.0	516.0	577.0	514.0
423.0	516.0	562.0	507.0
424.0	515.0	549.0	514.0
425.0	517.0	539.0	517.0
425.0	515.0	529.0	517.0
426.0	516.0	520.0	513.0
425.0	516.0	513.0	515.0
425.0	516.0	508.0	522.0
426.0	516.0	503.0	518.0
426.0	519.0	501.0	515.0
426.0	519.0	498.0	514.0
425.0	518.0	496.0	519.0
424.0	518.0	493.0	520.0
423.0	519.0	491.0	514.0
422.0	522.0	489.0	514.0
420.0	520.0	486.0	524.0
419.0	519.0	485.0	523.0
417.0	522.0	483.0	515.0
415.0	517.0	482.0	516.0
413.0	519.0	482.0	523.0
411.0	515.0	481.0	521.0
409.0	516.0	481.0	517.0
407.0	518.0	479.0	518.0
405.0	518.0	479.0	527.0
404.0	518.0	477.0	526.0
402.0	518.0	475.0	521.0
401.0	517.0	474.0	529.0
399.0	519.0	472.0	529.0
397.0	518.0	471.0	534.0
396.0	516.0	469.0	529.0
394.0	518.0	468.0	528.0
392.0	522.0	465.0	530.0
391.0	525.0	464.0	527.0
389.0	530.0	463.0	524.0
388.0	533.0	460.0	526.0
387.0	531.0	459.0	529.0
386.0	532.0	455.0	522.0
385.0	536.0	453.0	508.0
384.0	536.0	450.0	508.0
384.0	531.0	448.0	518.0
382.0	531.0	445.0	518.0
381.0	531.0	443.0	513.0
379.0	533.0	441.0	513.0
378.0	532.0	440.0	517.0
376.0	526.0	437.0	507.0
375.0	522.0	436.0	504.0
374.0	522.0	433.0	538.0
374.0	519.0	429.0	619.0
373.0	524.0	425.0	666.0
373.0	520.0	422.0	632.0
372.0	520.0	419.0	552.0
372.0	520.0	417.0	502.0
371.0	516.0	415.0	505.0
370.0	513.0	412.0	515.0
369.0	526.0	411.0	522.0
368.0	579.0	408.0	513.0
367.0	644.0	407.0	509.0
366.0	664.0	405.0	514.0
366.0	608.0	404.0	522.0
366.0	536.0	402.0	522.0
365.0	515.0	402.0	518.0
365.0	526.0	405.0	516.0
364.0	531.0	410.0	519.0
363.0	523.0	424.0	520.0
365.0	520.0	453.0	519.0
369.0	520.0	488.0	518.0
378.0	525.0	526.0	524.0
393.0	524.0	563.0	524.0
410.0	522.0	598.0	525.0
427.0	526.0	631.0	523.0
440.0	528.0	661.0	529.0
451.0	525.0	688.0	534.0
459.0	529.0	713.0	533.0
465.0	530.0	736.0	538.0
469.0	529.0	758.0	546.0
472.0	529.0	776.0	554.0
474.0	528.0	791.0	557.0
474.0	533.0	803.0	561.0
474.0	531.0	813.0	567.0
473.0	537.0	820.0	575.0
472.0	538.0	823.0	572.0
472.0	541.0	824.0	570.0
472.0	547.0	823.0	568.0
472.0	551.0	821.0	563.0
472.0	552.0	817.0	556.0
471.0	561.0	812.0	546.0
471.0	565.0	805.0	541.0
470.0	568.0	798.0	538.0
469.0	567.0	789.0	529.0
468.0	569.0	780.0	526.0
468.0	572.0	770.0	523.0
467.0	563.0	758.0	523.0
466.0	559.0	743.0	521.0
465.0	550.0	727.0	520.0
463.0	543.0	710.0	520.0
461.0	539.0	689.0	523.0
458.0	535.0	667.0	519.0
454.0	531.0	646.0	516.0
448.0	529.0	626.0	522.0
439.0	527.0	610.0	524.0
430.0	523.0	593.0	518.0
423.0	520.0	579.0	515.0
423.0	520.0	564.0	522.0
425.0	518.0	553.0	522.0
425.0	522.0	543.0	518.0
425.0	518.0	536.0	518.0
425.0	516.0	529.0	523.0
425.0	518.0	522.0	525.0
425.0	518.0	517.0	524.0
424.0	520.0	512.0	522.0
424.0	520.0	507.0	526.0
424.0	519.0	504.0	528.0
424.0	523.0	501.0	522.0
422.0	521.0	499.0	520.0
421.0	520.0	498.0	526.0
420.0	522.0	498.0	526.0
418.0	519.0	496.0	521.0
417.0	518.0	495.0	519.0
415.0	517.0	493.0	526.0
413.0	518.0	492.0	525.0
411.0	520.0	490.0	521.0
409.0	523.0	488.0	522.0
408.0	520.0	486.0	527.0
406.0	518.0	484.0	526.0
405.0	518.0	482.0	527.0
403.0	520.0	482.0	527.0
401.0	519.0	480.0	532.0
399.0	517.0	479.0	536.0
397.0	520.0	477.0	533.0
395.0	519.0	474.0	531.0
393.0	516.0	472.0	536.0
392.0	519.0	469.0	534.0
390.0	516.0	467.0	529.0
389.0	518.0	464.0	531.0
388.0	523.0	463.0	531.0
387.0	523.0	460.0	532.0
386.0	529.0	459.0	526.0
385.0	529.0	455.0	519.0
384.0	530.0	453.0	517.0
383.0	533.0	450.0	518.0
382.0	533.0	446.0	514.0
381.0	528.0	443.0	517.0
380.0	528.0	440.0	520.0
380.0	530.0	439.0	518.0
379.0	531.0	436.0	513.0
378.0	530.0	434.0	506.0
377.0	528.0	432.0	512.0
377.0	519.0	429.0	547.0
376.0	522.0	426.0	613.0
375.0	520.0	423.0	664.0
375.0	519.0	421.0	640.0
374.0	518.0	417.0	565.0
373.0	516.0	415.0	512.0
372.0	518.0	413.0	510.0
371.0	513.0	412.0	524.0
371.0	510.0	411.0	520.0
370.0	517.0	410.0	510.0
369.0	571.0	408.0	513.0
369.0	639.0	407.0	525.0
368.0	653.0	406.0	523.0
368.0	596.0	405.0	519.0
367.0	531.0	404.0	517.0
367.0	513.0	405.0	524.0
367.0	521.0	410.0	523.0
366.0	520.0	424.0	521.0
366.0	512.0	454.0	520.0
367.0	508.0	490.0	520.0
371.0	517.0	528.0	520.0
380.0	526.0	564.0	519.0
394.0	522.0	598.0	522.0
411.0	520.0	629.0	532.0
427.0	521.0	657.0	531.0
440.0	522.0	684.0	526.0
450.0	522.0	708.0	531.0
457.0	520.0	732.0	539.0
462.0	524.0	753.0	546.0
466.0	524.0	772.0	546.0
470.0	527.0	789.0	551.0
473.0	529.0	802.0	561.0
475.0	529.0	814.0	565.0
475.0	531.0	821.0	563.0
475.0	533.0	824.0	568.0
475.0	538.0	825.0	572.0
456.0	521.0	824.0	569.0
457.0	522.0	821.0	557.0
457.0	522.0	819.0	550.0
457.0	524.0	814.0	544.0
457.0	525.0	807.0	534.0
456.0	527.0	801.0	528.0
455.0	525.0	791.0	525.0
454.0	525.0	782.0	523.0
453.0	528.0	771.0	518.0
452.0	525.0	760.0	517.0
451.0	527.0	745.0	514.0
449.0	526.0	729.0	520.0
447.0	528.0	708.0	515.0
445.0	529.0	688.0	512.0
443.0	530.0	664.0	515.0
441.0	528.0	643.0	519.0
439.0	523.0	623.0	518.0
436.0	522.0	605.0	511.0
434.0	528.0	591.0	518.0
431.0	526.0	577.0	522.0
429.0	524.0	565.0	517.0
427.0	527.0	555.0	514.0
424.0	528.0	546.0	515.0
422.0	527.0	538.0	521.0
421.0	529.0	532.0	517.0
419.0	530.0	526.0	515.0
418.0	529.0	521.0	515.0
417.0	531.0	517.0	518.0
416.0	534.0	513.0	517.0
415.0	536.0	511.0	513.0
414.0	534.0	508.0	517.0
413.0	536.0	505.0	519.0
412.0	541.0	503.0	520.0
410.0	541.0	501.0	513.0
409.0	538.0	500.0	515.0
408.0	537.0	498.0	520.0
407.0	535.0	498.0	518.0
406.0	537.0	498.0	513.0
406.0	535.0	497.0	517.0
405.0	532.0	496.0	521.0
405.0	526.0	495.0	518.0
404.0	523.0	493.0	514.0
404.0	526.0	491.0	523.0
403.0	528.0	488.0	527.0
402.0	525.0	486.0	528.0
401.0	523.0	482.0	524.0
400.0	522.0	478.0	528.0
399.0	520.0	474.0	528.0
398.0	511.0	472.0	533.0
397.0	532.0	468.0	529.0
397.0	591.0	467.0	533.0
396.0	663.0	464.0	529.0
396.0	675.0	463.0	526.0
395.0	604.0	461.0	525.0
394.0	536.0	460.0	523.0
394.0	513.0	457.0	523.0
393.0	522.0	454.0	511.0
392.0	524.0	451.0	510.0
391.0	519.0	448.0	511.0
393.0	520.0	444.0	517.0
399.0	525.0	440.0	518.0
409.0	531.0	437.0	512.0
428.0	527.0	434.0	512.0
449.0	526.0	431.0	510.0
470.0	526.0	428.0	507.0
485.0	526.0	424.0	530.0
496.0	526.0	421.0	602.0
505.0	529.0	418.0	665.0
511.0	530.0	415.0	646.0
516.0	533.0	412.0	572.0
520.0	533.0	411.0	522.0
523.0	535.0	410.0	513.0
524.0	539.0	410.0	519.0
523.0	538.0	410.0	518.0
521.0	540.0	408.0	514.0
519.0	540.0	408.0	509.0
518.0	544.0	407.0	516.0
515.0	548.0	407.0	517.0
513.0	556.0	407.0	519.0
512.0	561.0	407.0	519.0
510.0	564.0	408.0	515.0
509.0	566.0	411.0	518.0
508.0	570.0	422.0	524.0
507.0	575.0	446.0	526.0
506.0	578.0	479.0	518.0
506.0	577.0	515.0	519.0
505.0	570.0	551.0	526.0
505.0	563.0	586.0	528.0
504.0	558.0	617.0	523.0
503.0	547.0	648.0	524.0
501.0	542.0	676.0	534.0
498.0	538.0	702.0	535.0
492.0	534.0	726.0	536.0
483.0	532.0	749.0	541.0
474.0	528.0	769.0	552.0
468.0	531.0	785.0	556.0
466.0	528.0	798.0	557.0
469.0	528.0	809.0	563.0
471.0	526.0	817.0	572.0
473.0	528.0	822.0	571.0
474.0	526.0	824.0	568.0
475.0	528.0	824.0	563.0
475.0	527.0	821.0	565.0
474.0	525.0	817.0	558.0
473.0	529.0	810.0	540.0
471.0	532.0	802.0	534.0
469.0	530.0	795.0	533.0
467.0	529.0	786.0	526.0
465.0	528.0	779.0	515.0
462.0	528.0	770.0	519.0
461.0	533.0	760.0	525.0
459.0	532.0	748.0	521.0
457.0	529.0	733.0	518.0
455.0	530.0	715.0	517.0
453.0	533.0	693.0	521.0
451.0	531.0	672.0	520.0
448.0	529.0	650.0	514.0
446.0	530.0	631.0	517.0
444.0	531.0	615.0	518.0
441.0	528.0	600.0	520.0
440.0	533.0	588.0	513.0
437.0	533.0	577.0	515.0
435.0	529.0	567.0	522.0
433.0	531.0	558.0	522.0
431.0	533.0	550.0	518.0
430.0	534.0	543.0	521.0
429.0	537.0	537.0	524.0
428.0	539.0	532.0	523.0
427.0	537.0	527.0	518.0
426.0	541.0	523.0	521.0
424.0	543.0	520.0	525.0
423.0	540.0	517.0	525.0
423.0	541.0	515.0	521.0
422.0	540.0	513.0	519.0
421.0	536.0	510.0	526.0
420.0	537.0	510.0	528.0
420.0	536.0	508.0	523.0
419.0	533.0	507.0	521.0
417.0	528.0	507.0	526.0
416.0	524.0	507.0	528.0
415.0	524.0	507.0	523.0
414.0	526.0	507.0	521.0
413.0	526.0	507.0	528.0
411.0	525.0	505.0	527.0
410.0	522.0	504.0	525.0
409.0	516.0	501.0	525.0
409.0	513.0	499.0	531.0
409.0	539.0	497.0	536.0
409.0	622.0	493.0	535.0
409.0	700.0	491.0	532.0
409.0	689.0	489.0	537.0
409.0	594.0	486.0	533.0
409.0	520.0	484.0	528.0
410.0	513.0	482.0	528.0
409.0	530.0	480.0	530.0
408.0	531.0	479.0	528.0
409.0	516.0	475.0	520.0
414.0	516.0	474.0	515.0
421.0	527.0	471.0	519.0
433.0	530.0	468.0	524.0
453.0	526.0	464.0	518.0
477.0	523.0	462.0	510.0
496.0	526.0	459.0	515.0
509.0	531.0	455.0	518.0
519.0	530.0	454.0	510.0
527.0	533.0	453.0	515.0
533.0	533.0	451.0	561.0
537.0	533.0	449.0	641.0
541.0	535.0	446.0	672.0
545.0	535.0	444.0	615.0
547.0	538.0	442.0	542.0
548.0	539.0	440.0	510.0
549.0	541.0	436.0	511.0
550.0	548.0	433.0	520.0
550.0	551.0	429.0	516.0
549.0	555.0	426.0	514.0
549.0	565.0	424.0	515.0
548.0	566.0	422.0	519.0
548.0	574.0	421.0	519.0
548.0	573.0	421.0	517.0
548.0	579.0	421.0	518.0
548.0	580.0	424.0	515.0
548.0	580.0	430.0	517.0
547.0	578.0	445.0	526.0
545.0	567.0	472.0	523.0
544.0	559.0	505.0	520.0
543.0	555.0	542.0	526.0
541.0	546.0	577.0	531.0
539.0	538.0	612.0	533.0
536.0	534.0	643.0	527.0
531.0	533.0	672.0	526.0
523.0	531.0	698.0	535.0
512.0	525.0	724.0	537.0
502.0	526.0	746.0	539.0
494.0	526.0	767.0	547.0
491.0	522.0	783.0	557.0
493.0	525.0	796.0	564.0
496.0	522.0	807.0	564.0
498.0	524.0	815.0	571.0
498.0	524.0	822.0	575.0
498.0	525.0	827.0	579.0
497.0	524.0	830.0	571.0
496.0	524.0	831.0	566.0
494.0	525.0	829.0	566.0
492.0	525.0	824.0	561.0
490.0	528.0	819.0	544.0
487.0	527.0	811.0	534.0
485.0	527.0	802.0	538.0
483.0	528.0	793.0	529.0
481.0	526.0	782.0	524.0
480.0	532.0	770.0	520.0
478.0	530.0	757.0	526.0
476.0	529.0	741.0	526.0
474.0	531.0	724.0	521.0
472.0	529.0	703.0	514.0
470.0	530.0	682.0	517.0
467.0	527.0	658.0	520.0
465.0	528.0	636.0	520.0
463.0	527.0	615.0	512.0
460.0	530.0	599.0	518.0
457.0	532.0	584.0	521.0
455.0	529.0	571.0	521.0
452.0	530.0	560.0	517.0
450.0	533.0	550.0	524.0
447.0	533.0	543.0	527.0
445.0	536.0	536.0	525.0
443.0	540.0	529.0	521.0
442.0	538.0	522.0	526.0
440.0	540.0	517.0	529.0
439.0	537.0	513.0	526.0
437.0	535.0	509.0	523.0
436.0	535.0	505.0	525.0
435.0	533.0	501.0	530.0
434.0	530.0	499.0	528.0
433.0	526.0	497.0	524.0
432.0	525.0	495.0	525.0
432.0	521.0	494.0	531.0
431.0	522.0	493.0	528.0
429.0	519.0	493.0	523.0
428.0	523.0	491.0	526.0
426.0	519.0	490.0	531.0
424.0	523.0	490.0	528.0
422.0	518.0	488.0	522.0
420.0	512.0	486.0	529.0
419.0	536.0	483.0	536.0
417.0	618.0	482.0	532.0
417.0	697.0	479.0	530.0
416.0	692.0	477.0	537.0
415.0	595.0	474.0	544.0
415.0	515.0	471.0	539.0
415.0	500.0	467.0	531.0
414.0	523.0	464.0	531.0
412.0	531.0	461.0	537.0
412.0	520.0	458.0	536.0
416.0	513.0	455.0	529.0
424.0	519.0	453.0	524.0
439.0	526.0	451.0	526.0
460.0	525.0	450.0	521.0
483.0	522.0	448.0	525.0
501.0	518.0	445.0	525.0
514.0	520.0	443.0	531.0
524.0	522.0	441.0	523.0
532.0	526.0	439.0	516.0
537.0	523.0	436.0	512.0
541.0	526.0	434.0	523.0
545.0	527.0	431.0	570.0
546.0	530.0	428.0	651.0
547.0	526.0	424.0	700.0
547.0	533.0	421.0	654.0
546.0	538.0	417.0	562.0
546.0	538.0	414.0	510.0
546.0	542.0	412.0	521.0
546.0	546.0	410.0	532.0
545.0	551.0	407.0	523.0
545.0	553.0	405.0	517.0
544.0	561.0	404.0	522.0
544.0	566.0	402.0	533.0
542.0	564.0	402.0	528.0
541.0	569.0	400.0	524.0
540.0	569.0	399.0	529.0
539.0	565.0	401.0	531.0
538.0	559.0	405.0	529.0
536.0	551.0	419.0	530.0
535.0	544.0	442.0	532.0
533.0	535.0	472.0	532.0
531.0	533.0	507.0	532.0
529.0	527.0	540.0	533.0
525.0	521.0	572.0	536.0
519.0	519.0	602.0	540.0
510.0	516.0	631.0	540.0
499.0	516.0	658.0	541.0
489.0	516.0	683.0	550.0
484.0	519.0	707.0	553.0
486.0	515.0	729.0	554.0
488.0	515.0	745.0	561.0
488.0	516.0	760.0	573.0
488.0	517.0	771.0	578.0
488.0	514.0	779.0	578.0
488.0	516.0	784.0	578.0
488.0	515.0	786.0	582.0
488.0	514.0	787.0	584.0
488.0	514.0	787.0	574.0
487.0	515.0	786.0	563.0
486.0	518.0	783.0	558.0
484.0	519.0	779.0	556.0
481.0	522.0	773.0	541.0
479.0	520.0	767.0	536.0
477.0	518.0	760.0	535.0
475.0	520.0	751.0	530.0
472.0	521.0	741.0	526.0
470.0	524.0	729.0	519.0
468.0	524.0	715.0	529.0
466.0	526.0	698.0	528.0
463.0	523.0	677.0	518.0
461.0	525.0	655.0	518.0
458.0	523.0	631.0	521.0
456.0	521.0	607.0	519.0
454.0	525.0	588.0	515.0
451.0	522.0	572.0	518.0
448.0	522.0	558.0	523.0
445.0	526.0	547.0	523.0
443.0	528.0	537.0	517.0
440.0	530.0	529.0	521.0
438.0	532.0	521.0	524.0
436.0	528.0	514.0	523.0
434.0	529.0	507.0	522.0
432.0	533.0	501.0	520.0
431.0	536.0	495.0	522.0
429.0	529.0	491.0	519.0
427.0	528.0	488.0	523.0
425.0	529.0	486.0	531.0
423.0	529.0	483.0	533.0
421.0	529.0	482.0	526.0
419.0	523.0	479.0	524.0
418.0	523.0	479.0	526.0
416.0	515.0	477.0	528.0
415.0	516.0	450.0	512.0
414.0	516.0	448.0	504.0
412.0	517.0	446.0	507.0
411.0	515.0	445.0	511.0
409.0	518.0	445.0	503.0
407.0	517.0	443.0	503.0
405.0	509.0	442.0	532.0
404.0	511.0	440.0	599.0
402.0	555.0	439.0	651.0
401.0	629.0	435.0	636.0
400.0	670.0	431.0	566.0
399.0	627.0	427.0	511.0
399.0	545.0	422.0	500.0
398.0	503.0	419.0	511.0
398.0	505.0	415.0	510.0
396.0	521.0	413.0	504.0
395.0	520.0	408.0	501.0
397.0	514.0	406.0	510.0
402.0	515.0	403.0	514.0
412.0	519.0	401.0	509.0
429.0	520.0	399.0	508.0
449.0	516.0	401.0	515.0
467.0	518.0	405.0	518.0
481.0	518.0	419.0	514.0
493.0	522.0	448.0	515.0
500.0	520.0	483.0	520.0
506.0	520.0	520.0	522.0
510.0	526.0	555.0	516.0
513.0	526.0	588.0	522.0
515.0	526.0	617.0	523.0
514.0	528.0	644.0	518.0
513.0	529.0	669.0	515.0
510.0	530.0	692.0	530.0
508.0	532.0	713.0	535.0
507.0	530.0	731.0	538.0
506.0	537.0	746.0	543.0
506.0	544.0	760.0	548.0
506.0	548.0	770.0	551.0
505.0	553.0	777.0	555.0
505.0	559.0	782.0	561.0
504.0	561.0	783.0	562.0
503.0	562.0	783.0	561.0
502.0	562.0	782.0	558.0
501.0	564.0	777.0	556.0
500.0	559.0	774.0	546.0
499.0	555.0	767.0	533.0
497.0	545.0	760.0	530.0
496.0	541.0	751.0	528.0
493.0	535.0	743.0	521.0
491.0	531.0	733.0	516.0
487.0	524.0	720.0	514.0
482.0	522.0	707.0	515.0
475.0	518.0	690.0	509.0
466.0	521.0	671.0	506.0
455.0	516.0	650.0	511.0
446.0	515.0	629.0	514.0
445.0	514.0	608.0	511.0
447.0	512.0	589.0	508.0
448.0	516.0	575.0	510.0
448.0	512.0	561.0	510.0
449.0	512.0	548.0	508.0
450.0	513.0	539.0	510.0
450.0	512.0	529.0	516.0
451.0	516.0	521.0	512.0
451.0	514.0	515.0	512.0
450.0	514.0	509.0	516.0
449.0	520.0	503.0	518.0
448.0	516.0	498.0	517.0
446.0	516.0	493.0	513.0
443.0	516.0	488.0	517.0
441.0	515.0	482.0	517.0
439.0	518.0	479.0	515.0
436.0	514.0	477.0	514.0
433.0	513.0	475.0	519.0
431.0	513.0	474.0	517.0
430.0	515.0	474.0	508.0
428.0	514.0	474.0	513.0
426.0	517.0	473.0	519.0
424.0	518.0	472.0	518.0
422.0	515.0	472.0	513.0
420.0	514.0	471.0	517.0
418.0	514.0	471.0	526.0
416.0	514.0	470.0	523.0
414.0	516.0	469.0	527.0
413.0	516.0	467.0	530.0
412.0	520.0	464.0	531.0
411.0	524.0	463.0	529.0
410.0	526.0	460.0	532.0
409.0	529.0	459.0	532.0
408.0	529.0	455.0	525.0
407.0	531.0	453.0	520.0
406.0	536.0	452.0	526.0
405.0	530.0	450.0	526.0
404.0	529.0	449.0	515.0
403.0	528.0	446.0	507.0
402.0	528.0	445.0	512.0
