System ID	Database ID	Patient Number	Surname	First Name	Sex	Date Of Birth	Patient ID	Patient Code	Patient Notes	SP	DP	MP	DATA_REV	DATETIME	AGE	MEDICATION	NOTES	OPERATOR	INTERPRETATION	HEIGHT	WEIGHT	BODY_MASS_INDEX	SAMPLE_RATE	SIMULATION	Tonometer Serial Number	SUB_TYPE	Inconclusive	Reference Age	PPAmpRatio	P_MAX_DPDT	ED	CalcED	QUALITY_ED	P_QC_PH	P_QC_PHV	P_QC_PLV	P_QC_DV	P_QC_SDEV	Operator Index	P_SP	P_DP	P_MEANP	P_T1	P_T2	P_AI	P_CalcT1	P_CalcT2	P_ESP	P_P1	P_P2	P_T1ED	P_T2ED	P_QUALITY_T1	P_QUALITY_T2	C_AP	C_AP_HR75	C_MPS	C_MPD	C_TTI	C_DTI	C_SVI	C_AL	C_ATI	HR	C_PERIOD	C_DD	C_ED_PERIOD	C_DD_PERIOD	C_PH	C_AGPH	C_AGPH_HR75	C_P1_HEIGHT	C_T1R	C_SP	C_DP	C_MEANP	C_T1	C_T2	C_AI	C_CalcT1	C_CalcT2	C_ESP	C_P1	C_P2	C_T1ED	C_T2ED	C_QUALITY_T1	C_QUALITY_T2
00050	DATA	313	McBryde	Paul	MALE	14/05/1978	1234567890	code	Healthy	120	84	0	130	24/06/2009 16:18:07	31	the quick brown fox jumps over the lazy dog the quick brown fox jumps over the lazy dog the quick brown fox jumps over the lazy dog the quick brown fo	the quick brown fox jumps over the lazy dog the quick brown fox jumps over the lazy dog the quick brown fox jumps over the lazy dog the quick brown fo	paul	the quick brown fox jumps over the lazy dog the quick brown fox jumps over the lazy dog the quick brown fox jumps over the lazy dog the quick brown fo	182	77	23.25	128	Yes	56765	RADIAL	No	68	113	559	333	333	0	400	0	0	0	1	100	120	84	99	110	206	95	110	206	103	120	118	33	62	0	0	11	9	107	94	2265	3652	161	17	81	63	945	612	35	65	32	36	30	20	138	116	85	99	102	239	156	102	239	109	105	116	30	72	1	1

PeriphSignal 	 CentralSignal 	 PeriphPulse 	 CentralPulse 
403.0	744.0	84.0	84.72
402.0	749.0	85.34	85.41
402.0	754.0	87.49	86.54
400.0	757.0	90.5	88.13
400.0	759.0	94.22	90.12
403.0	760.0	98.42	92.38
418.0	759.0	102.77	94.75
442.0	756.0	106.95	97.04
477.0	752.0	110.72	99.12
521.0	745.0	113.86	100.88
570.0	738.0	116.31	102.31
621.0	729.0	118.05	103.43
669.0	720.0	119.18	104.32
710.0	711.0	119.8	105.04
743.0	702.0	120.0	105.68
768.0	694.0	119.89	106.31
785.0	686.0	119.63	106.96
795.0	680.0	119.25	107.68
799.0	675.0	118.83	108.47
800.0	670.0	118.48	109.33
798.0	666.0	118.21	110.25
793.0	662.0	118.02	111.19
788.0	658.0	117.93	112.11
784.0	655.0	117.92	112.98
779.0	650.0	117.94	113.77
776.0	646.0	117.99	114.47
775.0	641.0	118.03	115.07
774.0	636.0	118.02	115.57
774.0	631.0	117.92	115.96
775.0	626.0	117.73	116.25
776.0	620.0	117.4	116.41
776.0	615.0	116.9	116.44
777.0	609.0	116.21	116.31
776.0	603.0	115.34	116.03
774.0	598.0	114.26	115.59
770.0	592.0	113.0	115.01
765.0	587.0	111.59	114.32
758.0	582.0	110.12	113.55
748.0	577.0	108.63	112.73
736.0	572.0	107.18	111.91
722.0	567.0	105.85	111.13
706.0	562.0	104.69	110.39
689.0	557.0	103.72	109.73
672.0	552.0	102.96	109.15
657.0	547.0	102.41	108.64
642.0	542.0	102.05	108.2
629.0	538.0	101.87	107.8
619.0	534.0	101.78	107.42
611.0	530.0	101.78	107.05
606.0	526.0	101.81	106.68
603.0	522.0	101.85	106.28
601.0	518.0	101.86	105.86
601.0	514.0	101.82	105.42
602.0	510.0	101.74	104.95
602.0	506.0	101.58	104.47
603.0	502.0	101.35	103.97
603.0	498.0	101.04	103.46
603.0	494.0	100.66	102.95
602.0	490.0	100.2	102.42
600.0	487.0	99.7	101.9
598.0	484.0	99.16	101.38
594.0	481.0	98.6	100.88
590.0	478.0	98.04	100.39
585.0	475.0	97.46	99.9
579.0	472.0	96.89	99.43
573.0	469.0	96.29	98.96
567.0	466.0	95.69	98.49
561.0	463.0	95.1	98.02
555.0	461.0	94.51	97.55
549.0	459.0	93.95	97.1
542.0	456.0	93.42	96.65
536.0	454.0	92.93	96.23
529.0	452.0	92.48	95.82
523.0	450.0	92.08	95.42
517.0	448.0	91.72	95.04
511.0	447.0	91.4	94.67
506.0	445.0	91.1	94.31
501.0	443.0	90.82	93.94
497.0	441.0	90.54	93.58
493.0	439.0	90.26	93.21
490.0	437.0	89.98	92.83
487.0	435.0	89.7	92.45
484.0	433.0	89.44	92.09
481.0	431.0	89.19	91.73
478.0	428.0	88.96	91.39
475.0	426.0	88.76	91.07
472.0	424.0	88.57	90.77
469.0	422.0	88.38	90.48
466.0	420.0	88.19	90.19
464.0	419.0	88.01	89.92
462.0	417.0	87.82	89.65
460.0	416.0	87.63	89.39
458.0	414.0	87.46	89.14
456.0	413.0	87.3	88.89
454.0	412.0	87.13	88.66
452.0	414.0	86.98	88.45
450.0	420.0	86.83	88.24
448.0	431.0	86.68	88.04
446.0	447.0	86.54	87.85
445.0	470.0	86.41	87.66
443.0	496.0	86.28	87.49
441.0	524.0	86.15	87.32
440.0	550.0	86.02	87.15
438.0	574.0	85.88	86.98
437.0	594.0	85.73	86.81
436.0	609.0	85.56	86.63
434.0	620.0	85.38	86.44
433.0	629.0	85.16	86.24
431.0	636.0	84.93	86.04
430.0	642.0	84.69	85.83
428.0	649.0	84.43	85.62
426.0	655.0	84.2	85.42
424.0	663.0	84.0	85.23
421.0	671.0	83.77	85.04
418.0	680.0	83.58	84.87
416.0	691.0	83.43	84.72
413.0	701.0	83.3	84.57
410.0	711.0	83.16	84.43
409.0	721.0	83.08	84.32
407.0	730.0	83.06	84.28
404.0	737.0	83.34	84.39
403.0	744.0	83.57	84.7
402.0	749.0
402.0	754.0
400.0	757.0
400.0	759.0
403.0	760.0
418.0	759.0
442.0	756.0
477.0	752.0
521.0	745.0
570.0	738.0
621.0	729.0
669.0	720.0
710.0	711.0
743.0	702.0
768.0	694.0
785.0	686.0
795.0	680.0
799.0	675.0
800.0	670.0
798.0	666.0
793.0	662.0
788.0	658.0
784.0	655.0
779.0	650.0
776.0	646.0
775.0	641.0
774.0	636.0
774.0	631.0
775.0	626.0
776.0	620.0
776.0	615.0
777.0	609.0
776.0	603.0
774.0	598.0
770.0	592.0
765.0	587.0
758.0	582.0
748.0	577.0
736.0	572.0
722.0	567.0
706.0	562.0
689.0	557.0
672.0	552.0
657.0	547.0
642.0	542.0
629.0	538.0
619.0	534.0
611.0	530.0
606.0	526.0
603.0	522.0
601.0	518.0
601.0	514.0
602.0	510.0
602.0	506.0
603.0	502.0
603.0	498.0
603.0	494.0
602.0	490.0
600.0	487.0
598.0	484.0
594.0	481.0
590.0	478.0
585.0	475.0
579.0	472.0
573.0	469.0
567.0	466.0
561.0	463.0
555.0	461.0
549.0	459.0
542.0	456.0
536.0	454.0
529.0	452.0
523.0	450.0
517.0	448.0
511.0	447.0
506.0	445.0
501.0	443.0
497.0	441.0
493.0	439.0
490.0	437.0
487.0	435.0
484.0	433.0
481.0	431.0
478.0	428.0
475.0	426.0
472.0	424.0
469.0	422.0
466.0	420.0
464.0	419.0
462.0	417.0
460.0	416.0
458.0	414.0
456.0	413.0
454.0	412.0
452.0	414.0
450.0	420.0
448.0	431.0
446.0	447.0
445.0	470.0
443.0	496.0
441.0	524.0
440.0	550.0
438.0	574.0
437.0	594.0
436.0	609.0
434.0	620.0
433.0	629.0
431.0	636.0
430.0	642.0
428.0	649.0
426.0	655.0
424.0	663.0
421.0	671.0
418.0	680.0
416.0	691.0
413.0	701.0
410.0	711.0
409.0	721.0
407.0	730.0
404.0	737.0
403.0	744.0
402.0	749.0
402.0	754.0
400.0	757.0
400.0	759.0
403.0	760.0
418.0	759.0
442.0	756.0
477.0	752.0
521.0	745.0
570.0	738.0
621.0	729.0
669.0	720.0
710.0	711.0
743.0	702.0
768.0	694.0
785.0	686.0
795.0	680.0
799.0	675.0
800.0	670.0
798.0	666.0
793.0	662.0
788.0	658.0
784.0	655.0
779.0	650.0
776.0	646.0
775.0	641.0
774.0	636.0
774.0	631.0
775.0	626.0
776.0	620.0
776.0	615.0
777.0	609.0
776.0	603.0
774.0	598.0
770.0	592.0
765.0	587.0
758.0	582.0
748.0	577.0
736.0	572.0
722.0	567.0
706.0	562.0
689.0	557.0
672.0	552.0
657.0	547.0
642.0	542.0
629.0	538.0
619.0	534.0
611.0	530.0
606.0	526.0
603.0	522.0
601.0	518.0
601.0	514.0
602.0	510.0
602.0	506.0
603.0	502.0
603.0	498.0
603.0	494.0
602.0	490.0
600.0	487.0
598.0	484.0
594.0	481.0
590.0	478.0
585.0	475.0
579.0	472.0
573.0	469.0
567.0	466.0
561.0	463.0
555.0	461.0
549.0	459.0
542.0	456.0
536.0	454.0
529.0	452.0
523.0	450.0
517.0	448.0
511.0	447.0
506.0	445.0
501.0	443.0
497.0	441.0
493.0	439.0
490.0	437.0
487.0	435.0
484.0	433.0
481.0	431.0
478.0	428.0
475.0	426.0
472.0	424.0
469.0	422.0
466.0	420.0
464.0	419.0
462.0	417.0
460.0	416.0
458.0	414.0
456.0	413.0
454.0	412.0
452.0	414.0
450.0	420.0
448.0	431.0
446.0	447.0
445.0	470.0
443.0	496.0
441.0	524.0
440.0	550.0
438.0	574.0
437.0	594.0
436.0	609.0
434.0	620.0
433.0	629.0
431.0	636.0
430.0	642.0
428.0	649.0
426.0	655.0
424.0	663.0
421.0	671.0
418.0	680.0
416.0	691.0
413.0	701.0
410.0	711.0
409.0	721.0
407.0	730.0
404.0	737.0
403.0	744.0
402.0	749.0
402.0	754.0
400.0	757.0
400.0	759.0
403.0	760.0
418.0	759.0
442.0	756.0
477.0	752.0
521.0	745.0
570.0	738.0
621.0	729.0
669.0	720.0
710.0	711.0
743.0	702.0
768.0	694.0
785.0	686.0
795.0	680.0
799.0	675.0
800.0	670.0
798.0	666.0
793.0	662.0
788.0	658.0
784.0	655.0
779.0	650.0
776.0	646.0
775.0	641.0
774.0	636.0
774.0	631.0
775.0	626.0
776.0	620.0
776.0	615.0
777.0	609.0
776.0	603.0
774.0	598.0
770.0	592.0
765.0	587.0
758.0	582.0
748.0	577.0
736.0	572.0
722.0	567.0
706.0	562.0
689.0	557.0
672.0	552.0
657.0	547.0
642.0	542.0
629.0	538.0
619.0	534.0
611.0	530.0
606.0	526.0
603.0	522.0
601.0	518.0
601.0	514.0
602.0	510.0
602.0	506.0
603.0	502.0
603.0	498.0
603.0	494.0
602.0	490.0
600.0	487.0
598.0	484.0
594.0	481.0
590.0	478.0
585.0	475.0
579.0	472.0
573.0	469.0
567.0	466.0
561.0	463.0
555.0	461.0
549.0	459.0
542.0	456.0
536.0	454.0
529.0	452.0
523.0	450.0
517.0	448.0
511.0	447.0
506.0	445.0
501.0	443.0
497.0	441.0
493.0	439.0
490.0	437.0
487.0	435.0
484.0	433.0
481.0	431.0
478.0	428.0
475.0	426.0
472.0	424.0
469.0	422.0
466.0	420.0
464.0	419.0
462.0	417.0
460.0	416.0
458.0	414.0
456.0	413.0
454.0	412.0
452.0	414.0
450.0	420.0
448.0	431.0
446.0	447.0
445.0	470.0
443.0	496.0
441.0	524.0
440.0	550.0
438.0	574.0
437.0	594.0
436.0	609.0
434.0	620.0
433.0	629.0
431.0	636.0
430.0	642.0
428.0	649.0
426.0	655.0
424.0	663.0
421.0	671.0
418.0	680.0
416.0	691.0
413.0	701.0
410.0	711.0
409.0	721.0
407.0	730.0
404.0	737.0
403.0	744.0
402.0	749.0
402.0	754.0
400.0	757.0
400.0	759.0
403.0	760.0
418.0	759.0
442.0	756.0
477.0	752.0
521.0	745.0
570.0	738.0
621.0	729.0
669.0	720.0
710.0	711.0
743.0	702.0
768.0	694.0
785.0	686.0
795.0	680.0
799.0	675.0
800.0	670.0
798.0	666.0
793.0	662.0
788.0	658.0
784.0	655.0
779.0	650.0
776.0	646.0
775.0	641.0
774.0	636.0
774.0	631.0
775.0	626.0
776.0	620.0
776.0	615.0
777.0	609.0
776.0	603.0
774.0	598.0
770.0	592.0
765.0	587.0
758.0	582.0
748.0	577.0
736.0	572.0
722.0	567.0
706.0	562.0
689.0	557.0
672.0	552.0
657.0	547.0
642.0	542.0
629.0	538.0
619.0	534.0
611.0	530.0
606.0	526.0
603.0	522.0
601.0	518.0
601.0	514.0
602.0	510.0
602.0	506.0
603.0	502.0
603.0	498.0
603.0	494.0
602.0	490.0
600.0	487.0
598.0	484.0
594.0	481.0
590.0	478.0
585.0	475.0
579.0	472.0
573.0	469.0
567.0	466.0
561.0	463.0
555.0	461.0
549.0	459.0
542.0	456.0
536.0	454.0
529.0	452.0
523.0	450.0
517.0	448.0
511.0	447.0
506.0	445.0
501.0	443.0
497.0	441.0
493.0	439.0
490.0	437.0
487.0	435.0
484.0	433.0
481.0	431.0
478.0	428.0
475.0	426.0
472.0	424.0
469.0	422.0
466.0	420.0
464.0	419.0
462.0	417.0
460.0	416.0
458.0	414.0
456.0	413.0
454.0	412.0
452.0	414.0
450.0	420.0
448.0	431.0
446.0	447.0
445.0	470.0
443.0	496.0
441.0	524.0
440.0	550.0
438.0	574.0
437.0	594.0
436.0	609.0
434.0	620.0
433.0	629.0
431.0	636.0
430.0	642.0
428.0	649.0
426.0	655.0
424.0	663.0
421.0	671.0
418.0	680.0
416.0	691.0
413.0	701.0
410.0	711.0
409.0	721.0
407.0	730.0
404.0	737.0
403.0	744.0
402.0	749.0
402.0	754.0
400.0	757.0
400.0	759.0
403.0	760.0
418.0	759.0
442.0	756.0
477.0	752.0
521.0	745.0
570.0	738.0
621.0	729.0
669.0	720.0
710.0	711.0
743.0	702.0
768.0	694.0
785.0	686.0
795.0	680.0
799.0	675.0
800.0	670.0
798.0	666.0
793.0	662.0
788.0	658.0
784.0	655.0
779.0	650.0
776.0	646.0
775.0	641.0
774.0	636.0
774.0	631.0
775.0	626.0
776.0	620.0
776.0	615.0
777.0	609.0
776.0	603.0
774.0	598.0
770.0	592.0
765.0	587.0
758.0	582.0
748.0	577.0
736.0	572.0
722.0	567.0
706.0	562.0
689.0	557.0
672.0	552.0
657.0	547.0
642.0	542.0
629.0	538.0
619.0	534.0
611.0	530.0
606.0	526.0
603.0	522.0
601.0	518.0
601.0	514.0
602.0	510.0
602.0	506.0
603.0	502.0
603.0	498.0
603.0	494.0
602.0	490.0
600.0	487.0
598.0	484.0
594.0	481.0
590.0	478.0
585.0	475.0
579.0	472.0
573.0	469.0
567.0	466.0
561.0	463.0
555.0	461.0
549.0	459.0
542.0	456.0
536.0	454.0
529.0	452.0
523.0	450.0
517.0	448.0
511.0	447.0
506.0	445.0
501.0	443.0
497.0	441.0
493.0	439.0
490.0	437.0
487.0	435.0
484.0	433.0
481.0	431.0
478.0	428.0
475.0	426.0
472.0	424.0
469.0	422.0
466.0	420.0
464.0	419.0
462.0	417.0
460.0	416.0
458.0	414.0
456.0	413.0
454.0	412.0
452.0	414.0
450.0	420.0
448.0	431.0
446.0	447.0
445.0	470.0
443.0	496.0
441.0	524.0
440.0	550.0
438.0	574.0
437.0	594.0
436.0	609.0
434.0	620.0
433.0	629.0
431.0	636.0
430.0	642.0
428.0	649.0
426.0	655.0
424.0	663.0
421.0	671.0
418.0	680.0
416.0	691.0
413.0	701.0
410.0	711.0
409.0	721.0
407.0	730.0
404.0	737.0
403.0	744.0
402.0	749.0
402.0	754.0
400.0	757.0
400.0	759.0
403.0	760.0
418.0	759.0
442.0	756.0
477.0	752.0
521.0	745.0
570.0	738.0
621.0	729.0
669.0	720.0
710.0	711.0
743.0	702.0
768.0	694.0
785.0	686.0
795.0	680.0
799.0	675.0
800.0	670.0
798.0	666.0
793.0	662.0
788.0	658.0
784.0	655.0
779.0	650.0
776.0	646.0
775.0	641.0
774.0	636.0
774.0	631.0
775.0	626.0
776.0	620.0
776.0	615.0
777.0	609.0
776.0	603.0
774.0	598.0
770.0	592.0
765.0	587.0
758.0	582.0
748.0	577.0
736.0	572.0
722.0	567.0
706.0	562.0
689.0	557.0
672.0	552.0
657.0	547.0
642.0	542.0
629.0	538.0
619.0	534.0
611.0	530.0
606.0	526.0
603.0	522.0
601.0	518.0
601.0	514.0
602.0	510.0
602.0	506.0
603.0	502.0
603.0	498.0
603.0	494.0
602.0	490.0
600.0	487.0
598.0	484.0
594.0	481.0
590.0	478.0
585.0	475.0
579.0	472.0
573.0	469.0
567.0	466.0
561.0	463.0
555.0	461.0
549.0	459.0
542.0	456.0
536.0	454.0
529.0	452.0
523.0	450.0
517.0	448.0
511.0	447.0
506.0	445.0
501.0	443.0
497.0	441.0
493.0	439.0
490.0	437.0
487.0	435.0
484.0	433.0
481.0	431.0
478.0	428.0
475.0	426.0
472.0	424.0
469.0	422.0
466.0	420.0
464.0	419.0
462.0	417.0
460.0	416.0
458.0	414.0
456.0	413.0
454.0	412.0
452.0	414.0
450.0	420.0
448.0	431.0
446.0	447.0
445.0	470.0
443.0	496.0
441.0	524.0
440.0	550.0
438.0	574.0
437.0	594.0
436.0	609.0
434.0	620.0
433.0	629.0
431.0	636.0
430.0	642.0
428.0	649.0
426.0	655.0
424.0	663.0
421.0	671.0
418.0	680.0
416.0	691.0
413.0	701.0
410.0	711.0
409.0	721.0
407.0	730.0
404.0	737.0
403.0	744.0
402.0	749.0
402.0	754.0
400.0	757.0
400.0	759.0
403.0	760.0
418.0	759.0
442.0	756.0
477.0	752.0
521.0	745.0
570.0	738.0
621.0	729.0
669.0	720.0
710.0	711.0
743.0	702.0
768.0	694.0
785.0	686.0
795.0	680.0
799.0	675.0
800.0	670.0
798.0	666.0
793.0	662.0
788.0	658.0
784.0	655.0
779.0	650.0
776.0	646.0
775.0	641.0
774.0	636.0
774.0	631.0
775.0	626.0
776.0	620.0
776.0	615.0
777.0	609.0
776.0	603.0
774.0	598.0
770.0	592.0
765.0	587.0
758.0	582.0
748.0	577.0
736.0	572.0
722.0	567.0
706.0	562.0
689.0	557.0
672.0	552.0
657.0	547.0
642.0	542.0
629.0	538.0
619.0	534.0
611.0	530.0
606.0	526.0
603.0	522.0
601.0	518.0
601.0	514.0
602.0	510.0
602.0	506.0
603.0	502.0
603.0	498.0
603.0	494.0
602.0	490.0
600.0	487.0
598.0	484.0
594.0	481.0
590.0	478.0
585.0	475.0
579.0	472.0
573.0	469.0
567.0	466.0
561.0	463.0
555.0	461.0
549.0	459.0
542.0	456.0
536.0	454.0
529.0	452.0
523.0	450.0
517.0	448.0
511.0	447.0
506.0	445.0
501.0	443.0
497.0	441.0
493.0	439.0
490.0	437.0
487.0	435.0
484.0	433.0
481.0	431.0
478.0	428.0
475.0	426.0
472.0	424.0
469.0	422.0
466.0	420.0
464.0	419.0
462.0	417.0
460.0	416.0
458.0	414.0
456.0	413.0
454.0	412.0
452.0	414.0
450.0	420.0
448.0	431.0
446.0	447.0
445.0	470.0
443.0	496.0
441.0	524.0
440.0	550.0
438.0	574.0
437.0	594.0
436.0	609.0
434.0	620.0
433.0	629.0
431.0	636.0
430.0	642.0
428.0	649.0
426.0	655.0
424.0	663.0
421.0	671.0
418.0	680.0
416.0	691.0
413.0	701.0
410.0	711.0
409.0	721.0
407.0	730.0
404.0	737.0
403.0	744.0
402.0	749.0
402.0	754.0
400.0	757.0
400.0	759.0
403.0	760.0
418.0	759.0
442.0	756.0
477.0	752.0
521.0	745.0
570.0	738.0
621.0	729.0
669.0	720.0
710.0	711.0
743.0	702.0
768.0	694.0
785.0	686.0
795.0	680.0
799.0	675.0
800.0	670.0
798.0	666.0
793.0	662.0
788.0	658.0
784.0	655.0
779.0	650.0
776.0	646.0
775.0	641.0
774.0	636.0
774.0	631.0
775.0	626.0
776.0	620.0
776.0	615.0
777.0	609.0
776.0	603.0
774.0	598.0
770.0	592.0
765.0	587.0
758.0	582.0
748.0	577.0
736.0	572.0
722.0	567.0
706.0	562.0
689.0	557.0
672.0	552.0
657.0	547.0
642.0	542.0
629.0	538.0
619.0	534.0
611.0	530.0
606.0	526.0
603.0	522.0
601.0	518.0
601.0	514.0
602.0	510.0
602.0	506.0
603.0	502.0
603.0	498.0
603.0	494.0
602.0	490.0
600.0	487.0
598.0	484.0
594.0	481.0
590.0	478.0
585.0	475.0
579.0	472.0
573.0	469.0
567.0	466.0
561.0	463.0
555.0	461.0
549.0	459.0
542.0	456.0
536.0	454.0
529.0	452.0
523.0	450.0
517.0	448.0
511.0	447.0
506.0	445.0
501.0	443.0
497.0	441.0
493.0	439.0
490.0	437.0
487.0	435.0
484.0	433.0
481.0	431.0
478.0	428.0
475.0	426.0
472.0	424.0
469.0	422.0
466.0	420.0
464.0	419.0
462.0	417.0
460.0	416.0
458.0	414.0
456.0	413.0
454.0	412.0
452.0	414.0
450.0	420.0
448.0	431.0
446.0	447.0
445.0	470.0
443.0	496.0
441.0	524.0
440.0	550.0
438.0	574.0
437.0	594.0
436.0	609.0
434.0	620.0
433.0	629.0
431.0	636.0
430.0	642.0
428.0	649.0
426.0	655.0
424.0	663.0
421.0	671.0
418.0	680.0
416.0	691.0
413.0	701.0
410.0	711.0
409.0	721.0
407.0	730.0
404.0	737.0
403.0	744.0
402.0	749.0
402.0	754.0
400.0	757.0
400.0	759.0
403.0	760.0
418.0	759.0
442.0	756.0
477.0	752.0
521.0	745.0
570.0	738.0
621.0	729.0
669.0	720.0
710.0	711.0
743.0	702.0
768.0	694.0
785.0	686.0
795.0	680.0
799.0	675.0
800.0	670.0
798.0	666.0
793.0	662.0
788.0	658.0
784.0	655.0
779.0	650.0
776.0	646.0
775.0	641.0
774.0	636.0
774.0	631.0
775.0	626.0
776.0
776.0
777.0
776.0
774.0
770.0
765.0
758.0
748.0
736.0
722.0
706.0
689.0
672.0
657.0
642.0
629.0
619.0
611.0
606.0
603.0
601.0
601.0
602.0
602.0
603.0
603.0
603.0
602.0
600.0
598.0
594.0
590.0
