System ID	Database ID	Patient Number	Surname	First Name	Sex	Date Of Birth	Patient ID	Patient Code	Patient Notes	SP	DP	MP	DATA_REV	DATETIME	AGE	MEDICATION	NOTES	OPERATOR	INTERPRETATION	HEIGHT	WEIGHT	BODY_MASS_INDEX	SAMPLE_RATE	SIMULATION	Tonometer Serial Number	SUB_TYPE	Inconclusive	Reference Age	PPAmpRatio	P_MAX_DPDT	ED	CalcED	QUALITY_ED	P_QC_PH	P_QC_PHV	P_QC_PLV	P_QC_DV	P_QC_SDEV	Operator Index	P_SP	P_DP	P_MEANP	P_T1	P_T2	P_AI	P_CalcT1	P_CalcT2	P_ESP	P_P1	P_P2	P_T1ED	P_T2ED	P_QUALITY_T1	P_QUALITY_T2	C_AP	C_AP_HR75	C_MPS	C_MPD	C_TTI	C_DTI	C_SVI	C_AL	C_ATI	HR	C_PERIOD	C_DD	C_ED_PERIOD	C_DD_PERIOD	C_PH	C_AGPH	C_AGPH_HR75	C_P1_HEIGHT	C_T1R	C_SP	C_DP	C_MEANP	C_T1	C_T2	C_AI	C_CalcT1	C_CalcT2	C_ESP	C_P1	C_P2	C_T1ED	C_T2ED	C_QUALITY_T1	C_QUALITY_T2
00050	DATA	313	McBryde	Paul	MALE	14/05/1978	1234567890	code	Healthy	120	80	0	130	17/09/2009 13:49:21	31	None	Visit Number 1	Dr Seuss		172	77	26.03	128	No	0	RADIAL	No	54	126	700	299	299	0	87	4	1	3	4	83	120	80	96	92	219	84	92	219	100	120	114	31	73	0	0	9	7	103	92	1898	3835	202	12	51	61	977	678	31	69	32	29	23	22	139	113	81	96	104	227	141	104	227	106	103	113	35	76	1	1

PeriphSignal 	 CentralSignal 	 PeriphPulse 	 CentralPulse 
2389.0	2319.0	79.99	80.95
2390.0	2315.0	81.55	81.8
2394.0	2311.0	84.17	83.2
2400.0	2307.0	87.92	85.19
2405.0	2304.0	92.64	87.71
2410.0	2302.0	97.96	90.58
2415.0	2299.0	103.4	93.54
2420.0	2298.0	108.5	96.33
2423.0	2296.0	112.86	98.74
2424.0	2293.0	116.24	100.62
2421.0	2290.0	118.54	101.95
2412.0	2286.0	119.76	102.78
2398.0	2282.0	119.99	103.21
2378.0	2277.0	119.41	103.37
2356.0	2273.0	118.23	103.38
2335.0	2270.0	116.71	103.38
2316.0	2267.0	115.1	103.48
2301.0	2265.0	113.59	103.76
2292.0	2264.0	112.36	104.28
2289.0	2263.0	111.52	105.05
2290.0	2261.0	111.09	106.04
2293.0	2260.0	111.02	107.17
2299.0	2257.0	111.25	108.33
2304.0	2253.0	111.68	109.43
2307.0	2249.0	112.2	110.39
2310.0	2244.0	112.71	111.19
2311.0	2239.0	113.16	111.8
2312.0	2235.0	113.47	112.25
2313.0	2232.0	113.59	112.52
2311.0	2230.0	113.45	112.61
2308.0	2228.0	112.97	112.5
2304.0	2227.0	112.08	112.14
2301.0	2226.0	110.75	111.53
2297.0	2224.0	109.03	110.7
2292.0	2222.0	107.08	109.72
2288.0	2218.0	105.08	108.68
2287.0	2213.0	103.24	107.7
2284.0	2208.0	101.73	106.87
2282.0	2204.0	100.65	106.26
2282.0	2200.0	100.02	105.85
2280.0	2197.0	99.78	105.64
2276.0	2196.0	99.86	105.55
2270.0	2195.0	100.17	105.52
2263.0	2195.0	100.6	105.49
2258.0	2194.0	101.03	105.42
2252.0	2193.0	101.4	105.26
2247.0	2191.0	101.63	105.0
2244.0	2188.0	101.7	104.62
2243.0	2185.0	101.59	104.15
2243.0	2181.0	101.32	103.59
2242.0	2178.0	100.9	102.97
2240.0	2175.0	100.36	102.34
2239.0	2174.0	99.78	101.75
2237.0	2173.0	99.21	101.21
2233.0	2173.0	98.67	100.75
2226.0	2172.0	98.21	100.37
2220.0	2172.0	97.83	100.05
2215.0	2171.0	97.48	99.75
2210.0	2169.0	97.12	99.44
2209.0	2167.0	96.74	99.1
2209.0	2164.0	96.32	98.7
2209.0	2161.0	95.82	98.27
2208.0	2158.0	95.28	97.81
2208.0	2155.0	94.7	97.33
2207.0	2152.0	94.12	96.86
2204.0	2150.0	93.56	96.41
2199.0	2149.0	93.05	95.99
2193.0	2149.0	92.59	95.6
2187.0	2148.0	92.19	95.24
2181.0	2147.0	91.84	94.91
2179.0	2146.0	91.52	94.59
2178.0	2149.0	91.23	94.28
2177.0	2157.0	90.96	93.96
2177.0	2172.0	90.7	93.64
2178.0	2193.0	90.43	93.29
2180.0	2220.0	90.16	92.92
2180.0	2250.0	89.86	92.54
2177.0	2277.0	89.56	92.16
2173.0	2300.0	89.28	91.79
2169.0	2316.0	89.02	91.44
2165.0	2327.0	88.78	91.12
2163.0	2332.0	88.58	90.84
2162.0	2333.0	88.44	90.59
2162.0	2333.0	88.3	90.35
2162.0	2331.0	88.14	90.11
2163.0	2330.0	87.97	89.85
2163.0	2331.0	87.75	89.56
2162.0	2332.0	87.44	89.24
2162.0	2335.0	87.1	88.89
2160.0	2340.0	86.74	88.53
2158.0	2347.0	86.4	88.2
2154.0	2355.0	86.11	87.91
2150.0	2363.0	85.88	87.66
2146.0	2371.0	85.67	87.44
2142.0	2377.0	85.46	87.24
2139.0	2382.0	85.24	87.03
2137.0	2386.0	84.99	86.8
2137.0	2389.0	84.73	86.54
2138.0	2391.0	84.46	86.26
2136.0	2392.0	84.2	85.99
2132.0	2390.0	83.97	85.73
2132.0	2386.0	83.8	85.51
2138.0	2378.0	83.68	85.33
2157.0	2368.0	83.61	85.18
2190.0	2357.0	83.57	85.06
2235.0	2345.0	83.53	84.95
2287.0	2334.0	83.47	84.82
2341.0	2326.0	83.36	84.66
2389.0	2321.0	83.21	84.47
2427.0	2318.0	83.01	84.25
2454.0	2318.0	82.79	84.02
2471.0	2319.0	82.56	83.78
2478.0	2320.0	82.34	83.54
2477.0	2320.0	82.14	83.33
2468.0	2319.0	81.95	83.12
2455.0	2317.0	81.74	82.92
2442.0	2314.0	81.48	82.72
2428.0	2311.0	81.19	82.51
2415.0	2307.0	80.89	82.29
2403.0	2304.0	80.62	82.08
2392.0	2299.0	80.41	81.9
2385.0	2295.0	80.33	81.77
2381.0	2291.0	80.41	81.76
2380.0	2287.0	80.63	81.86
2381.0	2283.0	80.87	81.92
2382.0	2281.0	81.39	82.1
2383.0	2279.0
2386.0	2277.0
2390.0	2276.0
2391.0	2273.0
2389.0	2270.0
2383.0	2266.0
2372.0	2262.0
2357.0	2258.0
2337.0	2254.0
2316.0	2252.0
2295.0	2250.0
2277.0	2248.0
2266.0	2245.0
2260.0	2243.0
2259.0	2239.0
2262.0	2235.0
2268.0	2231.0
2274.0	2227.0
2279.0	2223.0
2283.0	2220.0
2287.0	2219.0
2290.0	2218.0
2291.0	2217.0
2292.0	2216.0
2292.0	2215.0
2291.0	2213.0
2287.0	2210.0
2283.0	2207.0
2278.0	2204.0
2273.0	2202.0
2271.0	2200.0
2269.0	2199.0
2267.0	2198.0
2264.0	2197.0
2261.0	2195.0
2255.0	2194.0
2249.0	2192.0
2244.0	2190.0
2239.0	2188.0
2233.0	2186.0
2230.0	2183.0
2228.0	2181.0
2225.0	2180.0
2223.0	2179.0
2219.0	2179.0
2215.0	2179.0
2209.0	2178.0
2203.0	2178.0
2198.0	2177.0
2195.0	2175.0
2194.0	2174.0
2195.0	2172.0
2197.0	2169.0
2199.0	2167.0
2199.0	2164.0
2200.0	2162.0
2199.0	2160.0
2197.0	2159.0
2193.0	2157.0
2192.0	2156.0
2190.0	2154.0
2189.0	2152.0
2190.0	2150.0
2191.0	2148.0
2190.0	2145.0
2188.0	2144.0
2187.0	2145.0
2185.0	2148.0
2182.0	2156.0
2179.0	2169.0
2175.0	2189.0
2173.0	2214.0
2170.0	2242.0
2170.0	2270.0
2170.0	2295.0
2170.0	2315.0
2170.0	2331.0
2170.0	2340.0
2170.0	2346.0
2167.0	2347.0
2167.0	2347.0
2165.0	2347.0
2164.0	2348.0
2160.0	2350.0
2156.0	2354.0
2154.0	2359.0
2152.0	2367.0
2149.0	2377.0
2146.0	2387.0
2145.0	2398.0
2144.0	2408.0
2142.0	2417.0
2138.0	2423.0
2135.0	2429.0
2132.0	2432.0
2131.0	2434.0
2130.0	2435.0
2132.0	2434.0
2140.0	2432.0
2157.0	2428.0
2185.0	2422.0
2225.0	2415.0
2275.0	2406.0
2329.0	2398.0
2379.0	2390.0
2421.0	2383.0
2455.0	2379.0
2480.0	2376.0
2497.0	2374.0
2502.0	2373.0
2498.0	2373.0
2487.0	2372.0
2474.0	2372.0
2462.0	2370.0
2450.0	2367.0
2438.0	2363.0
2429.0	2357.0
2422.0	2350.0
2420.0	2342.0
2421.0	2335.0
2426.0	2330.0
2431.0	2326.0
2437.0	2323.0
2441.0	2322.0
2444.0	2321.0
2446.0	2319.0
2445.0	2317.0
2443.0	2313.0
2440.0	2309.0
2433.0	2303.0
2423.0	2299.0
2409.0	2295.0
2393.0	2291.0
2376.0	2289.0
2360.0	2286.0
2347.0	2284.0
2336.0	2281.0
2329.0	2278.0
2326.0	2275.0
2325.0	2272.0
2326.0	2269.0
2329.0	2265.0
2334.0	2262.0
2338.0	2258.0
2341.0	2254.0
2341.0	2251.0
2338.0	2248.0
2332.0	2246.0
2326.0	2244.0
2318.0	2242.0
2310.0	2240.0
2304.0	2237.0
2301.0	2235.0
2299.0	2232.0
2300.0	2229.0
2299.0	2226.0
2298.0	2223.0
2296.0	2220.0
2293.0	2217.0
2287.0	2215.0
2280.0	2213.0
2275.0	2211.0
2272.0	2210.0
2270.0	2208.0
2269.0	2205.0
2266.0	2202.0
2261.0	2199.0
2258.0	2196.0
2256.0	2193.0
2253.0	2190.0
2250.0	2188.0
2245.0	2186.0
2242.0	2186.0
2239.0	2186.0
2235.0	2186.0
2231.0	2186.0
2228.0	2186.0
2226.0	2185.0
2225.0	2183.0
2224.0	2180.0
2223.0	2178.0
2221.0	2175.0
2218.0	2172.0
2216.0	2171.0
2216.0	2169.0
2213.0	2168.0
2209.0	2167.0
2205.0	2166.0
2202.0	2165.0
2200.0	2164.0
2199.0	2162.0
2198.0	2160.0
2196.0	2158.0
2194.0	2157.0
2193.0	2158.0
2190.0	2164.0
2187.0	2176.0
2183.0	2196.0
2180.0	2222.0
2176.0	2252.0
2173.0	2281.0
2171.0	2307.0
2170.0	2328.0
2171.0	2343.0
2174.0	2352.0
2176.0	2357.0
2177.0	2359.0
2177.0	2360.0
2177.0	2360.0
2176.0	2359.0
2173.0	2360.0
2170.0	2362.0
2167.0	2367.0
2165.0	2375.0
2162.0	2387.0
2161.0	2399.0
2160.0	2412.0
2159.0	2423.0
2158.0	2432.0
2156.0	2439.0
2153.0	2444.0
2152.0	2447.0
2149.0	2450.0
2146.0	2451.0
2145.0	2450.0
2149.0	2448.0
2162.0	2443.0
2187.0	2435.0
2229.0	2425.0
2282.0	2414.0
2336.0	2405.0
2387.0	2397.0
2431.0	2392.0
2466.0	2390.0
2491.0	2389.0
2506.0	2389.0
2511.0	2390.0
2509.0	2389.0
2502.0	2387.0
2490.0	2385.0
2474.0	2381.0
2457.0	2377.0
2444.0	2373.0
2434.0	2368.0
2431.0	2362.0
2432.0	2356.0
2437.0	2349.0
2442.0	2343.0
2449.0	2336.0
2456.0	2331.0
2461.0	2328.0
2464.0	2325.0
2466.0	2322.0
2467.0	2319.0
2465.0	2316.0
2460.0	2312.0
2452.0	2307.0
2440.0	2302.0
2422.0	2296.0
2400.0	2291.0
2378.0	2287.0
2360.0	2283.0
2347.0	2280.0
2340.0	2278.0
2336.0	2276.0
2337.0	2274.0
2340.0	2272.0
2343.0	2271.0
2346.0	2270.0
2348.0	2267.0
2349.0	2264.0
2349.0	2259.0
2348.0	2254.0
2347.0	2249.0
2345.0	2246.0
2340.0	2243.0
2334.0	2242.0
2326.0	2242.0
2318.0	2242.0
2310.0	2242.0
2303.0	2242.0
2299.0	2239.0
2297.0	2235.0
2294.0	2229.0
2292.0	2223.0
2289.0	2217.0
2285.0	2213.0
2279.0	2211.0
2272.0	2210.0
2266.0	2211.0
2261.0	2213.0
2257.0	2213.0
2253.0	2212.0
2250.0	2209.0
2249.0	2206.0
2249.0	2201.0
2249.0	2197.0
2249.0	2194.0
2250.0	2193.0
2251.0	2192.0
2250.0	2192.0
2246.0	2193.0
2241.0	2192.0
2235.0	2191.0
2231.0	2189.0
2228.0	2187.0
2227.0	2184.0
2227.0	2182.0
2228.0	2180.0
2230.0	2178.0
2233.0	2175.0
2233.0	2172.0
2229.0	2169.0
2222.0	2167.0
2213.0	2165.0
2204.0	2164.0
2196.0	2163.0
2191.0	2164.0
2190.0	2166.0
2192.0	2171.0
2195.0	2182.0
2198.0	2198.0
2199.0	2219.0
2197.0	2245.0
2193.0	2272.0
2189.0	2296.0
2184.0	2317.0
2180.0	2332.0
2178.0	2342.0
2178.0	2348.0
2181.0	2349.0
2184.0	2348.0
2185.0	2347.0
2185.0	2345.0
2183.0	2345.0
2180.0	2347.0
2177.0	2352.0
2175.0	2358.0
2172.0	2366.0
2171.0	2376.0
2170.0	2385.0
2165.0	2393.0
2160.0	2399.0
2157.0	2405.0
2153.0	2409.0
2150.0	2412.0
2149.0	2415.0
2149.0	2417.0
2151.0	2417.0
2154.0	2415.0
2166.0	2410.0
2190.0	2402.0
2224.0	2392.0
2268.0	2382.0
2317.0	2373.0
2365.0	2366.0
2408.0	2362.0
2443.0	2361.0
2470.0	2363.0
2486.0	2365.0
2492.0	2368.0
2489.0	2370.0
2479.0	2370.0
2465.0	2368.0
2450.0	2365.0
2436.0	2360.0
2423.0	2356.0
2414.0	2351.0
2408.0	2348.0
2403.0	2345.0
2404.0	2342.0
2405.0	2339.0
2407.0	2336.0
2409.0	2332.0
2412.0	2328.0
2415.0	2324.0
2418.0	2320.0
2420.0	2316.0
2420.0	2312.0
2420.0	2308.0
2414.0	2303.0
2401.0	2300.0
2383.0	2296.0
2364.0	2294.0
2347.0	2292.0
2333.0	2290.0
2321.0	2288.0
2316.0	2285.0
2316.0	2282.0
2320.0	2278.0
2329.0	2275.0
2336.0	2272.0
2342.0	2269.0
2347.0	2267.0
2348.0	2265.0
2347.0	2263.0
2345.0	2261.0
2342.0	2258.0
2341.0	2255.0
2341.0	2252.0
2339.0	2249.0
2335.0	2245.0
2330.0	2243.0
2324.0	2240.0
2318.0	2237.0
2312.0	2235.0
2306.0	2232.0
2300.0	2229.0
2293.0	2225.0
2287.0	2223.0
2282.0	2221.0
2276.0	2219.0
2271.0	2218.0
2268.0	2216.0
2265.0	2213.0
2262.0	2210.0
2261.0	2207.0
2261.0	2204.0
2258.0	2201.0
2255.0	2199.0
2253.0	2198.0
2250.0	2198.0
2250.0	2197.0
2249.0	2196.0
2247.0	2193.0
2245.0	2190.0
2246.0	2187.0
2246.0	2183.0
2244.0	2181.0
2241.0	2179.0
2237.0	2178.0
2234.0	2177.0
2229.0	2176.0
2228.0	2175.0
2226.0	2174.0
2222.0	2171.0
2219.0	2168.0
2216.0	2165.0
2211.0	2162.0
2206.0	2161.0
2202.0	2161.0
2202.0	2162.0
2203.0	2166.0
2201.0	2175.0
2197.0	2190.0
2194.0	2211.0
2191.0	2235.0
2189.0	2262.0
2186.0	2287.0
2183.0	2310.0
2182.0	2328.0
2182.0	2341.0
2184.0	2349.0
2185.0	2354.0
2184.0	2355.0
2181.0	2355.0
2177.0	2354.0
2172.0	2353.0
2169.0	2354.0
2167.0	2358.0
2165.0	2366.0
2165.0	2377.0
2165.0	2389.0
2166.0	2402.0
2166.0	2414.0
2163.0	2423.0
2159.0	2431.0
2154.0	2436.0
2151.0	2440.0
2148.0	2444.0
2148.0	2447.0
2149.0	2449.0
2153.0	2450.0
2161.0	2448.0
2180.0	2442.0
2212.0	2433.0
2254.0	2422.0
2301.0	2410.0
2349.0	2399.0
2393.0	2391.0
2432.0	2385.0
2465.0	2383.0
2487.0	2382.0
2498.0	2384.0
2501.0	2385.0
2497.0	2387.0
2486.0	2388.0
2470.0	2387.0
2453.0	2384.0
2440.0	2379.0
2432.0	2373.0
2428.0	2367.0
2429.0	2361.0
2433.0	2354.0
2440.0	2350.0
2446.0	2347.0
2451.0	2346.0
2455.0	2345.0
2458.0	2345.0
2461.0	2345.0
2465.0	2344.0
2467.0	2341.0
2467.0	2338.0
2464.0	2333.0
2457.0	2328.0
2442.0	2322.0
2421.0	2317.0
2397.0	2312.0
2373.0	2309.0
2353.0	2306.0
2338.0	2305.0
2329.0	2304.0
2326.0	2303.0
2327.0	2301.0
2331.0	2298.0
2338.0	2294.0
2344.0	2290.0
2350.0	2284.0
2354.0	2279.0
2354.0	2274.0
2352.0	2271.0
2349.0	2268.0
2346.0	2266.0
2342.0	2264.0
2336.0	2263.0
2331.0	2261.0
2330.0	2258.0
2333.0	2256.0
2333.0	2253.0
2333.0	2250.0
2333.0	2247.0
2334.0	2245.0
2332.0	2243.0
2328.0	2243.0
2322.0	2242.0
2314.0	2240.0
2306.0	2238.0
2298.0	2235.0
2291.0	2232.0
2286.0	2228.0
2283.0	2224.0
2282.0	2221.0
2281.0	2218.0
2278.0	2216.0
2276.0	2215.0
2273.0	2213.0
2269.0	2212.0
2263.0	2210.0
2256.0	2208.0
2251.0	2206.0
2246.0	2204.0
2243.0	2201.0
2242.0	2199.0
2242.0	2196.0
2241.0	2194.0
2240.0	2192.0
2239.0	2190.0
2237.0	2189.0
2236.0	2189.0
2234.0	2188.0
2232.0	2186.0
2229.0	2185.0
2229.0	2184.0
2231.0	2182.0
2233.0	2181.0
2234.0	2179.0
2232.0	2178.0
2229.0	2177.0
2225.0	2177.0
2220.0	2182.0
2215.0	2192.0
2210.0	2210.0
2207.0	2233.0
2203.0	2261.0
2200.0	2291.0
2199.0	2318.0
2198.0	2341.0
2195.0	2359.0
2193.0	2371.0
2191.0	2379.0
2190.0	2383.0
2187.0	2384.0
2184.0	2384.0
2182.0	2382.0
2180.0	2381.0
2178.0	2381.0
2176.0	2383.0
2176.0	2388.0
2177.0	2396.0
2176.0	2406.0
2176.0	2417.0
2175.0	2427.0
2174.0	2437.0
2175.0	2444.0
2174.0	2449.0
2173.0	2453.0
2172.0	2455.0
2171.0	2456.0
2170.0	2455.0
2171.0	2452.0
2181.0	2446.0
2204.0	2436.0
2240.0	2425.0
2287.0	2414.0
2340.0	2405.0
2391.0	2398.0
2438.0	2394.0
2477.0	2393.0
2506.0	2392.0
2526.0	2391.0
2537.0	2390.0
2538.0	2389.0
2531.0	2388.0
2519.0	2387.0
2503.0	2386.0
2484.0	2384.0
2466.0	2380.0
2452.0	2374.0
2441.0	2368.0
2436.0	2362.0
2435.0	2356.0
2437.0	2352.0
2442.0	2349.0
2448.0	2347.0
2454.0	2344.0
2458.0	2341.0
2459.0	2337.0
2460.0	2334.0
2460.0	2331.0
2457.0	2328.0
2449.0	2326.0
2435.0	2323.0
2415.0	2319.0
2393.0	2315.0
2371.0	2312.0
2357.0	2308.0
2350.0	2306.0
2344.0	2305.0
2340.0	2304.0
2340.0	2302.0
2341.0	2300.0
2343.0	2296.0
2347.0	2292.0
2353.0	2288.0
2359.0	2284.0
2362.0	2280.0
2363.0	2277.0
2361.0	2275.0
2356.0	2273.0
2351.0	2270.0
2346.0	2268.0
2342.0	2265.0
2337.0	2263.0
2333.0	2260.0
2329.0	2257.0
2325.0	2254.0
2321.0	2250.0
2318.0	2247.0
2314.0	2244.0
2312.0	2241.0
2307.0	2239.0
2305.0	2237.0
2302.0	2236.0
2298.0	2234.0
2292.0	2232.0
2288.0	2229.0
2285.0	2226.0
2284.0	2223.0
2284.0	2220.0
2284.0	2218.0
2283.0	2215.0
2280.0	2213.0
2276.0	2212.0
2271.0	2210.0
2266.0	2209.0
2262.0	2207.0
2260.0	2206.0
2257.0	2204.0
2255.0	2202.0
2253.0	2199.0
2251.0	2197.0
2248.0	2195.0
2246.0	2193.0
2245.0	2191.0
2242.0	2190.0
2238.0	2189.0
2234.0	2187.0
2231.0	2185.0
2227.0	2183.0
2225.0	2181.0
2223.0	2179.0
2221.0	2179.0
2220.0	2179.0
2219.0	2182.0
2217.0	2187.0
2214.0	2197.0
2212.0	2213.0
2209.0	2235.0
2207.0	2262.0
2204.0	2290.0
2201.0	2318.0
2199.0	2341.0
2197.0	2359.0
2197.0	2371.0
2196.0	2378.0
2196.0	2381.0
2194.0	2381.0
2193.0	2380.0
2191.0	2379.0
2189.0	2378.0
2187.0	2380.0
2184.0	2383.0
2182.0	2390.0
2181.0	2399.0
2180.0	2411.0
2180.0	2423.0
2179.0	2435.0
2176.0	2445.0
2172.0	2453.0
2170.0	2460.0
2169.0	2464.0
2168.0	2467.0
2169.0	2469.0
2171.0	2469.0
2176.0	2468.0
2186.0	2465.0
2207.0	2460.0
2242.0	2453.0
2287.0	2444.0
2338.0	2435.0
2389.0	2426.0
2436.0	2417.0
2476.0	2410.0
2507.0	2405.0
2525.0	2402.0
2533.0	2402.0
2532.0	2402.0
2524.0	2404.0
2511.0	2405.0
2495.0	2405.0
2479.0	2402.0
2463.0	2398.0
2453.0	2392.0
2445.0	2385.0
2443.0	2377.0
2445.0	2370.0
2451.0	2365.0
2458.0	2361.0
2465.0	2358.0
2472.0	2356.0
2478.0	2354.0
2482.0	2350.0
2484.0	2346.0
2484.0	2342.0
2482.0	2338.0
2476.0	2335.0
2469.0	2331.0
2456.0	2328.0
2439.0	2324.0
2422.0	2319.0
2405.0	2314.0
2386.0	2308.0
2370.0	2302.0
2358.0	2297.0
2350.0	2294.0
2347.0	2292.0
2349.0	2290.0
2355.0	2289.0
2361.0	2287.0
2367.0	2285.0
2371.0	2282.0
2373.0	2279.0
2370.0	2276.0
2365.0	2273.0
2359.0	2271.0
2352.0	2269.0
2345.0	2267.0
2341.0	2265.0
2340.0	2263.0
2338.0	2259.0
2336.0	2255.0
2333.0	2250.0
2328.0	2246.0
2322.0	2243.0
2317.0	2240.0
2315.0	2238.0
2312.0	2236.0
2310.0	2234.0
2306.0	2230.0
2301.0	2227.0
2295.0	2223.0
2287.0	2220.0
2279.0	2218.0
2270.0	2217.0
2264.0	2216.0
2261.0	2217.0
2261.0	2216.0
2261.0	2216.0
2260.0	2215.0
2260.0	2214.0
2260.0	2212.0
2259.0	2211.0
2256.0	2210.0
2253.0	2209.0
2253.0	2207.0
2253.0	2205.0
2254.0	2204.0
2255.0	2203.0
2254.0	2201.0
2252.0	2200.0
2247.0	2198.0
2241.0	2196.0
2234.0	2193.0
2229.0	2192.0
2226.0	2191.0
2223.0	2190.0
2221.0	2190.0
2218.0	2190.0
2215.0	2192.0
2210.0	2197.0
2205.0	2206.0
2201.0	2220.0
2196.0	2240.0
2195.0	2264.0
2197.0	2290.0
2198.0	2316.0
2200.0	2339.0
2203.0	2357.0
2204.0	2370.0
2206.0	2378.0
2205.0	2382.0
2204.0	2383.0
2205.0	2381.0
2206.0	2379.0
2205.0	2377.0
2203.0	2377.0
2201.0	2379.0
2202.0	2385.0
2201.0	2394.0
2199.0	2404.0
2195.0	2414.0
2192.0	2424.0
2187.0	2434.0
2184.0	2442.0
2182.0	2448.0
2181.0	2452.0
2181.0	2455.0
2181.0	2455.0
2182.0	2453.0
2185.0	2449.0
2194.0	2443.0
2213.0	2435.0
2242.0	2426.0
2282.0	2418.0
2330.0	2411.0
2378.0	2406.0
2423.0	2403.0
2461.0	2402.0
2493.0	2402.0
2516.0	2402.0
2526.0	2402.0
2527.0	2401.0
2520.0	2400.0
2508.0	2398.0
2491.0	2396.0
2473.0	2393.0
2457.0	2390.0
2445.0	2387.0
2438.0	2383.0
2436.0	2379.0
2436.0	2374.0
2437.0	2368.0
2441.0	2363.0
2448.0	2360.0
2456.0	2357.0
2462.0	2355.0
2465.0	2353.0
2465.0	2351.0
2463.0	2349.0
2458.0	2346.0
2449.0	2342.0
2434.0	2338.0
2417.0	2333.0
2399.0	2328.0
2383.0	2324.0
2371.0	2320.0
2363.0	2316.0
2359.0	2313.0
2358.0	2310.0
2360.0	2308.0
2363.0	2307.0
2365.0	2305.0
2367.0	2302.0
2370.0	2299.0
2372.0	2295.0
2374.0	2291.0
2376.0	2286.0
2376.0	2282.0
2375.0	2278.0
2372.0	2275.0
2369.0	2274.0
2360.0	2273.0
2352.0	2273.0
2346.0	2272.0
2342.0	2271.0
2338.0	2268.0
2335.0	2265.0
2335.0	2262.0
2333.0	2259.0
2330.0	2257.0
2326.0	2256.0
2321.0	2256.0
2315.0	2256.0
2309.0	2256.0
2302.0	2255.0
2297.0	2253.0
2291.0	2251.0
2287.0	2249.0
2284.0	2247.0
2282.0	2247.0
2282.0	2247.0
2281.0	2248.0
2280.0	2250.0
2278.0	2252.0
2276.0	2252.0
2271.0	2252.0
2268.0	2250.0
2263.0	2248.0
2258.0	2244.0
2255.0	2242.0
2255.0	2240.0
2255.0	2238.0
2256.0	2237.0
2258.0	2236.0
2259.0	2235.0
2258.0	2234.0
2255.0	2232.0
2251.0	2230.0
2248.0	2228.0
2246.0	2227.0
2247.0	2226.0
2248.0	2227.0
2249.0	2231.0
2250.0	2239.0
2250.0	2253.0
2250.0	2274.0
2248.0	2299.0
2245.0	2327.0
2241.0	2354.0
2239.0	2378.0
2240.0	2397.0
2242.0	2411.0
2246.0	2419.0
2251.0	2424.0
2254.0	2427.0
2255.0	2428.0
2254.0	2429.0
2251.0	2430.0
2246.0	2432.0
2241.0	2436.0
2236.0	2442.0
2234.0	2450.0
2234.0	2460.0
2232.0	2471.0
2228.0	2482.0
2227.0	2492.0
2223.0	2499.0
2220.0	2504.0
2217.0	2509.0
2213.0	2511.0
2212.0	2513.0
2213.0	2514.0
2215.0	2513.0
2222.0	2511.0
2240.0	2506.0
2271.0	2499.0
2314.0	2490.0
2363.0	2480.0
2414.0	2470.0
2461.0	2463.0
2503.0	2457.0
2536.0	2454.0
2559.0	2452.0
2572.0	2451.0
2575.0	2451.0
2574.0	2451.0
2567.0	2450.0
2556.0	2449.0
2542.0	2447.0
2529.0	2444.0
2518.0	2440.0
2511.0	2435.0
2507.0	2430.0
2506.0
2509.0
2513.0
2517.0
2520.0
2522.0
2524.0
2525.0
2523.0
2520.0
2516.0
2509.0
2498.0
2481.0
2462.0
2441.0
2425.0
2413.0
2405.0
2400.0
2399.0
2401.0
2404.0
2409.0
2413.0
2415.0
2417.0
2418.0
2418.0
2416.0
2413.0
2409.0
2404.0
