System ID	Database ID	Patient Number	Surname	First Name	Sex	Date Of Birth	Patient ID	Patient Code	Patient Notes	SP	DP	MP	DATA_REV	DATETIME	AGE	MEDICATION	NOTES	OPERATOR	INTERPRETATION	HEIGHT	WEIGHT	BODY_MASS_INDEX	SAMPLE_RATE	SIMULATION	PX_DIST	DT_DIST	PWV_DIST	PWV_DISTERR	ALGORITHM	PHEIGHT_PC	PP_MDT	PP_DEVIATION	PWV	PWVERR	Tonometer Serial Number	A_SUBTYPE	A_NOF_10_SETS	A_HR	A_MDT	A_DEVIATION_DT	A_TON_QC_PH	A_TON_QC_PHV	A_TON_QC_PLV	A_TON_QC_BLV	A_ECG_QC_PH	A_ECG_QC_PHV	A_ECG_QC_PLV	A_ECG_QC_BLV	B_SUBTYPE	B_NOF_10_SETS	B_HR	B_MDT	B_DEVIATION_DT	B_TON_QC_PH	B_TON_QC_PHV	B_TON_QC_PLV	B_TON_QC_BLV	B_ECG_QC_PH	B_ECG_QC_PHV	B_ECG_QC_PLV	B_ECG_QC_BLV
00050	DATA	313	McBryde	Paul	MALE	14/05/1978	1234567890	code	Healthy	120	80	0	130	17/09/2009 13:53:13	31	None	Visit Number 1	Dr Seuss		172	77	26.03	128	Yes	0	0	1000	9999	3	-1	75.2	7	13.3	1.2	0	CAROTID	1	67	96.7	4.1	217	8	5	3.8	454	3	5	4.3	FEMORAL	1	67	171.9	5.6	153	3	4	3.6	470	3	4	5.3


SiteA Pressure 	 Site A ECG 	 SiteB Pressure 	 Site B ECG
842.0	538.0	797.0	526.0
849.0	552.0	797.0	513.0
853.0	535.0	795.0	528.0
855.0	557.0	794.0	531.0
857.0	555.0	794.0	515.0
857.0	560.0	794.0	529.0
858.0	576.0	794.0	519.0
857.0	571.0	797.0	521.0
858.0	586.0	813.0	532.0
861.0	595.0	836.0	518.0
865.0	598.0	858.0	541.0
869.0	619.0	874.0	531.0
870.0	615.0	885.0	535.0
874.0	617.0	898.0	558.0
874.0	635.0	907.0	544.0
875.0	617.0	918.0	562.0
877.0	623.0	927.0	571.0
877.0	589.0	936.0	567.0
878.0	579.0	941.0	596.0
877.0	567.0	948.0	589.0
875.0	543.0	949.0	607.0
874.0	547.0	953.0	622.0
869.0	536.0	953.0	609.0
863.0	523.0	951.0	622.0
853.0	535.0	950.0	601.0
840.0	515.0	949.0	579.0
823.0	524.0	948.0	575.0
808.0	526.0	943.0	533.0
791.0	515.0	941.0	533.0
786.0	529.0	939.0	512.0
786.0	511.0	938.0	497.0
788.0	515.0	936.0	509.0
788.0	529.0	933.0	493.0
788.0	513.0	933.0	494.0
786.0	526.0	931.0	493.0
786.0	521.0	929.0	491.0
785.0	516.0	925.0	511.0
782.0	527.0	922.0	483.0
779.0	511.0	917.0	489.0
778.0	521.0	913.0	495.0
773.0	517.0	907.0	485.0
770.0	503.0	901.0	498.0
766.0	527.0	897.0	487.0
762.0	513.0	893.0	491.0
759.0	513.0	890.0	499.0
758.0	521.0	886.0	486.0
756.0	512.0	885.0	496.0
754.0	523.0	882.0	498.0
751.0	511.0	879.0	484.0
749.0	519.0	877.0	507.0
747.0	532.0	874.0	491.0
745.0	515.0	870.0	495.0
741.0	523.0	868.0	505.0
738.0	519.0	866.0	492.0
734.0	519.0	863.0	515.0
733.0	527.0	862.0	499.0
730.0	506.0	861.0	499.0
730.0	523.0	861.0	507.0
726.0	521.0	861.0	491.0
724.0	507.0	859.0	507.0
722.0	529.0	858.0	503.0
718.0	509.0	858.0	503.0
717.0	515.0	857.0	512.0
714.0	527.0	855.0	504.0
712.0	509.0	854.0	515.0
709.0	523.0	853.0	510.0
708.0	520.0	852.0	509.0
706.0	519.0	850.0	525.0
703.0	530.0	850.0	509.0
702.0	513.0	849.0	515.0
701.0	536.0	849.0	524.0
698.0	536.0	848.0	521.0
698.0	525.0	848.0	528.0
697.0	537.0	848.0	515.0
694.0	514.0	846.0	516.0
693.0	519.0	846.0	525.0
690.0	525.0	845.0	507.0
687.0	511.0	845.0	519.0
685.0	531.0	845.0	514.0
683.0	515.0	843.0	507.0
682.0	516.0	843.0	522.0
681.0	527.0	842.0	510.0
681.0	507.0	842.0	520.0
680.0	528.0	840.0	515.0
677.0	517.0	840.0	508.0
677.0	521.0	838.0	521.0
674.0	529.0	837.0	510.0
672.0	511.0	837.0	511.0
669.0	523.0	836.0	515.0
669.0	521.0	834.0	503.0
667.0	509.0	833.0	519.0
667.0	524.0	832.0	514.0
666.0	503.0	829.0	501.0
666.0	489.0	829.0	499.0
663.0	505.0	826.0	495.0
621.0	605.0	825.0	626.0
619.0	781.0	823.0	805.0
618.0	945.0	821.0	933.0
618.0	982.0	821.0	919.0
618.0	807.0	820.0	709.0
618.0	607.0	818.0	539.0
618.0	511.0	815.0	503.0
618.0	537.0	814.0	531.0
618.0	573.0	813.0	535.0
618.0	519.0	811.0	505.0
618.0	521.0	810.0	491.0
619.0	527.0	808.0	511.0
621.0	531.0	806.0	501.0
621.0	531.0	805.0	512.0
623.0	523.0	805.0	505.0
630.0	531.0	804.0	497.0
646.0	537.0	802.0	515.0
669.0	518.0	802.0	503.0
694.0	537.0	801.0	515.0
720.0	526.0	800.0	518.0
741.0	533.0	797.0	506.0
759.0	537.0	797.0	521.0
774.0	523.0	797.0	507.0
789.0	544.0	797.0	516.0
802.0	533.0	797.0	525.0
810.0	529.0	798.0	513.0
818.0	547.0	805.0	531.0
825.0	525.0	821.0	521.0
829.0	545.0	843.0	521.0
830.0	545.0	861.0	535.0
830.0	544.0	875.0	520.0
830.0	565.0	886.0	541.0
829.0	555.0	894.0	548.0
829.0	571.0	905.0	550.0
832.0	591.0	914.0	577.0
833.0	582.0	922.0	571.0
837.0	607.0	929.0	584.0
841.0	603.0	933.0	599.0
843.0	611.0	938.0	595.0
845.0	627.0	938.0	611.0
849.0	611.0	938.0	602.0
850.0	630.0	936.0	601.0
850.0	611.0	933.0	597.0
851.0	587.0	932.0	566.0
850.0	587.0	929.0	563.0
849.0	557.0	925.0	538.0
848.0	553.0	922.0	522.0
843.0	543.0	919.0	521.0
837.0	525.0	918.0	493.0
830.0	537.0	916.0	505.0
820.0	525.0	914.0	505.0
806.0	521.0	910.0	497.0
791.0	525.0	909.0	509.0
776.0	513.0	906.0	487.0
762.0	529.0	904.0	498.0
759.0	519.0	901.0	499.0
759.0	518.0	897.0	489.0
762.0	531.0	893.0	509.0
762.0	511.0	886.0	507.0
762.0	523.0	879.0	507.0
762.0	521.0	875.0	511.0
759.0	512.0	872.0	496.0
758.0	529.0	869.0	512.0
757.0	510.0	866.0	500.0
754.0	517.0	863.0	499.0
750.0	527.0	862.0	517.0
747.0	513.0	859.0	501.0
746.0	533.0	858.0	507.0
745.0	516.0	854.0	507.0
744.0	517.0	852.0	490.0
744.0	528.0	850.0	503.0
741.0	513.0	849.0	495.0
741.0	525.0	848.0	491.0
737.0	519.0	845.0	497.0
733.0	516.0	845.0	479.0
729.0	527.0	843.0	497.0
725.0	509.0	842.0	488.0
722.0	523.0	841.0	490.0
720.0	522.0	840.0	504.0
717.0	507.0	837.0	485.0
714.0	527.0	837.0	507.0
712.0	520.0	837.0	501.0
709.0	520.0	837.0	494.0
706.0	529.0	837.0	507.0
703.0	513.0	836.0	492.0
702.0	535.0	834.0	493.0
701.0	525.0	834.0	495.0
699.0	516.0	834.0	482.0
698.0	529.0	834.0	501.0
695.0	518.0	834.0	485.0
693.0	528.0	833.0	490.0
690.0	529.0	834.0	499.0
686.0	521.0	834.0	480.0
683.0	541.0	834.0	496.0
681.0	529.0	834.0	494.0
678.0	532.0	834.0	488.0
676.0	535.0	833.0	503.0
673.0	528.0	830.0	479.0
670.0	551.0	829.0	499.0
669.0	537.0	829.0	496.0
667.0	539.0	829.0	493.0
666.0	551.0	827.0	501.0
663.0	529.0	827.0	465.0
661.0	541.0	826.0	480.0
660.0	531.0	825.0	590.0
657.0	525.0	823.0	751.0
657.0	545.0	822.0	907.0
656.0	528.0	821.0	881.0
654.0	535.0	820.0	700.0
653.0	532.0	818.0	531.0
651.0	519.0	817.0	466.0
650.0	531.0	815.0	507.0
649.0	517.0	815.0	515.0
648.0	532.0	813.0	489.0
645.0	534.0	813.0	491.0
645.0	516.0	811.0	485.0
645.0	531.0	810.0	498.0
642.0	531.0	808.0	499.0
641.0	529.0	805.0	477.0
641.0	541.0	805.0	504.0
640.0	507.0	805.0	497.0
638.0	508.0	805.0	501.0
637.0	563.0	804.0	515.0
637.0	714.0	802.0	495.0
637.0	913.0	801.0	501.0
637.0	975.0	801.0	500.0
637.0	898.0	798.0	497.0
637.0	673.0	797.0	509.0
637.0	514.0	797.0	497.0
637.0	531.0	797.0	503.0
638.0	559.0	805.0	506.0
640.0	543.0	821.0	496.0
640.0	530.0	842.0	513.0
638.0	515.0	859.0	503.0
637.0	545.0	874.0	509.0
637.0	527.0	884.0	529.0
638.0	517.0	891.0	525.0
642.0	537.0	901.0	541.0
653.0	519.0	909.0	545.0
674.0	528.0	917.0	553.0
697.0	527.0	925.0	573.0
720.0	522.0	930.0	568.0
741.0	542.0	934.0	589.0
759.0	523.0	938.0	587.0
773.0	531.0	941.0	582.0
786.0	539.0	942.0	591.0
797.0	527.0	941.0	561.0
810.0	541.0	941.0	552.0
818.0	533.0	939.0	534.0
826.0	537.0	937.0	507.0
832.0	557.0	933.0	519.0
834.0	544.0	930.0	491.0
836.0	561.0	928.0	485.0
834.0	556.0	925.0	495.0
834.0	559.0	923.0	477.0
833.0	583.0	922.0	493.0
830.0	571.0	918.0	483.0
829.0	587.0	916.0	477.0
832.0	601.0	914.0	501.0
834.0	599.0	909.0	479.0
837.0	617.0	906.0	491.0
840.0	611.0	901.0	489.0
842.0	623.0	898.0	479.0
842.0	629.0	893.0	491.0
843.0	601.0	889.0	481.0
843.0	603.0	885.0	491.0
843.0	584.0	882.0	499.0
842.0	563.0	878.0	483.0
841.0	555.0	875.0	502.0
837.0	527.0	874.0	488.0
833.0	533.0	870.0	487.0
825.0	526.0	869.0	505.0
814.0	515.0	866.0	483.0
802.0	525.0	863.0	501.0
789.0	508.0	862.0	498.0
774.0	522.0	861.0	483.0
762.0	521.0	861.0	503.0
758.0	509.0	859.0	481.0
758.0	519.0	858.0	497.0
757.0	513.0	857.0	491.0
758.0	511.0	855.0	483.0
759.0	525.0	854.0	509.0
759.0	507.0	854.0	501.0
759.0	523.0	853.0	510.0
758.0	519.0	854.0	507.0
757.0	513.0	853.0	484.0
754.0	528.0	852.0	507.0
750.0	511.0	850.0	497.0
746.0	525.0	849.0	496.0
744.0	523.0	846.0	503.0
741.0	515.0	845.0	488.0
741.0	531.0	845.0	501.0
742.0	513.0	845.0	494.0
741.0	517.0	845.0	493.0
740.0	525.0	845.0	507.0
735.0	513.0	846.0	489.0
733.0	517.0	845.0	497.0
729.0	513.0	846.0	499.0
725.0	514.0	845.0	489.0
722.0	525.0	845.0	509.0
720.0	510.0	837.0	546.0
717.0	529.0	837.0	545.0
717.0	531.0	837.0	553.0
714.0	517.0	837.0	533.0
710.0	533.0	837.0	543.0
708.0	517.0	836.0	539.0
706.0	531.0	834.0	535.0
703.0	525.0	834.0	549.0
702.0	515.0	834.0	534.0
699.0	533.0	834.0	539.0
698.0	518.0	834.0	548.0
693.0	524.0	834.0	531.0
690.0	531.0	833.0	555.0
686.0	513.0	833.0	539.0
683.0	535.0	830.0	532.0
682.0	531.0	829.0	548.0
681.0	525.0	829.0	534.0
680.0	533.0	829.0	550.0
677.0	513.0	827.0	541.0
676.0	532.0	826.0	540.0
674.0	525.0	823.0	555.0
672.0	514.0	822.0	529.0
670.0	528.0	820.0	517.0
669.0	510.0	818.0	537.0
669.0	523.0	817.0	647.0
667.0	523.0	815.0	856.0
666.0	508.0	814.0	989.0
663.0	527.0	813.0	972.0
662.0	511.0	813.0	784.0
661.0	519.0	813.0	570.0
660.0	532.0	813.0	524.0
657.0	507.0	811.0	563.0
654.0	525.0	810.0	568.0
651.0	517.0	810.0	547.0
650.0	518.0	808.0	515.0
649.0	535.0	806.0	543.0
646.0	503.0	805.0	543.0
645.0	499.0	805.0	527.0
644.0	538.0	804.0	535.0
642.0	660.0	802.0	525.0
642.0	867.0	802.0	531.0
642.0	950.0	801.0	539.0
642.0	883.0	800.0	523.0
642.0	695.0	798.0	542.0
642.0	511.0	797.0	537.0
644.0	519.0	797.0	537.0
645.0	539.0	797.0	549.0
645.0	526.0	797.0	536.0
645.0	516.0	802.0	551.0
646.0	501.0	813.0	541.0
646.0	521.0	836.0	542.0
648.0	515.0	858.0	560.0
648.0	501.0	875.0	548.0
649.0	515.0	887.0	555.0
653.0	501.0	897.0	557.0
666.0	517.0	905.0	555.0
685.0	523.0	914.0	575.0
708.0	506.0	922.0	568.0
730.0	530.0	932.0	581.0
750.0	512.0	938.0	595.0
769.0	517.0	943.0	595.0
782.0	525.0	949.0	615.0
793.0	515.0	950.0	614.0
804.0	527.0	950.0	623.0
811.0	521.0	949.0	635.0
820.0	523.0	949.0	619.0
826.0	543.0	946.0	626.0
829.0	523.0	943.0	599.0
830.0	543.0	942.0	575.0
830.0	535.0	941.0	577.0
829.0	536.0	938.0	545.0
829.0	565.0	937.0	543.0
826.0	551.0	934.0	539.0
826.0	575.0	932.0	517.0
826.0	581.0	930.0	525.0
826.0	584.0	928.0	509.0
829.0	609.0	925.0	517.0
832.0	601.0	923.0	520.0
832.0	606.0	921.0	509.0
832.0	624.0	917.0	524.0
833.0	595.0	914.0	514.0
833.0	597.0	912.0	517.0
832.0	573.0	907.0	524.0
830.0	552.0	904.0	511.0
827.0	562.0	898.0	524.0
825.0	527.0	894.0	523.0
820.0	530.0	891.0	512.0
813.0	519.0	890.0	527.0
804.0	505.0	885.0	509.0
789.0	526.0	884.0	524.0
776.0	511.0	881.0	521.0
758.0	505.0	877.0	511.0
746.0	515.0	874.0	525.0
746.0	497.0	872.0	517.0
746.0	511.0	868.0	519.0
745.0	507.0	866.0	523.0
746.0	507.0	865.0	508.0
746.0	519.0	863.0	523.0
746.0	501.0	862.0	517.0
747.0	518.0	861.0	511.0
747.0	519.0	859.0	519.0
746.0	508.0	859.0	507.0
744.0	521.0	858.0	525.0
741.0	501.0	858.0	521.0
738.0	513.0	857.0	513.0
737.0	519.0	857.0	533.0
735.0	507.0	855.0	517.0
734.0	523.0	853.0	518.0
731.0	511.0	853.0	525.0
730.0	514.0	851.0	507.0
726.0	524.0	850.0	525.0
725.0	498.0	849.0	513.0
722.0	515.0	849.0	512.0
718.0	509.0	849.0	525.0
715.0	506.0	849.0	513.0
714.0	521.0	849.0	519.0
709.0	503.0	849.0	524.0
708.0	516.0	848.0	517.0
703.0	511.0	846.0	527.0
701.0	501.0	845.0	506.0
698.0	518.0	845.0	520.0
695.0	505.0	845.0	524.0
693.0	521.0	843.0	509.0
693.0	513.0	842.0	533.0
690.0	501.0	842.0	523.0
689.0	527.0	841.0	527.0
686.0	516.0	841.0	530.0
682.0	515.0	838.0	512.0
677.0	521.0	837.0	526.0
674.0	507.0	836.0	515.0
673.0	521.0	834.0	516.0
672.0	517.0	834.0	523.0
670.0	509.0	833.0	507.0
669.0	522.0	833.0	521.0
669.0	511.0	833.0	519.0
667.0	516.0	833.0	511.0
666.0	517.0	832.0	524.0
662.0	511.0	829.0	509.0
661.0	531.0	829.0	517.0
661.0	519.0	827.0	520.0
661.0	522.0	826.0	511.0
661.0	528.0	822.0	527.0
658.0	508.0	821.0	517.0
657.0	527.0	821.0	517.0
654.0	519.0	821.0	527.0
651.0	514.0	820.0	511.0
649.0	519.0	818.0	507.0
646.0	488.0	818.0	491.0
645.0	507.0	817.0	541.0
642.0	589.0	815.0	718.0
641.0	753.0	813.0	893.0
638.0	919.0	813.0	973.0
637.0	915.0	811.0	866.0
637.0	775.0	810.0	638.0
637.0	587.0	810.0	519.0
637.0	495.0	810.0	518.0
637.0	531.0	809.0	556.0
637.0	531.0	809.0	543.0
637.0	510.0	808.0	498.0
637.0	509.0	806.0	521.0
637.0	500.0	805.0	521.0
637.0	519.0	805.0	516.0
637.0	505.0	805.0	517.0
637.0	505.0	805.0	503.0
637.0	525.0	804.0	524.0
644.0	505.0	804.0	520.0
658.0	519.0	802.0	513.0
677.0	516.0	802.0	524.0
699.0	509.0	800.0	515.0
722.0	532.0	797.0	521.0
741.0	513.0	797.0	525.0
756.0	515.0	795.0	511.0
767.0	526.0	794.0	535.0
781.0	505.0	797.0	533.0
790.0	531.0	808.0	529.0
800.0	514.0	829.0	547.0
805.0	521.0	853.0	533.0
810.0	533.0	872.0	547.0
811.0	521.0	884.0	537.0
813.0	541.0	893.0	539.0
811.0	545.0	902.0	562.0
810.0	539.0	912.0	552.0
810.0	559.0	919.0	575.0
809.0	554.0	927.0	583.0
809.0	577.0	933.0	589.0
810.0	587.0	938.0	609.0
813.0	577.0	942.0	606.0
814.0	605.0	945.0	615.0
814.0	598.0	946.0	626.0
815.0	599.0	946.0	607.0
815.0	605.0	946.0	619.0
814.0	568.0	946.0	590.0
813.0	575.0	945.0	575.0
813.0	563.0	942.0	566.0
811.0	538.0	939.0	531.0
809.0	545.0	937.0	539.0
804.0	515.0	933.0	521.0
795.0	527.0	932.0	513.0
786.0	527.0	930.0	518.0
774.0	515.0	926.0	503.0
762.0	538.0	923.0	506.0
746.0	513.0	922.0	508.0
733.0	522.0	918.0	487.0
731.0	533.0	914.0	507.0
733.0	518.0	912.0	496.0
733.0	531.0	907.0	501.0
731.0	526.0	904.0	508.0
733.0	518.0	898.0	493.0
733.0	527.0	893.0	515.0
733.0	517.0	889.0	503.0
733.0	529.0	885.0	500.0
733.0	525.0	881.0	511.0
730.0	513.0	877.0	493.0
729.0	533.0	874.0	503.0
727.0	521.0	870.0	509.0
726.0	527.0	866.0	501.0
726.0	539.0	863.0	513.0
726.0	523.0	861.0	503.0
725.0	536.0	858.0	501.0
724.0	525.0	858.0	517.0
720.0	527.0	855.0	503.0
717.0	530.0	855.0	515.0
714.0	518.0	854.0	499.0
713.0	525.0	853.0	501.0
710.0	513.0	853.0	509.0
706.0	515.0	853.0	496.0
705.0	533.0	852.0	507.0
702.0	509.0	850.0	499.0
699.0	523.0	850.0	495.0
698.0	520.0	850.0	515.0
695.0	507.0	850.0	499.0
694.0	524.0	850.0	507.0
692.0	513.0	850.0	500.0
689.0	521.0	850.0	485.0
686.0	530.0	850.0	501.0
682.0	515.0	849.0	497.0
681.0	532.0	850.0	499.0
677.0	519.0	850.0	511.0
676.0	521.0	849.0	497.0
674.0	523.0	850.0	509.0
672.0	503.0	848.0	496.0
669.0	528.0	846.0	497.0
669.0	517.0	846.0	525.0
666.0	504.0	845.0	500.0
663.0	519.0	845.0	519.0
662.0	509.0	842.0	509.0
661.0	517.0	842.0	503.0
661.0	523.0	840.0	515.0
658.0	507.0	837.0	503.0
657.0	526.0	837.0	500.0
654.0	513.0	836.0	503.0
650.0	521.0	834.0	492.0
648.0	529.0	833.0	509.0
644.0	509.0	833.0	504.0
642.0	503.0	830.0	501.0
641.0	491.0	829.0	510.0
638.0	573.0	827.0	497.0
637.0	739.0	826.0	507.0
635.0	887.0	825.0	503.0
634.0	932.0	822.0	493.0
634.0	785.0	821.0	513.0
634.0	582.0	821.0	494.0
634.0	511.0	820.0	511.0
634.0	509.0	818.0	511.0
635.0	533.0	818.0	487.0
635.0	517.0	818.0	489.0
634.0	493.0	818.0	517.0
634.0	519.0	817.0	669.0
633.0	507.0	815.0	864.0
631.0	512.0	813.0	933.0
630.0	513.0	811.0	863.0
629.0	503.0	810.0	643.0
637.0	522.0	810.0	502.0
651.0	515.0	809.0	506.0
670.0	509.0	809.0	523.0
693.0	529.0	808.0	527.0
714.0	514.0	805.0	493.0
733.0	529.0	805.0	489.0
751.0	528.0	805.0	519.0
770.0	519.0	804.0	500.0
785.0	537.0	802.0	513.0
797.0	521.0	801.0	511.0
805.0	541.0	798.0	500.0
810.0	539.0	797.0	519.0
811.0	525.0	795.0	506.0
813.0	549.0	794.0	515.0
814.0	534.0	791.0	519.0
813.0	549.0	789.0	495.0
813.0	570.0	789.0	516.0
814.0	559.0	786.0	523.0
815.0	582.0	785.0	514.0
818.0	587.0	786.0	523.0
820.0	589.0	789.0	513.0
822.0	611.0	801.0	534.0
825.0	596.0	822.0	532.0
827.0	616.0	845.0	523.0
829.0	621.0	862.0	539.0
829.0	598.0	875.0	534.0
829.0	603.0	885.0	545.0
829.0	567.0	895.0	555.0
827.0	557.0	905.0	551.0
826.0	555.0	913.0	580.0
821.0	527.0	919.0	577.0
818.0	535.0	925.0	583.0
813.0	515.0	930.0	601.0
805.0	507.0	933.0	592.0
794.0	517.0	936.0	615.0
781.0	501.0	937.0	606.0
767.0	511.0	938.0	595.0
751.0	512.0	937.0	595.0
744.0	495.0	936.0	565.0
745.0	519.0	934.0	557.0
745.0	502.0	933.0	544.0
745.0	509.0	930.0	523.0
746.0	514.0	926.0	529.0
746.0	505.0	923.0	507.0
746.0	517.0	921.0	509.0
744.0	505.0	917.0	511.0
741.0	512.0	914.0	500.0
741.0	527.0	910.0	521.0
738.0	503.0	907.0	505.0
735.0	525.0	906.0	503.0
733.0	517.0	901.0	521.0
730.0	511.0	895.0	500.0
729.0	525.0	891.0	519.0
726.0	507.0	885.0	505.0
725.0	525.0	879.0	497.0
722.0	527.0	874.0	518.0
720.0	513.0	869.0	502.0
717.0	529.0	866.0	515.0
715.0	509.0	861.0	515.0
714.0	518.0	858.0	499.0
710.0	523.0	853.0	523.0
708.0	509.0	852.0	505.0
705.0	521.0	850.0	507.0
703.0	515.0	849.0	519.0
701.0	517.0	846.0	499.0
701.0	530.0	845.0	513.0
698.0	518.0	845.0	511.0
698.0	536.0	845.0	515.0
695.0	533.0	843.0	520.0
693.0	523.0	842.0	497.0
692.0	527.0	843.0	507.0
689.0	511.0	843.0	515.0
686.0	523.0	843.0	499.0
683.0	523.0	843.0	513.0
682.0	507.0	842.0	498.0
680.0	526.0	841.0	503.0
677.0	511.0	841.0	515.0
676.0	513.0	841.0	501.0
674.0	521.0	841.0	519.0
672.0	503.0	841.0	503.0
669.0	525.0	840.0	499.0
667.0	517.0	838.0	521.0
666.0	508.0	837.0	510.0
666.0	527.0	837.0	527.0
665.0	509.0	837.0	526.0
663.0	525.0	836.0	517.0
661.0	525.0	836.0	523.0
661.0	521.0	834.0	506.0
658.0	518.0	833.0	517.0
656.0	495.0	833.0	515.0
653.0	524.0	830.0	501.0
650.0	649.0	829.0	524.0
646.0	815.0	829.0	504.0
645.0	942.0	827.0	503.0
646.0	886.0	827.0	521.0
646.0	709.0	826.0	501.0
646.0	553.0	826.0	523.0
645.0	506.0	825.0	513.0
646.0	550.0	823.0	507.0
645.0	539.0	822.0	523.0
645.0	505.0	821.0	507.0
646.0	523.0	820.0	525.0
648.0	517.0	818.0	523.0
648.0	521.0	818.0	517.0
649.0	518.0	818.0	525.0
649.0	504.0	818.0	501.0
651.0	523.0	818.0	539.0
661.0	514.0	817.0	680.0
681.0	520.0	815.0	853.0
701.0	523.0	815.0	961.0
725.0	513.0	814.0	871.0
746.0	529.0	813.0	673.0
765.0	521.0	813.0	532.0
781.0	521.0	813.0	509.0
797.0	536.0	811.0	551.0
809.0	517.0	810.0	535.0
818.0	529.0	806.0	502.0
823.0	529.0	805.0	517.0
829.0	526.0	802.0	517.0
832.0	545.0	801.0	524.0
833.0	534.0	800.0	517.0
833.0	549.0	798.0	505.0
834.0	552.0	797.0	530.0
834.0	544.0	795.0	522.0
834.0	570.0	794.0	521.0
836.0	577.0	793.0	531.0
838.0	582.0	790.0	517.0
842.0	603.0	789.0	533.0
848.0	599.0	788.0	517.0
850.0	614.0	786.0	519.0
850.0	617.0	784.0	529.0
852.0	611.0	782.0	516.0
853.0	611.0	786.0	530.0
853.0	577.0	797.0	529.0
853.0	577.0	818.0	521.0
853.0	560.0	841.0	545.0
852.0	539.0	858.0	533.0
850.0	537.0	870.0	547.0
845.0	515.0	881.0	555.0
837.0	531.0	890.0	548.0
829.0	529.0	898.0	567.0
814.0	508.0	906.0	566.0
800.0	523.0	914.0	587.0
784.0	513.0	921.0	602.0
765.0	511.0	926.0	591.0
757.0	523.0	930.0	610.0
759.0	505.0	933.0	611.0
759.0	523.0	936.0	603.0
762.0	514.0	934.0	609.0
762.0	516.0	933.0	579.0
762.0	529.0	933.0	571.0
761.0	507.0	932.0	553.0
759.0	522.0	929.0	533.0
758.0	527.0	926.0	543.0
754.0	511.0	923.0	517.0
751.0	531.0	922.0	519.0
747.0	520.0	917.0	521.0
746.0	517.0	914.0	506.0
744.0	525.0	909.0	517.0
742.0	517.0	906.0	507.0
740.0	531.0	902.0	511.0
738.0	517.0	900.0	521.0
735.0	519.0	897.0	499.0
734.0	529.0	893.0	519.0
731.0	513.0	890.0	513.0
730.0	529.0	885.0	500.0
727.0	523.0	881.0	519.0
725.0	521.0	875.0	507.0
722.0	527.0	872.0	519.0
720.0	507.0	866.0	521.0
717.0	523.0	863.0	506.0
714.0	527.0	861.0	530.0
712.0	511.0	859.0	517.0
709.0	529.0	858.0	527.0
706.0	521.0	857.0	521.0
703.0	527.0	855.0	519.0
702.0	533.0	854.0	533.0
699.0	517.0	853.0	520.0
697.0	537.0	850.0	519.0
693.0	523.0	850.0	531.0
690.0	517.0	850.0	511.0
687.0	529.0	850.0	529.0
685.0	513.0	850.0	525.0
685.0	529.0	850.0	512.0
682.0	525.0	850.0	533.0
681.0	510.0	849.0	515.0
678.0	525.0	849.0	531.0
676.0	516.0	848.0	531.0
672.0	514.0	845.0	519.0
669.0	527.0	845.0	528.0
667.0	514.0	843.0	525.0
666.0	532.0	842.0	525.0
666.0	519.0	841.0	538.0
662.0	528.0	840.0	535.0
661.0	536.0	837.0	547.0
658.0	510.0	837.0	539.0
656.0	513.0	837.0	527.0
653.0	500.0	837.0	534.0
650.0	545.0	836.0	525.0
648.0	706.0	834.0	539.0
645.0	857.0	832.0	539.0
645.0	939.0	829.0	526.0
644.0	842.0	829.0	537.0
642.0	635.0	829.0	519.0
642.0	522.0	829.0	529.0
642.0	509.0	829.0	538.0
642.0	538.0	829.0	523.0
642.0	532.0	827.0	536.0
642.0	495.0	826.0	522.0
641.0	513.0	826.0	527.0
642.0	513.0	825.0	542.0
641.0	503.0	823.0	523.0
642.0	517.0	823.0	535.0
644.0	507.0	822.0	533.0
653.0	519.0	821.0	519.0
670.0	516.0	821.0	517.0
692.0	506.0	821.0	525.0
715.0	519.0	821.0	661.0
738.0	503.0	820.0	839.0
759.0	504.0	818.0	959.0
779.0	511.0	817.0	931.0
797.0	505.0	815.0	721.0
811.0	526.0	813.0	549.0
821.0	513.0	813.0	529.0
826.0	515.0	813.0	557.0
829.0	527.0	811.0	561.0
830.0	517.0	810.0	525.0
833.0	533.0	809.0	521.0
834.0	529.0	806.0	550.0
834.0	527.0	805.0	533.0
834.0	553.0	804.0	538.0
836.0	543.0	802.0	537.0
838.0	554.0	801.0	533.0
842.0	567.0	798.0	547.0
845.0	567.0	797.0	537.0
850.0	593.0	794.0	543.0
853.0	589.0	794.0	535.0
857.0	600.0	791.0	525.0
858.0	608.0	790.0	547.0
858.0	582.0	789.0	531.0
858.0	595.0	789.0	533.0
858.0	563.0	789.0	542.0
857.0	555.0	797.0	527.0
854.0	551.0	814.0	540.0
850.0	520.0	837.0	544.0
845.0	523.0	858.0	533.0
842.0	512.0	872.0	556.0
834.0	502.0	882.0	547.0
826.0	512.0	891.0	561.0
813.0	495.0	901.0	565.0
798.0	503.0	909.0	561.0
783.0	509.0	918.0	593.0
766.0	490.0	925.0	580.0
758.0	511.0	933.0	597.0
759.0	494.0	938.0	615.0
759.0	503.0	939.0	608.0
761.0	501.0	942.0	628.0
762.0	495.0	942.0	621.0
761.0	506.0	941.0	608.0
759.0	499.0	939.0	606.0
758.0	499.0	938.0	579.0
754.0	509.0	936.0	573.0
751.0	492.0	933.0	552.0
749.0	507.0	930.0	535.0
746.0	502.0	926.0	540.0
742.0	493.0	923.0	514.0
741.0	517.0	921.0	523.0
741.0	499.0	918.0	521.0
740.0	506.0	916.0	511.0
738.0	509.0	913.0	523.0
735.0	505.0	910.0	515.0
733.0	520.0	907.0	513.0
730.0	496.0	905.0	520.0
726.0	503.0	901.0	501.0
722.0	518.0	898.0	519.0
719.0	495.0	893.0	511.0
717.0	510.0	889.0	507.0
714.0	509.0	884.0	524.0
712.0	501.0	878.0	505.0
709.0	515.0	874.0	521.0
708.0	493.0	872.0	524.0
706.0	503.0	869.0	515.0
703.0	509.0	868.0	531.0
699.0	495.0	866.0	521.0
697.0	513.0	863.0	529.0
693.0	493.0	862.0	528.0
690.0	509.0	861.0	503.0
686.0	519.0	861.0	523.0
683.0	507.0	858.0	515.0
682.0	525.0	857.0	511.0
678.0	508.0	855.0	527.0
677.0	508.0	854.0	507.0
674.0	522.0	853.0	517.0
673.0	501.0	854.0	519.0
670.0	517.0	853.0	512.0
669.0	511.0	853.0	529.0
667.0	502.0	853.0	510.0
666.0	518.0	853.0	519.0
663.0	505.0	853.0	521.0
663.0	510.0	853.0	509.0
662.0	517.0	852.0	529.0
658.0	503.0	850.0	517.0
657.0	524.0	850.0	522.0
654.0	509.0	850.0	521.0
651.0	506.0	849.0	517.0
650.0	527.0	848.0	541.0
645.0	503.0	846.0	527.0
644.0	525.0	846.0	529.0
641.0	511.0	845.0	541.0
638.0	491.0	845.0	525.0
637.0	507.0	845.0	529.0
634.0	563.0	845.0	527.0
634.0	736.0	845.0	524.0
634.0	893.0	845.0	533.0
634.0	939.0	843.0	519.0
634.0	819.0	842.0	532.0
634.0	607.0	841.0	531.0
634.0	505.0	840.0	509.0
634.0	530.0	838.0	532.0
634.0	534.0	837.0	517.0
634.0	529.0	837.0	521.0
634.0	500.0	834.0	529.0
634.0	503.0	834.0	520.0
635.0	521.0	834.0	531.0
635.0	504.0	833.0	520.0
635.0	515.0	833.0	523.0
641.0	509.0	832.0	521.0
653.0	499.0	829.0	491.0
674.0	515.0	829.0	525.0
698.0	504.0	827.0	654.0
724.0	510.0	825.0	831.0
746.0	517.0	822.0	965.0
769.0	507.0	821.0	899.0
788.0	521.0	820.0	703.0
802.0	501.0	818.0	533.0
813.0	508.0	817.0	508.0
821.0	515.0	815.0	560.0
825.0	509.0	814.0	535.0
827.0	525.0	813.0	508.0
832.0	520.0	811.0	523.0
834.0	516.0	810.0	519.0
836.0	535.0	810.0	529.0
837.0	527.0	807.0	522.0
837.0	539.0	805.0	519.0
840.0	551.0	804.0	530.0
842.0	551.0	802.0	516.0
849.0	574.0	801.0	527.0
853.0	562.0	800.0	526.0
858.0	585.0	798.0	514.0
861.0	599.0	797.0	529.0
865.0	591.0	797.0	521.0
866.0	610.0	797.0	525.0
869.0	595.0	797.0	534.0
869.0	581.0	801.0	528.0
869.0	575.0	813.0	539.0
868.0	545.0	836.0	533.0
866.0	538.0	858.0	535.0
861.0	522.0	873.0	551.0
858.0	505.0	885.0	541.0
853.0	511.0	893.0	560.0
848.0	495.0	902.0	560.0
841.0	505.0	910.0	563.0
829.0	509.0	919.0	585.0
813.0	486.0	929.0	585.0
797.0	513.0	937.0	593.0
779.0	495.0	942.0	611.0
770.0	503.0	946.0	604.0
772.0	510.0	949.0	635.0
773.0	493.0	950.0	626.0
776.0	507.0	949.0	629.0
776.0	497.0	949.0	629.0
774.0	501.0	949.0	601.0
773.0	513.0	946.0	596.0
770.0	495.0	945.0	571.0
769.0	510.0	942.0	553.0
766.0	509.0	939.0	549.0
762.0	497.0	938.0	528.0
758.0	513.0	934.0	533.0
754.0	501.0	932.0	525.0
750.0	509.0	930.0	513.0
747.0	515.0	928.0	525.0
746.0	500.0	925.0	517.0
744.0	523.0	923.0	515.0
741.0	511.0	921.0	520.0
741.0	511.0	917.0	503.0
738.0	527.0	913.0	525.0
734.0	505.0	909.0	509.0
731.0	518.0	904.0	509.0
727.0	514.0	898.0	527.0
725.0	499.0	894.0	512.0
722.0	517.0	891.0	521.0
717.0	495.0	890.0	524.0
715.0	507.0	886.0	514.0
713.0	508.0	884.0	529.0
709.0	507.0	882.0	504.0
709.0	513.0	878.0	518.0
706.0	500.0	877.0	515.0
703.0	504.0	874.0	509.0
701.0	513.0	872.0	527.0
698.0	499.0	869.0	515.0
693.0	523.0	868.0	507.0
689.0	515.0	866.0	519.0
685.0	511.0	863.0	501.0
682.0	525.0	863.0	520.0
678.0	507.0	862.0	509.0
677.0	523.0	861.0	509.0
674.0	520.0	861.0	514.0
672.0	520.0	861.0	495.0
669.0	539.0	861.0	513.0
667.0	517.0	859.0	514.0
667.0	525.0	858.0	506.0
666.0	531.0	858.0	525.0
665.0	519.0	858.0	501.0
663.0	526.0	857.0	511.0
662.0	510.0	855.0	519.0
661.0	513.0	854.0	500.0
661.0	525.0	853.0	519.0
660.0	501.0	853.0	503.0
657.0	525.0	852.0	505.0
653.0	521.0	852.0	519.0
650.0	513.0	850.0	505.0
649.0	519.0	850.0	523.0
648.0	510.0	850.0	519.0
646.0	525.0	849.0	509.0
645.0	519.0	849.0	522.0
645.0	507.0	848.0	509.0
645.0	529.0	848.0	520.0
644.0	515.0	846.0	514.0
642.0	519.0	846.0	509.0
642.0	509.0	845.0	526.0
640.0	489.0	845.0	505.0
640.0	584.0	843.0	513.0
640.0	743.0	842.0	519.0
638.0	907.0	840.0	505.0
638.0	961.0	838.0	520.0
637.0	813.0	837.0	509.0
637.0	614.0	837.0	508.0
637.0	510.0	837.0	521.0
635.0	526.0	836.0	511.0
635.0	561.0	834.0	521.0
635.0	521.0	833.0	523.0
635.0	515.0	832.0	513.0
635.0	517.0	830.0	519.0
634.0	515.0	829.0	485.0
634.0	533.0	829.0	547.0
634.0	521.0	827.0	707.0
642.0	526.0	826.0	877.0
660.0	531.0	825.0	981.0
683.0	519.0	823.0	879.0
709.0	535.0	822.0	661.0
733.0	531.0	821.0	521.0
754.0	519.0	820.0	512.0
773.0	529.0	818.0	559.0
790.0	517.0	815.0	531.0
805.0	531.0	813.0	501.0
818.0	531.0	813.0	515.0
825.0	528.0	810.0	518.0
832.0	542.0	810.0	527.0
837.0	532.0	809.0	511.0
842.0	536.0	809.0	509.0
842.0	539.0	809.0	527.0
842.0	535.0	808.0	509.0
841.0	559.0	806.0	509.0
841.0	545.0	805.0	526.0
842.0	560.0	805.0	511.0
848.0	582.0	804.0	534.0
853.0	575.0	802.0	523.0
859.0	597.0	801.0	519.0
863.0	597.0	801.0	532.0
866.0	603.0	805.0	521.0
869.0	631.0	818.0	533.0
870.0	607.0	842.0	533.0
872.0	613.0	862.0	531.0
873.0	607.0	878.0	549.0
874.0	589.0	890.0	539.0
874.0	580.0	901.0	549.0
874.0	547.0	910.0	560.0
870.0	535.0	919.0	556.0
868.0	535.0	929.0	589.0
861.0	515.0	936.0	577.0
854.0	528.0	941.0	593.0
845.0	509.0	946.0	607.0
833.0	506.0	948.0	604.0
818.0	517.0	949.0	619.0
802.0	509.0	949.0	621.0
785.0	523.0	949.0	615.0
774.0	523.0	946.0	627.0
773.0	508.0	943.0	591.0
773.0	523.0	941.0	595.0
774.0	506.0	939.0	565.0
773.0	514.0	938.0	542.0
773.0	525.0	938.0	547.0
772.0	514.0	938.0	527.0
770.0	527.0	937.0	527.0
766.0	513.0	937.0	533.0
762.0	517.0	934.0	513.0
758.0	527.0	933.0	527.0
756.0	511.0	930.0	514.0
754.0	527.0	927.0	516.0
751.0	524.0	925.0	529.0
749.0	518.0	922.0	514.0
746.0	529.0	917.0	526.0
745.0	519.0	914.0	520.0
742.0	529.0	907.0	511.0
741.0	529.0	904.0	527.0
738.0	513.0	898.0	513.0
737.0	533.0	893.0	525.0
734.0	519.0	889.0	516.0
730.0	522.0	885.0	513.0
729.0	529.0	882.0	533.0
725.0	513.0	878.0	525.0
722.0	528.0	875.0	523.0
720.0	521.0	874.0	525.0
717.0	521.0	872.0	512.0
715.0	528.0	869.0	520.0
714.0	508.0	869.0	519.0
710.0	528.0	868.0	519.0
708.0	523.0	866.0	525.0
705.0	512.0	866.0	514.0
702.0	535.0	865.0	520.0
699.0	507.0	865.0	519.0
698.0	518.0	863.0	505.0
695.0	527.0	863.0	523.0
693.0	509.0	862.0	515.0
692.0	529.0	861.0	519.0
690.0	515.0	861.0	527.0
687.0	519.0	859.0	513.0
686.0	529.0	859.0	533.0
685.0	513.0	858.0	516.0
685.0	534.0	858.0	517.0
683.0	535.0	858.0	534.0
682.0	531.0	858.0	515.0
681.0	545.0	858.0	522.0
677.0	523.0	858.0	512.0
674.0	534.0	858.0	513.0
672.0	527.0	858.0	529.0
669.0	523.0	858.0	509.0
667.0	535.0	857.0	515.0
666.0	521.0	855.0	517.0
665.0	531.0	853.0	514.0
662.0	531.0	853.0	541.0
658.0	515.0	852.0	531.0
658.0	533.0	850.0	524.0
656.0	521.0	849.0	531.0
653.0	526.0	846.0	508.0
653.0	535.0	845.0	533.0
651.0	520.0	845.0	518.0
650.0	536.0	843.0	519.0
650.0	527.0	842.0	525.0
649.0	523.0	841.0	510.0
648.0	543.0	840.0	525.0
645.0	524.0	837.0	519.0
645.0	520.0	837.0	519.0
642.0	503.0	837.0	529.0
641.0	541.0	836.0	513.0
640.0	707.0	834.0	528.0
640.0	877.0	833.0	525.0
641.0	985.0	832.0	525.0
642.0	905.0	829.0	543.0
642.0	685.0	829.0	531.0
644.0	539.0	826.0	526.0
645.0	519.0	826.0	521.0
645.0	557.0	825.0	499.0
645.0	551.0	825.0	577.0
645.0	507.0	823.0	738.0
648.0	517.0	822.0	924.0
649.0	529.0	821.0	998.0
649.0	517.0	821.0	855.0
649.0	528.0	820.0	642.0
651.0	511.0	818.0	511.0
662.0	522.0	814.0	525.0
682.0	530.0	813.0	566.0
708.0	516.0	813.0	530.0
733.0	533.0	811.0	515.0
757.0	523.0	810.0	520.0
779.0	527.0	809.0	525.0
797.0	535.0	809.0	533.0
813.0	515.0	806.0	511.0
826.0	536.0	805.0	515.0
837.0	525.0	805.0	533.0
846.0	526.0	802.0	520.0
853.0	540.0	801.0	529.0
858.0	528.0	798.0	527.0
861.0	547.0	797.0	525.0
863.0	550.0	795.0	537.0
863.0	541.0	794.0	518.0
866.0	563.0	793.0	523.0
868.0	558.0	794.0	530.0
869.0	576.0	797.0	525.0
872.0	590.0	813.0	549.0
875.0	587.0	837.0	530.0
879.0	609.0	858.0	539.0
884.0	606.0	874.0	557.0
885.0	613.0	885.0	542.0
890.0	627.0	895.0	565.0
891.0	605.0	906.0	559.0
894.0	616.0	914.0	568.0
893.0	596.0	923.0	589.0
893.0	567.0	933.0	578.0
890.0	575.0	939.0	602.0
886.0	540.0	946.0	607.0
884.0	537.0	949.0	609.0
879.0	531.0	953.0	630.0
874.0	516.0	954.0	619.0
866.0	534.0	954.0	627.0
855.0	514.0	954.0	625.0
841.0	513.0	953.0	597.0
823.0	525.0	951.0	598.0
806.0	508.0	949.0	569.0
793.0	525.0	948.0	553.0
790.0	510.0	942.0	549.0
789.0	513.0	938.0	521.0
790.0	522.0	934.0	539.0
790.0	513.0	932.0	525.0
790.0	522.0	928.0	523.0
789.0	521.0	925.0	527.0
789.0	519.0	922.0	515.0
786.0	523.0	918.0	521.0
782.0	515.0	916.0	523.0
779.0	522.0	912.0	511.0
777.0	528.0	907.0	527.0
773.0	521.0	902.0	507.0
769.0	538.0	895.0	522.0
765.0	517.0	890.0	527.0
762.0	523.0	885.0	505.0
758.0	534.0	882.0	525.0
756.0	517.0	878.0	513.0
753.0	525.0	875.0	519.0
750.0	524.0	874.0	531.0
746.0	522.0	870.0	511.0
744.0	531.0	869.0	527.0
741.0	510.0	869.0	515.0
738.0	525.0	866.0	517.0
733.0	522.0	865.0	528.0
730.0	515.0	862.0	511.0
726.0	528.0	861.0	528.0
725.0	517.0	859.0	521.0
722.0	520.0	858.0	514.0
718.0	533.0	858.0	529.0
717.0	503.0	858.0	516.0
714.0	523.0	858.0	519.0
713.0	518.0	858.0	519.0
712.0	516.0	858.0	508.0
709.0	527.0	858.0	518.0
706.0	512.0	857.0	513.0
703.0	527.0	855.0	508.0
701.0	522.0	855.0	517.0
699.0	512.0	854.0	506.0
697.0	539.0	853.0	521.0
693.0	517.0	853.0	513.0
690.0	527.0	850.0	502.0
686.0	528.0	850.0	521.0
683.0	512.0	848.0	513.0
682.0	535.0	846.0	513.0
680.0	531.0	845.0	514.0
677.0	538.0	845.0	507.0
676.0	546.0	845.0	526.0
672.0	521.0	843.0	509.0
670.0	537.0	842.0	523.0
669.0	523.0	842.0	539.0
667.0	523.0	841.0	516.0
667.0	532.0	840.0	521.0
666.0	523.0	838.0	511.0
666.0	535.0	837.0	511.0
663.0	525.0	837.0	527.0
661.0	517.0	837.0	511.0
658.0	532.0	836.0	521.0
654.0	521.0	834.0	523.0
653.0	525.0	833.0	519.0
653.0	529.0	832.0	537.0
653.0	514.0	830.0	527.0
653.0	537.0	829.0	536.0
653.0	529.0	830.0	541.0
651.0	535.0	829.0	525.0
650.0	545.0	830.0	549.0
650.0	521.0	829.0	531.0
649.0	519.0	829.0	527.0
649.0	522.0	829.0	549.0
649.0	605.0	827.0	540.0
650.0	808.0	826.0	545.0
650.0	945.0	825.0	507.0
650.0	977.0	823.0	515.0
649.0	815.0	821.0	627.0
649.0	583.0	820.0	803.0
650.0	521.0	818.0	968.0
649.0	536.0	815.0	978.0
649.0	553.0	813.0	795.0
649.0	533.0	813.0	589.0
648.0	499.0	811.0	509.0
649.0	535.0	810.0	555.0
649.0	527.0	809.0	575.0
650.0	519.0	808.0	522.0
650.0	531.0	805.0	529.0
657.0	525.0	805.0	524.0
673.0	532.0	804.0	520.0
694.0	532.0	802.0	528.0
718.0	528.0	802.0	504.0
742.0	536.0	801.0	526.0
763.0	513.0	801.0	518.0
782.0	527.0	800.0	513.0
797.0	540.0	797.0	526.0
813.0	528.0	797.0	513.0
826.0	543.0	795.0	528.0
836.0	529.0	794.0	531.0
842.0	538.0	794.0	515.0
849.0	552.0	794.0	529.0
853.0	535.0	794.0	519.0
855.0	557.0	797.0	521.0
857.0	555.0	813.0	532.0
857.0	560.0	836.0	518.0
858.0	576.0	858.0	541.0
857.0	571.0	874.0	531.0
858.0	586.0	885.0	535.0
