510
507
505
503
500
498
496
493
491
488
486
483
481
479
477
475
473
472
471
469
468
466
465
463
462
460
459
458
456
455
455
454
453
452
452
451
450
450
449
448
447
446
444
443
442
441
440
439
437
436
434
432
431
429
428
427
426
426
426
425
426
428
431
437
446
457
471
487
505
524
541
557
571
581
587
591
593
593
594
594
595
595
596
597
598
599
599
599
598
596
594
591
586
579
571
561
550
539
528
520
514
509
505
504
503
503
503
504
504
504
504
503
503
501
500
498
496
494
492
489
487
485
483
481
479
478
475
473
471
469
467
465
464
462
461
460
459
457
456
455
454
452
450
449
448
447
446
445
444
443
442
442
442
442
441
440
439
437
435
434
432
431
429
428
427
426
425
424
423
423
423
422
422
423
425
430
439
450
463
479
496
514
532
548
562
573
580
584
586
587
587
586
586
587
587
588
588
589
588
588
587
586
583
580
575
569
561
552
541
531
521
514
507
503
500
499
498
498
499
500
501
501
500
499
498
497
495
493
491
489
487
484
481
478
475
473
471
469
467
466
464
462
460
459
457
455
454
452
450
449
448
447
445
443
441
440
439
438
438
437
437
436
435
435
434
433
432
431
431
430
429
429
428
427
426
425
424
424
423
422
421
420
420
420
419
419
419
419
419
420
424
431
441
454
469
487
506
525
543
558
571
580
587
591
594
595
596
598
599
600
602
603
603
604
604
604
603
602
600
596
592
586
580
571
561
551
541
532
523
517
512
509
507
506
506
506
506
506
505
504
503
502
500
499
496
494
492
489
487
484
481
478
476
474
472
470
469
467
465
463
461
459
458
456
454
453
452
451
450
448
447
445
444
443
442
441
441
440
439
439
439
437
436
435
433
433
432
432
431
431
430
429
427
425
423
421
421
420
419
418
418
418
417
417
417
418
421
427
436
448
463
479
498
517
535
551
565
574
580
583
585
587
588
589
590
591
593
594
595
595
595
594
593
591
589
586
581
575
567
557
546
535
525
516
509
503
499
496
495
494
494
495
495
496
496
495
495
494
492
491
489
487
484
482
479
477
475
472
470
468
466
464
461
459
457
455
452
450
449
447
446
445
444
443
441
440
439
437
436
435
433
432
431
430
429
429
429
428
428
427
426
424
423
423
422
422
422
421
421
419
418
417
415
414
412
411
411
410
409
408
408
408
409
413
420
429
441
457
474
493
512
529
543
555
562
567
569
569
569
568
567
567
567
567
568
569
569
569
569
568
566
563
559
554
546
537
527
517
508
500
493
488
485
483
483
483
484
485
486
486
486
485
483
482
480
478
476
474
472
470
467
464
462
460
458
456
455
453
452
450
448
446
444
442
440
439
438
437
436
435
435
434
433
432
431
431
430
429
429
428
427
426
426
425
424
423
423
422
421
420
419
417
416
414
413
412
410
409
408
408
407
406
406
405
406
407
410
416
425
436
450
466
484
503
521
537
550
560
567
570
572
573
574
575
576
577
578
580
581
582
583
583
582
581
579
575
571
565
558
550
540
529
519
510
502
495
490
487
485
484
485
486
487
487
487
487
485
484
482
481
479
477
474
472
469
466
463
461
459
457
455
453
450
448
446
444
442
441
440
438
436
434
433
432
431
429
428
427
426
424
423
423
421
420
419
418
417
415
415
414
413
412
411
410
408
407
406
404
403
402
401
400
399
398
397
397
397
397
398
401
405
413
424
438
456
475
496
517
535
551
563
571
576
579
581
582
583
584
586
588
589
591
592
592
593
592
591
590
587
584
580
575
568
559
548
537
525
515
506
499
494
491
489
488
487
487
487
487
488
488
487
486
485
483
481
479
476
474
472
469
467
465
463
461
458
456
454
452
450
448
446
444
442
440
438
437
435
434
433
431
430
428
427
426
425
424
423
422
420
419
418
417
416
415
414
412
411
410
408
406
405
404
403
402
401
401
400
400
400
399
400
402
407
416
428
443
460
479
499
518
535
550
561
570
575
578
580
580
581
582
583
584
585
586
588
588
588
588
586
584
581
578
572
565
556
546
534
522
512
503
497
492
489
487
487
486
487
487
488
488
487
486
485
483
482
479
478
475
473
470
467
465
462
459
457
454
452
450
448
446
444
442
441
439
438
437
436
435
434
433
431
430
429
427
426
425
424
423
422
422
421
420
419
418
417
416
415
414
413
412
411
410
409
407
405
404
403
402
401
402
402
401
401
403
406
413
423
436
452
471
491
511
530
546
559
569
575
579
581
582
583
584
585
586
588
588
589
589
589
589
587
585
583
579
575
568
559
548
536
524
513
503
496
491
488
486
485
485
486
487
488
488
487
487
485
483
481
479
477
474
471
469
466
464
462
459
457
455
453
451
449
447
445
444
442
440
438
437
435
433
431
430
430
429
429
429
428
427
426
424
423
422
421
420
419
418
417
415
413
412
410
408
407
406
405
404
403
402
401
400
400
399
400
402
407
416
427
441
459
477
497
516
534
549
561
569
573
575
576
575
575
575
574
574
575
575
576
576
577
576
575
572
568
563
555
546
535
523
511
502
493
486
482
479
479
479
481
483
484
485
485
485
484
483
481
479
477
475
473
470
467
465
462
459
457
454
451
449
447
445
443
441
439
437
435
434
433
432
431
430
429
428
427
426
425
424
423
422
421
420
420
419
419
418
416
414
412
411
409
408
407
406
406
406
405
404
403
403
403
405
410
419
432
448
467
487
509
530
549
565
577
585
590
593
594
595
595
595
596
596
597
598
599
599
600
599
597
595
592
588
582
574
565
554
541
529
517
507
499
494
491
490
490
490
491
492
493
493
492
491
490
488
486
483
481
478
475
473
471
468
466
463
461
458
455
453
451
450
448
447
446
444
442
441
439
438
436
435
433
432
431
430
430
429
428
426
425
423
421
419
422
421
421
419
418
417
415
414
412
411
411
410
409
408
408
408
409
413
420
429
441
457
474
493
512
529
543
555
562
567
569
569
569
568
567
567
567
567
568
569
569
569
569
568
566
563
559
554
546
537
527
517
508
500
493
488
485
483
483
483
484
485
486
486
486
485
483
482
480
478
476
474
472
470
467
464
462
460
458
456
455
453
452
450
448
446
444
442
440
439
438
437
436
435
435
434
433
432
431
431
430
429
429
428
427
426
426
425
424
423
423
422
421
420
419
417
416
414
413
412
410
409
408
408
407
406
406
405
406
407
410
416
425
436
450
466
484
503
521
537
550
560
567
570
572
573
574
575
576
577
578
580
581
582
583
583
582
581
579
575
571
565
558
550
540
529
519
510
502
495
490
487
485
484
485
486
487
487
487
487
485
484
482
481
479
477
474
472
469
466
463
461
459
457
455
453
450
448
446
444
442
441
440
438
436
434
433
432
431
429
428
427
426
424
423
423
421
420
419
418
417
415
415
414
413
412
411
410
408
407
406
404
403
402
401
400
399
398
397
397
397
397
398
401
405
413
424
438
456
475
496
517
535
551
563
571
576
579
581
582
583
584
586
588
589
591
592
592
593
592
591
590
587
584
580
575
568
559
548
537
525
515
506
499
494
491
489
488
487
487
487
487
488
488
487
486
485
483
481
479
476
474
472
469
467
465
463
461
458
456
454
452
450
448
446
444
442
440
438
437
435
434
433
431
430
428
427
426
425
424
423
422
420
419
418
417
416
415
414
412
411
410
408
406
405
404
403
402
401
401
400
400
400
399
400
402
407
416
428
443
460
479
499
518
535
550
561
570
575
578
580
580
581
582
583
584
585
586
588
588
588
588
586
584
581
578
572
565
556
546
534
522
512
503
497
492
489
487
487
486
487
487
488
488
487
486
485
483
482
479
478
475
473
470
467
465
462
459
457
454
452
450
448
446
444
442
441
439
438
437
436
435
434
433
431
430
429
427
426
425
424
423
422
422
421
420
419
418
417
416
415
414
413
412
411
410
409
407
405
404
403
402
401
402
402
401
401
403
406
413
423
436
452
471
491
511
530
546
559
569
575
579
581
582
583
584
585
586
588
588
589
589
589
589
587
585
583
579
575
568
559
548
536
524
513
503
496
491
488
486
485
485
486
487
488
488
487
487
485
483
481
479
477
474
471
469
466
464
462
459
457
455
453
451
449
447
445
444
442
440
438
437
435
433
431
430
430
429
429
429
428
427
426
424
423
422
421
420
419
418
417
415
413
412
410
408
407
406
405
404
403
402
401
400
400
399
400
402
407
416
427
441
459
477
497
516
534
549
561
569
573
575
576
575
575
575
574
574
575
575
576
576
577
576
575
572
568
563
555
546
535
523
511
502
493
486
482
479
479
479
481
483
484
485
485
485
484
483
481
479
477
475
473
470
467
465
462
459
457
454
451
449
447
445
443
441
439
437
435
434
433
432
431
430
429
428
427
426
425
424
423
422
421
420
420
419
419
418
416
414
412
411
409
408
407
406
406
406
405
404
403
403
403
405
410
419
432
448
467
487
509
530
549
565
577
585
590
593
594
595
595
595
596
596
597
598
599
599
600
599
597
595
592
588
582
574
565
554
541
529
517
507
499
494
491
490
490
490
491
492
493
493
492
491
490
488
486
483
481
478
475
473
471
468
466
463
461
458
455
453
451
450
448
447
446
444
442
441
439
438
436
435
433
432
431
430
430
429
428
426
425
423
421
419
