102
101
101
100
100
100
99
99
98
98
97
97
96
96
95
95
95
94
94
94
94
93
93
93
93
92
92
92
91
91
91
91
91
91
91
90
90
90
90
90
90
89
89
89
89
89
88
88
88
88
87
87
87
86
86
86
86
86
86
85
86
86
87
88
89
92
94
97
101
105
108
111
114
116
117
117
118
118
118
118
118
118
118
119
119
119
119
119
119
118
118
117
117
115
114
112
110
107
105
104
103
102
101
101
100
100
100
101
101
101
101
100
100
100
100
100
99
99
98
98
97
97
97
96
96
96
95
95
94
94
94
93
93
93
92
92
92
92
91
91
91
91
90
90
90
90
89
89
89
89
89
89
89
89
89
88
88
88
87
87
87
87
86
86
86
86
85
85
85
85
85
85
85
85
85
86
88
90
93
96
99
103
106
109
112
114
115
116
117
117
117
117
117
117
117
117
117
117
117
117
117
117
116
115
114
113
112
110
108
106
104
103
101
100
100
100
100
100
100
100
100
100
100
100
100
99
99
99
98
98
97
97
96
96
95
95
94
94
94
93
93
93
92
92
92
91
91
91
90
90
90
90
89
89
89
88
88
88
88
88
88
88
87
87
87
87
87
87
87
86
86
86
86
86
86
85
85
85
85
85
85
84
84
84
84
84
84
84
84
84
85
87
89
91
94
97
101
105
108
111
114
115
117
117
118
118
118
119
119
119
120
120
120
120
120
120
120
120
119
118
118
117
115
114
112
110
108
106
104
103
102
102
101
101
101
101
101
101
101
101
100
100
100
100
99
99
98
98
97
97
96
96
95
95
94
94
94
94
93
93
92
92
92
91
91
91
91
90
90
90
90
89
89
89
89
89
89
88
88
88
88
88
88
87
87
87
87
87
87
87
86
86
86
85
85
85
85
84
84
84
84
84
84
84
84
84
85
86
88
90
93
96
100
103
107
110
112
114
115
116
116
117
117
117
117
117
118
118
118
118
118
118
118
117
117
117
116
114
113
111
109
107
105
103
102
100
100
99
99
99
99
99
99
99
99
99
99
99
98
98
98
97
97
96
96
95
95
94
94
94
93
93
92
92
92
91
91
90
90
90
89
89
89
89
89
88
88
88
88
87
87
87
87
86
86
86
86
86
86
86
86
85
85
85
85
85
85
85
85
84
84
84
83
83
83
83
83
83
82
82
82
82
82
83
84
86
89
92
95
99
102
106
108
111
112
113
113
113
113
113
113
113
113
113
113
113
113
113
113
113
113
112
111
110
109
107
105
103
101
100
99
98
97
97
97
97
97
97
97
97
97
97
97
96
96
96
95
95
94
94
94
93
93
92
92
91
91
91
91
90
90
89
89
89
88
88
88
88
88
87
87
87
87
87
87
87
86
86
86
86
86
86
86
85
85
85
85
85
85
84
84
84
84
83
83
83
83
82
82
82
82
82
82
82
82
82
83
84
85
88
90
93
97
100
104
107
110
111
113
113
114
114
114
114
115
115
115
115
116
116
116
116
116
116
115
114
114
112
111
110
108
106
104
102
100
99
98
97
97
97
97
97
97
97
97
97
97
97
96
96
96
95
95
94
94
93
93
92
92
92
91
91
90
90
89
89
89
89
88
88
88
87
87
87
87
86
86
86
86
85
85
85
85
84
84
84
84
83
83
83
83
83
83
83
82
82
82
81
81
81
81
81
80
80
80
80
80
80
80
81
82
83
85
88
91
95
99
103
107
110
112
114
115
115
116
116
116
116
117
117
117
117
118
118
118
118
117
117
117
116
115
114
113
111
109
107
105
103
101
100
99
98
98
98
97
97
97
97
98
98
97
97
97
97
96
96
95
95
94
94
94
93
93
92
92
91
91
91
90
90
89
89
89
88
88
88
87
87
87
87
86
86
86
86
85
85
85
85
84
84
84
84
84
83
83
83
83
83
82
82
82
81
81
81
81
81
81
81
81
80
81
81
82
84
86
89
92
96
100
103
107
110
112
113
114
115
115
115
116
116
116
116
116
117
117
117
117
117
117
116
116
115
114
112
111
109
106
104
102
100
99
98
98
97
97
97
97
97
98
98
97
97
97
97
96
96
96
95
95
94
94
93
93
92
92
91
91
90
90
89
89
89
89
88
88
88
88
87
87
87
87
86
86
86
86
85
85
85
85
85
85
84
84
84
84
84
83
83
83
83
83
83
82
82
82
81
81
81
81
81
81
81
81
81
82
83
85
88
91
94
98
102
106
109
111
113
114
115
116
116
116
116
116
117
117
117
117
117
117
117
117
116
116
115
114
113
111
109
107
105
102
100
99
98
98
97
97
97
97
97
98
98
97
97
97
97
96
96
95
95
94
94
93
93
93
92
92
91
91
90
90
90
89
89
89
88
88
88
87
87
87
86
86
86
86
86
86
86
86
85
85
85
85
84
84
84
84
83
83
83
83
82
82
82
82
81
81
81
81
81
81
80
81
81
82
84
86
89
92
95
99
103
106
109
112
113
114
114
115
114
114
114
114
114
114
114
115
115
115
115
114
114
113
112
111
109
107
104
102
100
99
97
96
96
96
96
96
97
97
97
97
97
97
97
96
96
95
95
95
94
94
93
93
92
92
91
90
90
90
89
89
89
88
88
87
87
87
87
87
86
86
86
86
86
85
85
85
85
85
84
84
84
84
84
84
83
83
83
82
82
82
82
82
82
82
81
81
81
81
82
83
84
87
90
94
97
102
106
109
112
115
116
117
118
118
118
118
118
118
118
119
119
119
119
119
119
119
118
118
117
116
114
112
110
108
106
103
101
100
99
98
98
98
98
98
98
99
99
98
98
98
98
97
97
96
96
95
95
94
94
93
93
92
92
91
91
90
90
90
90
89
89
89
89
88
88
88
87
87
87
87
86
86
86
86
86
85
85
85
84
85
85
85
84
84
84
83
83
83
83
83
83
82
82
82
82
82
83
84
86
89
92
95
99
102
106
108
111
112
113
113
113
113
113
113
113
113
113
113
113
113
113
113
113
113
112
111
110
109
107
105
103
101
100
99
98
97
97
97
97
97
97
97
97
97
97
97
96
96
96
95
95
94
94
94
93
93
92
92
91
91
91
91
90
90
89
89
89
88
88
88
88
88
87
87
87
87
87
87
87
86
86
86
86
86
86
86
85
85
85
85
85
85
84
84
84
84
83
83
83
83
82
82
82
82
82
82
82
82
82
83
84
85
88
90
93
97
100
104
107
110
111
113
113
114
114
114
114
115
115
115
115
116
116
116
116
116
116
115
114
114
112
111
110
108
106
104
102
100
99
98
97
97
97
97
97
97
97
97
97
97
97
96
96
96
95
95
94
94
93
93
92
92
92
91
91
90
90
89
89
89
89
88
88
88
87
87
87
87
86
86
86
86
85
85
85
85
84
84
84
84
83
83
83
83
83
83
83
82
82
82
81
81
81
81
81
80
80
80
80
80
80
80
81
82
83
85
88
91
95
99
103
107
110
112
114
115
115
116
116
116
116
117
117
117
117
118
118
118
118
117
117
117
116
115
114
113
111
109
107
105
103
101
100
99
98
98
98
97
97
97
97
98
98
97
97
97
97
96
96
95
95
94
94
94
93
93
92
92
91
91
91
90
90
89
89
89
88
88
88
87
87
87
87
86
86
86
86
85
85
85
85
84
84
84
84
84
83
83
83
83
83
82
82
82
81
81
81
81
81
81
81
81
80
81
81
82
84
86
89
92
96
100
103
107
110
112
113
114
115
115
115
116
116
116
116
116
117
117
117
117
117
117
116
116
115
114
112
111
109
106
104
102
100
99
98
98
97
97
97
97
97
98
98
97
97
97
97
96
96
96
95
95
94
94
93
93
92
92
91
91
90
90
89
89
89
89
88
88
88
88
87
87
87
87
86
86
86
86
85
85
85
85
85
85
84
84
84
84
84
83
83
83
83
83
83
82
82
82
81
81
81
81
81
81
81
81
81
82
83
85
88
91
94
98
102
106
109
111
113
114
115
116
116
116
116
116
117
117
117
117
117
117
117
117
116
116
115
114
113
111
109
107
105
102
100
99
98
98
97
97
97
97
97
98
98
97
97
97
97
96
96
95
95
94
94
93
93
93
92
92
91
91
90
90
90
89
89
89
88
88
88
87
87
87
86
86
86
86
86
86
86
86
85
85
85
85
84
84
84
84
83
83
83
83
82
82
82
82
81
81
81
81
81
81
80
81
81
82
84
86
89
92
95
99
103
106
109
112
113
114
114
115
114
114
114
114
114
114
114
115
115
115
115
114
114
113
112
111
109
107
104
102
100
99
97
96
96
96
96
96
97
97
97
97
97
97
97
96
96
95
95
95
94
94
93
93
92
92
91
90
90
90
89
89
89
88
88
87
87
87
87
87
86
86
86
86
86
85
85
85
85
85
84
84
84
84
84
84
83
83
83
82
82
82
82
82
82
82
81
81
81
81
82
83
84
87
90
94
97
102
106
109
112
115
116
117
118
118
118
118
118
118
118
119
119
119
119
119
119
119
118
118
117
116
114
112
110
108
106
103
101
100
99
98
98
98
98
98
98
99
99
98
98
98
98
97
97
96
96
95
95
94
94
93
93
92
92
91
91
90
90
90
90
89
89
89
89
88
88
88
87
87
87
87
86
86
86
86
86
85
85
85
84
