306.8	300
311.82	300
318.11	300
325.75	300
334.78	300
345.26	300
357.25	300
370.71	300
385.59	300
401.8	300
419.18	300
437.57	300
456.79	300
476.63	300
496.87	300
517.32	300
537.77	300
558.02	300
577.86	300
597.12	300
615.66	306.8
633.35	311.82
650.1	318.11
665.86	325.75
680.6	334.78
694.28	345.26
706.9	357.25
718.46	370.71
729	385.59
738.54	401.8
747.16	419.18
754.89	437.57
761.8	456.79
767.94	476.63
773.36	496.87
778.11	517.32
782.24	537.77
785.81	558.02
788.88	577.86
791.5	597.12
793.72	615.66
795.55	633.35
797.02	650.1
798.17	665.86
799.03	680.6
799.63	694.28
799.98	706.9
800.1	718.46
800.01	729
799.72	738.54
799.23	747.16
798.55	754.89
797.68	761.8
796.64	767.94
795.44	773.36
794.09	778.11
792.58	782.24
790.88	785.81
789.01	788.88
786.98	791.5
784.81	793.72
782.49	795.55
780	797.02
777.36	798.17
774.56	799.03
771.62	799.63
768.55	799.98
765.35	800.1
762.02	800.01
758.58	799.72
755.02	799.23
751.34	798.55
747.52	797.68
743.57	796.64
739.48	795.44
735.25	794.09
730.87	792.58
726.35	790.88
721.67	789.01
716.81	786.98
711.74	784.81
706.45	782.49
700.91	780
695.12	777.36
689.06	774.56
682.7	771.62
676.04	768.55
669.04	765.35
661.71	762.02
654.04	758.58
646.06	755.02
637.77	751.34
629.19	747.52
620.36	743.57
611.31	739.48
602.1	735.25
592.81	730.87
583.51	726.35
574.29	721.67
565.22	716.81
556.36	711.74
547.78	706.45
539.52	700.91
531.64	695.12
524.19	689.06
517.2	682.7
510.7	676.04
504.68	669.04
499.15	661.71
494.08	654.04
489.48	646.06
485.33	637.77
481.6	629.19
478.26	620.36
475.29	611.31
472.65	602.1
470.29	592.81
468.21	583.51
466.39	574.29
464.8	565.22
463.42	556.36
462.21	547.78
461.15	539.52
460.21	531.64
459.36	524.19
458.6	517.2
457.92	510.7
457.29	504.68
456.68	499.15
456.05	494.08
455.42	489.48
454.8	485.33
454.19	481.6
453.54	478.26
452.84	475.29
452.08	472.65
451.28	470.29
450.44	468.21
449.54	466.39
448.54	464.8
447.46	463.42
446.33	462.21
445.15	461.15
443.91	460.21
442.58	459.36
441.18	458.6
439.75	457.92
438.29	457.29
436.8	456.68
435.26	456.05
433.67	455.42
432.04	454.8
430.38	454.19
428.72	453.54
427.04	452.84
425.35	452.08
423.67	451.28
422	450.44
420.34	449.54
418.68	448.54
417.01	447.46
415.35	446.33
413.71	445.15
412.08	443.91
410.48	442.58
408.9	441.18
407.32	439.75
405.73	438.29
404.12	436.8
402.52	435.26
400.97	433.67
399.43	432.04
397.91	430.38
396.37	428.72
394.82	427.04
393.24	425.35
391.66	423.67
390.08	422
388.51	420.34
386.96	418.68
385.42	417.01
383.9	415.35
382.39	413.71
380.91	412.08
379.43	410.48
377.97	408.9
376.53	407.32
375.11	405.73
373.72	404.12
372.35	402.52
370.99	400.97
369.63	399.43
368.27	397.91
366.9	396.37
365.54	394.82
364.21	393.24
362.9	391.66
361.58	390.08
360.22	388.51
358.83	386.96
357.44	385.42
356.06	383.9
354.69	382.39
353.31	380.91
351.95	379.43
350.61	377.97
349.31	376.53
348.02	375.11
346.73	373.72
345.44	372.35
344.18	370.99
342.97	369.63
341.78	368.27
340.62	366.9
339.48	365.54
338.36	364.21
337.26	362.9
336.19	361.58
335.15	360.22
334.13	358.83
333.17	357.44
332.26	356.06
331.42	354.69
330.8	353.31
330.18	351.95
329.57	350.61
328.95	349.31
328.34	348.02
327.72	346.73
327.1	345.44
326.49	344.18
325.87	342.97
325.26	341.78
324.64	340.62
324.02	339.48
323.41	338.36
322.79	337.26
322.18	336.19
321.56	335.15
320.94	334.13
320.33	333.17
319.71	332.26
319.1	331.42
318.48	330.8
317.86	330.18
317.25	329.57
316.63	328.95
316.02	328.34
315.4	327.72
314.78	327.1
314.17	326.49
313.55	325.87
312.94	325.26
312.32	324.64
311.7	324.02
311.09	323.41
310.47	322.79
309.86	322.18
309.24	321.56
308.62	320.94
308.01	320.33
307.39	319.71
306.78	319.1
306.16	318.48
305.54	317.86
304.93	317.25
304.31	316.63
303.7	316.02
303.08	315.4
302.46	314.78
301.85	314.17
301.23	313.55
300.62	312.94
300	300
306.8	300
311.82	300
318.11	300
325.75	300
334.78	300
345.26	300
357.25	300
370.71	300
385.59	300
401.8	300
419.18	300
437.57	300
456.79	300
476.63	300
496.87	300
517.32	300
537.77	300
558.02	300
577.86	300
597.12	300
615.66	306.8
633.35	311.82
650.1	318.11
665.86	325.75
680.6	334.78
694.28	345.26
706.9	357.25
718.46	370.71
729	385.59
738.54	401.8
747.16	419.18
754.89	437.57
761.8	456.79
767.94	476.63
773.36	496.87
778.11	517.32
782.24	537.77
785.81	558.02
788.88	577.86
791.5	597.12
793.72	615.66
795.55	633.35
797.02	650.1
798.17	665.86
799.03	680.6
799.63	694.28
799.98	706.9
800.1	718.46
800.01	729
799.72	738.54
799.23	747.16
798.55	754.89
797.68	761.8
796.64	767.94
795.44	773.36
794.09	778.11
792.58	782.24
790.88	785.81
789.01	788.88
786.98	791.5
784.81	793.72
782.49	795.55
780	797.02
777.36	798.17
774.56	799.03
771.62	799.63
768.55	799.98
765.35	800.1
762.02	800.01
758.58	799.72
755.02	799.23
751.34	798.55
747.52	797.68
743.57	796.64
739.48	795.44
735.25	794.09
730.87	792.58
726.35	790.88
721.67	789.01
716.81	786.98
711.74	784.81
706.45	782.49
700.91	780
695.12	777.36
689.06	774.56
682.7	771.62
676.04	768.55
669.04	765.35
661.71	762.02
654.04	758.58
646.06	755.02
637.77	751.34
629.19	747.52
620.36	743.57
611.31	739.48
602.1	735.25
592.81	730.87
583.51	726.35
574.29	721.67
565.22	716.81
556.36	711.74
547.78	706.45
539.52	700.91
531.64	695.12
524.19	689.06
517.2	682.7
510.7	676.04
504.68	669.04
499.15	661.71
494.08	654.04
489.48	646.06
485.33	637.77
481.6	629.19
478.26	620.36
475.29	611.31
472.65	602.1
470.29	592.81
468.21	583.51
466.39	574.29
464.8	565.22
463.42	556.36
462.21	547.78
461.15	539.52
460.21	531.64
459.36	524.19
458.6	517.2
457.92	510.7
457.29	504.68
456.68	499.15
456.05	494.08
455.42	489.48
454.8	485.33
454.19	481.6
453.54	478.26
452.84	475.29
452.08	472.65
451.28	470.29
450.44	468.21
449.54	466.39
448.54	464.8
447.46	463.42
446.33	462.21
445.15	461.15
443.91	460.21
442.58	459.36
441.18	458.6
439.75	457.92
438.29	457.29
436.8	456.68
435.26	456.05
433.67	455.42
432.04	454.8
430.38	454.19
428.72	453.54
427.04	452.84
425.35	452.08
423.67	451.28
422	450.44
420.34	449.54
418.68	448.54
417.01	447.46
415.35	446.33
413.71	445.15
412.08	443.91
410.48	442.58
408.9	441.18
407.32	439.75
405.73	438.29
404.12	436.8
402.52	435.26
400.97	433.67
399.43	432.04
397.91	430.38
396.37	428.72
394.82	427.04
393.24	425.35
391.66	423.67
390.08	422
388.51	420.34
386.96	418.68
385.42	417.01
383.9	415.35
382.39	413.71
380.91	412.08
379.43	410.48
377.97	408.9
376.53	407.32
375.11	405.73
373.72	404.12
372.35	402.52
370.99	400.97
369.63	399.43
368.27	397.91
366.9	396.37
365.54	394.82
364.21	393.24
362.9	391.66
361.58	390.08
360.22	388.51
358.83	386.96
357.44	385.42
356.06	383.9
354.69	382.39
353.31	380.91
351.95	379.43
350.61	377.97
349.31	376.53
348.02	375.11
346.73	373.72
345.44	372.35
344.18	370.99
342.97	369.63
341.78	368.27
340.62	366.9
339.48	365.54
338.36	364.21
337.26	362.9
336.19	361.58
335.15	360.22
334.13	358.83
333.17	357.44
332.26	356.06
331.42	354.69
330.8	353.31
330.18	351.95
329.57	350.61
328.95	349.31
328.34	348.02
327.72	346.73
327.1	345.44
326.49	344.18
325.87	342.97
325.26	341.78
324.64	340.62
324.02	339.48
323.41	338.36
322.79	337.26
322.18	336.19
321.56	335.15
320.94	334.13
320.33	333.17
319.71	332.26
319.1	331.42
318.48	330.8
317.86	330.18
317.25	329.57
316.63	328.95
316.02	328.34
315.4	327.72
314.78	327.1
314.17	326.49
313.55	325.87
312.94	325.26
312.32	324.64
311.7	324.02
311.09	323.41
310.47	322.79
309.86	322.18
309.24	321.56
308.62	320.94
308.01	320.33
307.39	319.71
306.78	319.1
306.16	318.48
305.54	317.86
304.93	317.25
304.31	316.63
303.7	316.02
303.08	315.4
302.46	314.78
301.85	314.17
301.23	313.55
300.62	300
300	300
306.8	300
311.82	300
318.11	300
325.75	300
334.78	300
345.26	300
357.25	300
370.71	300
385.59	300
401.8	300
419.18	300
437.57	300
456.79	300
476.63	300
496.87	300
517.32	300
537.77	300
558.02	300
577.86	300
597.12	306.8
615.66	311.82
633.35	318.11
650.1	325.75
665.86	334.78
680.6	345.26
694.28	357.25
706.9	370.71
718.46	385.59
729	401.8
738.54	419.18
747.16	437.57
754.89	456.79
761.8	476.63
767.94	496.87
773.36	517.32
778.11	537.77
782.24	558.02
785.81	577.86
788.88	597.12
791.5	615.66
793.72	633.35
795.55	650.1
797.02	665.86
798.17	680.6
799.03	694.28
799.63	706.9
799.98	718.46
800.1	729
800.01	738.54
799.72	747.16
799.23	754.89
798.55	761.8
797.68	767.94
796.64	773.36
795.44	778.11
794.09	782.24
792.58	785.81
790.88	788.88
789.01	791.5
786.98	793.72
784.81	795.55
782.49	797.02
780	798.17
777.36	799.03
774.56	799.63
771.62	799.98
768.55	800.1
765.35	800.01
762.02	799.72
758.58	799.23
755.02	798.55
751.34	797.68
747.52	796.64
743.57	795.44
739.48	794.09
735.25	792.58
730.87	790.88
726.35	789.01
721.67	786.98
716.81	784.81
711.74	782.49
706.45	780
700.91	777.36
695.12	774.56
689.06	771.62
682.7	768.55
676.04	765.35
669.04	762.02
661.71	758.58
654.04	755.02
646.06	751.34
637.77	747.52
629.19	743.57
620.36	739.48
611.31	735.25
602.1	730.87
592.81	726.35
583.51	721.67
574.29	716.81
565.22	711.74
556.36	706.45
547.78	700.91
539.52	695.12
531.64	689.06
524.19	682.7
517.2	676.04
510.7	669.04
504.68	661.71
499.15	654.04
494.08	646.06
489.48	637.77
485.33	629.19
481.6	620.36
478.26	611.31
475.29	602.1
472.65	592.81
470.29	583.51
468.21	574.29
466.39	565.22
464.8	556.36
463.42	547.78
462.21	539.52
461.15	531.64
460.21	524.19
459.36	517.2
458.6	510.7
457.92	504.68
457.29	499.15
456.68	494.08
456.05	489.48
455.42	485.33
454.8	481.6
454.19	478.26
453.54	475.29
452.84	472.65
452.08	470.29
451.28	468.21
450.44	466.39
449.54	464.8
448.54	463.42
447.46	462.21
446.33	461.15
445.15	460.21
443.91	459.36
442.58	458.6
441.18	457.92
439.75	457.29
438.29	456.68
436.8	456.05
435.26	455.42
433.67	454.8
432.04	454.19
430.38	453.54
428.72	452.84
427.04	452.08
425.35	451.28
423.67	450.44
422	449.54
420.34	448.54
418.68	447.46
417.01	446.33
415.35	445.15
413.71	443.91
412.08	442.58
410.48	441.18
408.9	439.75
407.32	438.29
405.73	436.8
404.12	435.26
402.52	433.67
400.97	432.04
399.43	430.38
397.91	428.72
396.37	427.04
394.82	425.35
393.24	423.67
391.66	422
390.08	420.34
388.51	418.68
386.96	417.01
385.42	415.35
383.9	413.71
382.39	412.08
380.91	410.48
379.43	408.9
377.97	407.32
376.53	405.73
375.11	404.12
373.72	402.52
372.35	400.97
370.99	399.43
369.63	397.91
368.27	396.37
366.9	394.82
365.54	393.24
364.21	391.66
362.9	390.08
361.58	388.51
360.22	386.96
358.83	385.42
357.44	383.9
356.06	382.39
354.69	380.91
353.31	379.43
351.95	377.97
350.61	376.53
349.31	375.11
348.02	373.72
346.73	372.35
345.44	370.99
344.18	369.63
342.97	368.27
341.78	366.9
340.62	365.54
339.48	364.21
338.36	362.9
337.26	361.58
336.19	360.22
335.15	358.83
334.13	357.44
333.17	356.06
332.26	354.69
331.42	353.31
330.8	351.95
330.18	350.61
329.57	349.31
328.95	348.02
328.34	346.73
327.72	345.44
327.1	344.18
326.49	342.97
325.87	341.78
325.26	340.62
324.64	339.48
324.02	338.36
323.41	337.26
322.79	336.19
322.18	335.15
321.56	334.13
320.94	333.17
320.33	332.26
319.71	331.42
319.1	330.8
318.48	330.18
317.86	329.57
317.25	328.95
316.63	328.34
316.02	327.72
315.4	327.1
314.78	326.49
314.17	325.87
313.55	325.26
312.94	324.64
312.32	324.02
311.7	323.41
311.09	322.79
310.47	322.18
309.86	321.56
309.24	320.94
308.62	320.33
308.01	319.71
307.39	319.1
306.78	318.48
306.16	317.86
305.54	317.25
304.93	316.63
304.31	316.02
303.7	315.4
303.08	314.78
302.46	314.17
301.85	313.55
301.23	300
300.62	300
300	300
306.8	300
311.82	300
318.11	300
325.75	300
334.78	300
345.26	300
357.25	300
370.71	300
385.59	300
401.8	300
419.18	300
437.57	300
456.79	300
476.63	300
496.87	300
517.32	300
537.77	300
558.02	300
577.86	306.8
597.12	311.82
615.66	318.11
633.35	325.75
650.1	334.78
665.86	345.26
680.6	357.25
694.28	370.71
706.9	385.59
718.46	401.8
729	419.18
738.54	437.57
747.16	456.79
754.89	476.63
761.8	496.87
767.94	517.32
773.36	537.77
778.11	558.02
782.24	577.86
785.81	597.12
788.88	615.66
791.5	633.35
793.72	650.1
795.55	665.86
797.02	680.6
798.17	694.28
799.03	706.9
799.63	718.46
799.98	729
800.1	738.54
800.01	747.16
799.72	754.89
799.23	761.8
798.55	767.94
797.68	773.36
796.64	778.11
795.44	782.24
794.09	785.81
792.58	788.88
790.88	791.5
789.01	793.72
786.98	795.55
784.81	797.02
782.49	798.17
780	799.03
777.36	799.63
774.56	799.98
771.62	800.1
768.55	800.01
765.35	799.72
762.02	799.23
758.58	798.55
755.02	797.68
751.34	796.64
747.52	795.44
743.57	794.09
739.48	792.58
735.25	790.88
730.87	789.01
726.35	786.98
721.67	784.81
716.81	782.49
711.74	780
706.45	777.36
700.91	774.56
695.12	771.62
689.06	768.55
682.7	765.35
676.04	762.02
669.04	758.58
661.71	755.02
654.04	751.34
646.06	747.52
637.77	743.57
629.19	739.48
620.36	735.25
611.31	730.87
602.1	726.35
592.81	721.67
583.51	716.81
574.29	711.74
565.22	706.45
556.36	700.91
547.78	695.12
539.52	689.06
531.64	682.7
524.19	676.04
517.2	669.04
510.7	661.71
504.68	654.04
499.15	646.06
494.08	637.77
489.48	629.19
485.33	620.36
481.6	611.31
478.26	602.1
475.29	592.81
472.65	583.51
470.29	574.29
468.21	565.22
466.39	556.36
464.8	547.78
463.42	539.52
462.21	531.64
461.15	524.19
460.21	517.2
459.36	510.7
458.6	504.68
457.92	499.15
457.29	494.08
456.68	489.48
456.05	485.33
455.42	481.6
454.8	478.26
454.19	475.29
453.54	472.65
452.84	470.29
452.08	468.21
451.28	466.39
450.44	464.8
449.54	463.42
448.54	462.21
447.46	461.15
446.33	460.21
445.15	459.36
443.91	458.6
442.58	457.92
441.18	457.29
439.75	456.68
438.29	456.05
436.8	455.42
435.26	454.8
433.67	454.19
432.04	453.54
430.38	452.84
428.72	452.08
427.04	451.28
425.35	450.44
423.67	449.54
422	448.54
420.34	447.46
418.68	446.33
417.01	445.15
415.35	443.91
413.71	442.58
412.08	441.18
410.48	439.75
408.9	438.29
407.32	436.8
405.73	435.26
404.12	433.67
402.52	432.04
400.97	430.38
399.43	428.72
397.91	427.04
396.37	425.35
394.82	423.67
393.24	422
391.66	420.34
390.08	418.68
388.51	417.01
386.96	415.35
385.42	413.71
383.9	412.08
382.39	410.48
380.91	408.9
379.43	407.32
377.97	405.73
376.53	404.12
375.11	402.52
373.72	400.97
372.35	399.43
370.99	397.91
369.63	396.37
368.27	394.82
366.9	393.24
365.54	391.66
364.21	390.08
362.9	388.51
361.58	386.96
360.22	385.42
358.83	383.9
357.44	382.39
356.06	380.91
354.69	379.43
353.31	377.97
351.95	376.53
350.61	375.11
349.31	373.72
348.02	372.35
346.73	370.99
345.44	369.63
344.18	368.27
342.97	366.9
341.78	365.54
340.62	364.21
339.48	362.9
338.36	361.58
337.26	360.22
336.19	358.83
335.15	357.44
334.13	356.06
333.17	354.69
332.26	353.31
331.42	351.95
330.8	350.61
330.18	349.31
329.57	348.02
328.95	346.73
328.34	345.44
327.72	344.18
327.1	342.97
326.49	341.78
325.87	340.62
325.26	339.48
324.64	338.36
324.02	337.26
323.41	336.19
322.79	335.15
322.18	334.13
321.56	333.17
320.94	332.26
320.33	331.42
319.71	330.8
319.1	330.18
318.48	329.57
317.86	328.95
317.25	328.34
316.63	327.72
316.02	327.1
315.4	326.49
314.78	325.87
314.17	325.26
313.55	324.64
312.94	324.02
312.32	323.41
311.7	322.79
311.09	322.18
310.47	321.56
309.86	320.94
309.24	320.33
308.62	319.71
308.01	319.1
307.39	318.48
306.78	317.86
306.16	317.25
305.54	316.63
304.93	316.02
304.31	315.4
303.7	314.78
303.08	314.17
302.46	313.55
301.85	300
301.23	300
300.62	300
300	300
306.8	300
311.82	300
318.11	300
325.75	300
334.78	300
345.26	300
357.25	300
370.71	300
385.59	300
401.8	300
419.18	300
437.57	300
456.79	300
476.63	300
496.87	300
517.32	300
537.77	300
558.02	306.8
577.86	311.82
597.12	318.11
615.66	325.75
633.35	334.78
650.1	345.26
665.86	357.25
680.6	370.71
694.28	385.59
706.9	401.8
718.46	419.18
729	437.57
738.54	456.79
747.16	476.63
754.89	496.87
761.8	517.32
767.94	537.77
773.36	558.02
778.11	577.86
782.24	597.12
785.81	615.66
788.88	633.35
791.5	650.1
793.72	665.86
795.55	680.6
797.02	694.28
798.17	706.9
799.03	718.46
799.63	729
799.98	738.54
800.1	747.16
800.01	754.89
799.72	761.8
799.23	767.94
798.55	773.36
797.68	778.11
796.64	782.24
795.44	785.81
794.09	788.88
792.58	791.5
790.88	793.72
789.01	795.55
786.98	797.02
784.81	798.17
782.49	799.03
780	799.63
777.36	799.98
774.56	800.1
771.62	800.01
768.55	799.72
765.35	799.23
762.02	798.55
758.58	797.68
755.02	796.64
751.34	795.44
747.52	794.09
743.57	792.58
739.48	790.88
735.25	789.01
730.87	786.98
726.35	784.81
721.67	782.49
716.81	780
711.74	777.36
706.45	774.56
700.91	771.62
695.12	768.55
689.06	765.35
682.7	762.02
676.04	758.58
669.04	755.02
661.71	751.34
654.04	747.52
646.06	743.57
637.77	739.48
629.19	735.25
620.36	730.87
611.31	726.35
602.1	721.67
592.81	716.81
583.51	711.74
574.29	706.45
565.22	700.91
556.36	695.12
547.78	689.06
539.52	682.7
531.64	676.04
524.19	669.04
517.2	661.71
510.7	654.04
504.68	646.06
499.15	637.77
494.08	629.19
489.48	620.36
485.33	611.31
481.6	602.1
478.26	592.81
475.29	583.51
472.65	574.29
470.29	565.22
468.21	556.36
466.39	547.78
464.8	539.52
463.42	531.64
462.21	524.19
461.15	517.2
460.21	510.7
459.36	504.68
458.6	499.15
457.92	494.08
457.29	489.48
456.68	485.33
456.05	481.6
455.42	478.26
454.8	475.29
454.19	472.65
453.54	470.29
452.84	468.21
452.08	466.39
451.28	464.8
450.44	463.42
449.54	462.21
448.54	461.15
447.46	460.21
446.33	459.36
445.15	458.6
443.91	457.92
442.58	457.29
441.18	456.68
439.75	456.05
438.29	455.42
436.8	454.8
435.26	454.19
433.67	453.54
432.04	452.84
430.38	452.08
428.72	451.28
427.04	450.44
425.35	449.54
423.67	448.54
422	447.46
420.34	446.33
418.68	445.15
417.01	443.91
415.35	442.58
413.71	441.18
412.08	439.75
410.48	438.29
408.9	436.8
407.32	435.26
405.73	433.67
404.12	432.04
402.52	430.38
400.97	428.72
399.43	427.04
397.91	425.35
396.37	423.67
394.82	422
393.24	420.34
391.66	418.68
390.08	417.01
388.51	415.35
386.96	413.71
385.42	412.08
383.9	410.48
382.39	408.9
380.91	407.32
379.43	405.73
377.97	404.12
376.53	402.52
375.11	400.97
373.72	399.43
372.35	397.91
370.99	396.37
369.63	394.82
368.27	393.24
366.9	391.66
365.54	390.08
364.21	388.51
362.9	386.96
361.58	385.42
360.22	383.9
358.83	382.39
357.44	380.91
356.06	379.43
354.69	377.97
353.31	376.53
351.95	375.11
350.61	373.72
349.31	372.35
348.02	370.99
346.73	369.63
345.44	368.27
344.18	366.9
342.97	365.54
341.78	364.21
340.62	362.9
339.48	361.58
338.36	360.22
337.26	358.83
336.19	357.44
335.15	356.06
334.13	354.69
333.17	353.31
332.26	351.95
331.42	350.61
330.8	349.31
330.18	348.02
329.57	346.73
328.95	345.44
328.34	344.18
327.72	342.97
327.1	341.78
326.49	340.62
325.87	339.48
325.26	338.36
324.64	337.26
324.02	336.19
323.41	335.15
322.79	334.13
322.18	333.17
321.56	332.26
320.94	331.42
320.33	330.8
319.71	330.18
319.1	329.57
318.48	328.95
317.86	328.34
317.25	327.72
316.63	327.1
316.02	326.49
315.4	325.87
314.78	325.26
314.17	324.64
313.55	324.02
312.94	323.41
312.32	322.79
311.7	322.18
311.09	321.56
310.47	320.94
309.86	320.33
309.24	319.71
308.62	319.1
308.01	318.48
307.39	317.86
306.78	317.25
306.16	316.63
305.54	316.02
304.93	315.4
304.31	314.78
303.7	314.17
303.08	313.55
302.46	300
301.85	300
301.23	300
300.62	300
300	300
306.8	300
311.82	300
318.11	300
325.75	300
334.78	300
345.26	300
357.25	300
370.71	300
385.59	300
401.8	300
419.18	300
437.57	300
456.79	300
476.63	300
496.87	300
517.32	300
537.77	306.8
558.02	311.82
577.86	318.11
597.12	325.75
615.66	334.78
633.35	345.26
650.1	357.25
665.86	370.71
680.6	385.59
694.28	401.8
706.9	419.18
718.46	437.57
729	456.79
738.54	476.63
747.16	496.87
754.89	517.32
761.8	537.77
767.94	558.02
773.36	577.86
778.11	597.12
782.24	615.66
785.81	633.35
788.88	650.1
791.5	665.86
793.72	680.6
795.55	694.28
797.02	706.9
798.17	718.46
799.03	729
799.63	738.54
799.98	747.16
800.1	754.89
800.01	761.8
799.72	767.94
799.23	773.36
798.55	778.11
797.68	782.24
796.64	785.81
795.44	788.88
794.09	791.5
792.58	793.72
790.88	795.55
789.01	797.02
786.98	798.17
784.81	799.03
782.49	799.63
780	799.98
777.36	800.1
774.56	800.01
771.62	799.72
768.55	799.23
765.35	798.55
762.02	797.68
758.58	796.64
755.02	795.44
751.34	794.09
747.52	792.58
743.57	790.88
739.48	789.01
735.25	786.98
730.87	784.81
726.35	782.49
721.67	780
716.81	777.36
711.74	774.56
706.45	771.62
700.91	768.55
695.12	765.35
689.06	762.02
682.7	758.58
676.04	755.02
669.04	751.34
661.71	747.52
654.04	743.57
646.06	739.48
637.77	735.25
629.19	730.87
620.36	726.35
611.31	721.67
602.1	716.81
592.81	711.74
583.51	706.45
574.29	700.91
565.22	695.12
556.36	689.06
547.78	682.7
539.52	676.04
531.64	669.04
524.19	661.71
517.2	654.04
510.7	646.06
504.68	637.77
499.15	629.19
494.08	620.36
489.48	611.31
485.33	602.1
481.6	592.81
478.26	583.51
475.29	574.29
472.65	565.22
470.29	556.36
468.21	547.78
466.39	539.52
464.8	531.64
463.42	524.19
462.21	517.2
461.15	510.7
460.21	504.68
459.36	499.15
458.6	494.08
457.92	489.48
457.29	485.33
456.68	481.6
456.05	478.26
455.42	475.29
454.8	472.65
454.19	470.29
453.54	468.21
452.84	466.39
452.08	464.8
451.28	463.42
450.44	462.21
449.54	461.15
448.54	460.21
447.46	459.36
446.33	458.6
445.15	457.92
443.91	457.29
442.58	456.68
441.18	456.05
439.75	455.42
438.29	454.8
436.8	454.19
435.26	453.54
433.67	452.84
432.04	452.08
430.38	451.28
428.72	450.44
427.04	449.54
425.35	448.54
423.67	447.46
422	446.33
420.34	445.15
418.68	443.91
417.01	442.58
415.35	441.18
413.71	439.75
412.08	438.29
410.48	436.8
408.9	435.26
407.32	433.67
405.73	432.04
404.12	430.38
402.52	428.72
400.97	427.04
399.43	425.35
397.91	423.67
396.37	422
394.82	420.34
393.24	418.68
391.66	417.01
390.08	415.35
388.51	413.71
386.96	412.08
385.42	410.48
383.9	408.9
382.39	407.32
380.91	405.73
379.43	404.12
377.97	402.52
376.53	400.97
375.11	399.43
373.72	397.91
372.35	396.37
370.99	394.82
369.63	393.24
368.27	391.66
366.9	390.08
365.54	388.51
364.21	386.96
362.9	385.42
361.58	383.9
360.22	382.39
358.83	380.91
357.44	379.43
356.06	377.97
354.69	376.53
353.31	375.11
351.95	373.72
350.61	372.35
349.31	370.99
348.02	369.63
346.73	368.27
345.44	366.9
344.18	365.54
342.97	364.21
341.78	362.9
340.62	361.58
339.48	360.22
338.36	358.83
337.26	357.44
336.19	356.06
335.15	354.69
334.13	353.31
333.17	351.95
332.26	350.61
331.42	349.31
330.8	348.02
330.18	346.73
329.57	345.44
328.95	344.18
328.34	342.97
327.72	341.78
327.1	340.62
326.49	339.48
325.87	338.36
325.26	337.26
324.64	336.19
324.02	335.15
323.41	334.13
322.79	333.17
322.18	332.26
321.56	331.42
320.94	330.8
320.33	330.18
319.71	329.57
319.1	328.95
318.48	328.34
317.86	327.72
317.25	327.1
316.63	326.49
316.02	325.87
315.4	325.26
314.78	324.64
314.17	324.02
313.55	323.41
312.94	322.79
312.32	322.18
311.7	321.56
311.09	320.94
310.47	320.33
309.86	319.71
309.24	319.1
308.62	318.48
308.01	317.86
307.39	317.25
306.78	316.63
306.16	316.02
305.54	315.4
304.93	314.78
304.31	314.17
303.7	313.55
303.08	300
302.46	300
301.85	300
301.23	300
300.62	300
300	300
306.8	300
311.82	300
318.11	300
325.75	300
334.78	300
345.26	300
357.25	300
370.71	300
385.59	300
401.8	300
419.18	300
437.57	300
456.79	300
476.63	300
496.87	300
517.32	306.8
537.77	311.82
558.02	318.11
577.86	325.75
597.12	334.78
615.66	345.26
633.35	357.25
650.1	370.71
665.86	385.59
680.6	401.8
694.28	419.18
706.9	437.57
718.46	456.79
729	476.63
738.54	496.87
747.16	517.32
754.89	537.77
761.8	558.02
767.94	577.86
773.36	597.12
778.11	615.66
782.24	633.35
785.81	650.1
788.88	665.86
791.5	680.6
793.72	694.28
795.55	706.9
797.02	718.46
798.17	729
799.03	738.54
799.63	747.16
799.98	754.89
800.1	761.8
800.01	767.94
799.72	773.36
799.23	778.11
798.55	782.24
797.68	785.81
796.64	788.88
795.44	791.5
794.09	793.72
792.58	795.55
790.88	797.02
789.01	798.17
786.98	799.03
784.81	799.63
782.49	799.98
780	800.1
777.36	800.01
774.56	799.72
771.62	799.23
768.55	798.55
765.35	797.68
762.02	796.64
758.58	795.44
755.02	794.09
751.34	792.58
747.52	790.88
743.57	789.01
739.48	786.98
735.25	784.81
730.87	782.49
726.35	780
721.67	777.36
716.81	774.56
711.74	771.62
706.45	768.55
700.91	765.35
695.12	762.02
689.06	758.58
682.7	755.02
676.04	751.34
669.04	747.52
661.71	743.57
654.04	739.48
646.06	735.25
637.77	730.87
629.19	726.35
620.36	721.67
611.31	716.81
602.1	711.74
592.81	706.45
583.51	700.91
574.29	695.12
565.22	689.06
556.36	682.7
547.78	676.04
539.52	669.04
531.64	661.71
524.19	654.04
517.2	646.06
510.7	637.77
504.68	629.19
499.15	620.36
494.08	611.31
489.48	602.1
485.33	592.81
481.6	583.51
478.26	574.29
475.29	565.22
472.65	556.36
470.29	547.78
468.21	539.52
466.39	531.64
464.8	524.19
463.42	517.2
462.21	510.7
461.15	504.68
460.21	499.15
459.36	494.08
458.6	489.48
457.92	485.33
457.29	481.6
456.68	478.26
456.05	475.29
455.42	472.65
454.8	470.29
454.19	468.21
453.54	466.39
452.84	464.8
452.08	463.42
451.28	462.21
450.44	461.15
449.54	460.21
448.54	459.36
447.46	458.6
446.33	457.92
445.15	457.29
443.91	456.68
442.58	456.05
441.18	455.42
439.75	454.8
438.29	454.19
436.8	453.54
435.26	452.84
433.67	452.08
432.04	451.28
430.38	450.44
428.72	449.54
427.04	448.54
425.35	447.46
423.67	446.33
422	445.15
420.34	443.91
418.68	442.58
417.01	441.18
415.35	439.75
413.71	438.29
412.08	436.8
410.48	435.26
408.9	433.67
407.32	432.04
405.73	430.38
404.12	428.72
402.52	427.04
400.97	425.35
399.43	423.67
397.91	422
396.37	420.34
394.82	418.68
393.24	417.01
391.66	415.35
390.08	413.71
388.51	412.08
386.96	410.48
385.42	408.9
383.9	407.32
382.39	405.73
380.91	404.12
379.43	402.52
377.97	400.97
376.53	399.43
375.11	397.91
373.72	396.37
372.35	394.82
370.99	393.24
369.63	391.66
368.27	390.08
366.9	388.51
365.54	386.96
364.21	385.42
362.9	383.9
361.58	382.39
360.22	380.91
358.83	379.43
357.44	377.97
356.06	376.53
354.69	375.11
353.31	373.72
351.95	372.35
350.61	370.99
349.31	369.63
348.02	368.27
346.73	366.9
345.44	365.54
344.18	364.21
342.97	362.9
341.78	361.58
340.62	360.22
339.48	358.83
338.36	357.44
337.26	356.06
336.19	354.69
335.15	353.31
334.13	351.95
333.17	350.61
332.26	349.31
331.42	348.02
330.8	346.73
330.18	345.44
329.57	344.18
328.95	342.97
328.34	341.78
327.72	340.62
327.1	339.48
326.49	338.36
325.87	337.26
325.26	336.19
324.64	335.15
324.02	334.13
323.41	333.17
322.79	332.26
322.18	331.42
321.56	330.8
320.94	330.18
320.33	329.57
319.71	328.95
319.1	328.34
318.48	327.72
317.86	327.1
317.25	326.49
316.63	325.87
316.02	325.26
315.4	324.64
314.78	324.02
314.17	323.41
313.55	322.79
312.94	322.18
312.32	321.56
311.7	320.94
311.09	320.33
310.47	319.71
309.86	319.1
309.24	318.48
308.62	317.86
308.01	317.25
307.39	316.63
306.78	316.02
306.16	315.4
305.54	314.78
304.93	314.17
304.31	313.55
303.7	300
303.08	300
302.46	300
301.85	300
301.23	300
300.62	300
300	300
306.8	300
311.82	300
318.11	300
325.75	300
334.78	300
345.26	300
357.25	300
370.71	300
385.59	300
401.8	300
419.18	300
437.57	300
456.79	300
476.63	306.8
496.87	311.82
517.32	318.11
537.77	325.75
558.02	334.78
577.86	345.26
597.12	357.25
615.66	370.71
633.35	385.59
650.1	401.8
665.86	419.18
680.6	437.57
694.28	456.79
706.9	476.63
718.46	496.87
729	517.32
738.54	537.77
747.16	558.02
754.89	577.86
761.8	597.12
767.94	615.66
773.36	633.35
778.11	650.1
782.24	665.86
785.81	680.6
788.88	694.28
791.5	706.9
793.72	718.46
795.55	729
797.02	738.54
798.17	747.16
799.03	754.89
799.63	761.8
799.98	767.94
800.1	773.36
800.01	778.11
799.72	782.24
799.23	785.81
798.55	788.88
797.68	791.5
796.64	793.72
795.44	795.55
794.09	797.02
792.58	798.17
790.88	799.03
789.01	799.63
786.98	799.98
784.81	800.1
782.49	800.01
780	799.72
777.36	799.23
774.56	798.55
771.62	797.68
768.55	796.64
765.35	795.44
762.02	794.09
758.58	792.58
755.02	790.88
751.34	789.01
747.52	786.98
743.57	784.81
739.48	782.49
735.25	780
730.87	777.36
726.35	774.56
721.67	771.62
716.81	768.55
711.74	765.35
706.45	762.02
700.91	758.58
695.12	755.02
689.06	751.34
682.7	747.52
676.04	743.57
669.04	739.48
661.71	735.25
654.04	730.87
646.06	726.35
637.77	721.67
629.19	716.81
620.36	711.74
611.31	706.45
602.1	700.91
592.81	695.12
583.51	689.06
574.29	682.7
565.22	676.04
556.36	669.04
547.78	661.71
539.52	654.04
531.64	646.06
524.19	637.77
517.2	629.19
510.7	620.36
504.68	611.31
499.15	602.1
494.08	592.81
489.48	583.51
485.33	574.29
481.6	565.22
478.26	556.36
475.29	547.78
472.65	539.52
470.29	531.64
468.21	524.19
466.39	517.2
464.8	510.7
463.42	504.68
462.21	499.15
461.15	494.08
460.21	489.48
459.36	485.33
458.6	481.6
457.92	478.26
457.29	475.29
456.68	472.65
456.05	470.29
455.42	468.21
454.8	466.39
454.19	464.8
453.54	463.42
452.84	462.21
452.08	461.15
451.28	460.21
450.44	459.36
449.54	458.6
448.54	457.92
447.46	457.29
446.33	456.68
445.15	456.05
443.91	455.42
442.58	454.8
441.18	454.19
439.75	453.54
438.29	452.84
436.8	452.08
435.26	451.28
433.67	450.44
432.04	449.54
430.38	448.54
428.72	447.46
427.04	446.33
425.35	445.15
423.67	443.91
422	442.58
420.34	441.18
418.68	439.75
417.01	438.29
415.35	436.8
413.71	435.26
412.08	433.67
410.48	432.04
408.9	430.38
407.32	428.72
405.73	427.04
404.12	425.35
402.52	423.67
400.97	422
399.43	420.34
397.91	418.68
396.37	417.01
394.82	415.35
393.24	413.71
391.66	412.08
390.08	410.48
388.51	408.9
386.96	407.32
385.42	405.73
383.9	404.12
382.39	402.52
380.91	400.97
379.43	399.43
377.97	397.91
376.53	396.37
375.11	394.82
373.72	393.24
372.35	391.66
370.99	390.08
369.63	388.51
368.27	386.96
366.9	385.42
365.54	383.9
364.21	382.39
362.9	380.91
361.58	379.43
360.22	377.97
358.83	376.53
357.44	375.11
356.06	373.72
354.69	372.35
353.31	370.99
351.95	369.63
350.61	368.27
349.31	366.9
348.02	365.54
346.73	364.21
345.44	362.9
344.18	361.58
342.97	360.22
341.78	358.83
340.62	357.44
339.48	356.06
338.36	354.69
337.26	353.31
336.19	351.95
335.15	350.61
334.13	349.31
333.17	348.02
332.26	346.73
331.42	345.44
330.8	344.18
330.18	342.97
329.57	341.78
328.95	340.62
328.34	339.48
327.72	338.36
327.1	337.26
326.49	336.19
325.87	335.15
325.26	334.13
324.64	333.17
324.02	332.26
323.41	331.42
322.79	330.8
322.18	330.18
321.56	329.57
320.94	328.95
320.33	328.34
319.71	327.72
319.1	327.1
318.48	326.49
317.86	325.87
317.25	325.26
316.63	324.64
316.02	324.02
315.4	323.41
314.78	322.79
314.17	322.18
313.55	321.56
312.94	320.94
312.32	320.33
311.7	319.71
311.09	319.1
310.47	318.48
309.86	317.86
309.24	317.25
308.62	316.63
308.01	316.02
307.39	315.4
306.78	314.78
306.16	314.17
305.54	313.55
304.93	312.94
304.31	300
303.7	300
303.08	300
302.46	300
301.85	300
301.23	300
300.62	300
300	300
306.8	300
311.82	300
318.11	300
325.75	300
334.78	300
345.26	300
357.25	300
370.71	300
385.59	300
401.8	300
419.18	300
437.57	300
456.79	306.8
476.63	311.82
496.87	318.11
517.32	325.75
537.77	334.78
558.02	345.26
577.86	357.25
597.12	370.71
615.66	385.59
633.35	401.8
650.1	419.18
665.86	437.57
680.6	456.79
694.28	476.63
706.9	496.87
718.46	517.32
729	537.77
738.54	558.02
747.16	577.86
754.89	597.12
761.8	615.66
767.94	633.35
773.36	650.1
778.11	665.86
782.24	680.6
785.81	694.28
788.88	706.9
791.5	718.46
793.72	729
795.55	738.54
797.02	747.16
798.17	754.89
799.03	761.8
799.63	767.94
799.98	773.36
800.1	778.11
800.01	782.24
799.72	785.81
799.23	788.88
798.55	791.5
797.68	793.72
796.64	795.55
795.44	797.02
794.09	798.17
792.58	799.03
790.88	799.63
789.01	799.98
786.98	800.1
784.81	800.01
782.49	799.72
780	799.23
777.36	798.55
774.56	797.68
771.62	796.64
768.55	795.44
765.35	794.09
762.02	792.58
758.58	790.88
755.02	789.01
751.34	786.98
747.52	784.81
743.57	782.49
739.48	780
735.25	777.36
730.87	774.56
726.35	771.62
721.67	768.55
716.81	765.35
711.74	762.02
706.45	758.58
700.91	755.02
695.12	751.34
689.06	747.52
682.7	743.57
676.04	739.48
669.04	735.25
661.71	730.87
654.04	726.35
646.06	721.67
637.77	716.81
629.19	711.74
620.36	706.45
611.31	700.91
602.1	695.12
592.81	689.06
583.51	682.7
574.29	676.04
565.22	669.04
556.36	661.71
547.78	654.04
539.52	646.06
531.64	637.77
524.19	629.19
517.2	620.36
510.7	611.31
504.68	602.1
499.15	592.81
494.08	583.51
489.48	574.29
485.33	565.22
481.6	556.36
478.26	547.78
475.29	539.52
472.65	531.64
470.29	524.19
468.21	517.2
466.39	510.7
464.8	504.68
463.42	499.15
462.21	494.08
461.15	489.48
460.21	485.33
459.36	481.6
458.6	478.26
457.92	475.29
457.29	472.65
456.68	470.29
456.05	468.21
455.42	466.39
454.8	464.8
454.19	463.42
453.54	462.21
452.84	461.15
452.08	460.21
451.28	459.36
450.44	458.6
449.54	457.92
448.54	457.29
447.46	456.68
446.33	456.05
445.15	455.42
443.91	454.8
442.58	454.19
441.18	453.54
439.75	452.84
438.29	452.08
436.8	451.28
435.26	450.44
433.67	449.54
432.04	448.54
430.38	447.46
428.72	446.33
427.04	445.15
425.35	443.91
423.67	442.58
422	441.18
420.34	439.75
418.68	438.29
417.01	436.8
415.35	435.26
413.71	433.67
412.08	432.04
410.48	430.38
408.9	428.72
407.32	427.04
405.73	425.35
404.12	423.67
402.52	422
400.97	420.34
399.43	418.68
397.91	417.01
396.37	415.35
394.82	413.71
393.24	412.08
391.66	410.48
390.08	408.9
388.51	407.32
386.96	405.73
385.42	404.12
383.9	402.52
382.39	400.97
380.91	399.43
379.43	397.91
377.97	396.37
376.53	394.82
375.11	393.24
373.72	391.66
372.35	390.08
370.99	388.51
369.63	386.96
368.27	385.42
366.9	383.9
365.54	382.39
364.21	380.91
362.9	379.43
361.58	377.97
360.22	376.53
358.83	375.11
357.44	373.72
356.06	372.35
354.69	370.99
353.31	369.63
351.95	368.27
350.61	366.9
349.31	365.54
348.02	364.21
346.73	362.9
345.44	361.58
344.18	360.22
342.97	358.83
341.78	357.44
340.62	356.06
339.48	354.69
338.36	353.31
337.26	351.95
336.19	350.61
335.15	349.31
334.13	348.02
333.17	346.73
332.26	345.44
331.42	344.18
330.8	342.97
330.18	341.78
329.57	340.62
328.95	339.48
328.34	338.36
327.72	337.26
327.1	336.19
326.49	335.15
325.87	334.13
325.26	333.17
324.64	332.26
324.02	331.42
323.41	330.8
322.79	330.18
322.18	329.57
321.56	328.95
320.94	328.34
320.33	327.72
319.71	327.1
319.1	326.49
318.48	325.87
317.86	325.26
317.25	324.64
316.63	324.02
316.02	323.41
315.4	322.79
314.78	322.18
314.17	321.56
313.55	320.94
312.94	320.33
312.32	319.71
311.7	319.1
311.09	318.48
310.47	317.86
309.86	317.25
309.24	316.63
308.62	316.02
308.01	315.4
307.39	314.78
306.78	314.17
306.16	313.55
305.54	312.94
304.93	300
304.31	300
303.7	300
303.08	300
302.46	300
301.85	300
301.23	300
300.62	300
300	300
306.8	300
311.82	300
318.11	300
325.75	300
334.78	300
345.26	300
357.25	300
370.71	300
385.59	300
401.8	300
419.18	300
437.57	300
456.79	306.8
476.63	311.82
496.87	318.11
517.32	325.75
537.77	334.78
558.02	345.26
577.86	357.25
597.12	370.71
615.66	385.59
633.35	401.8
650.1	419.18
665.86	437.57
680.6	456.79
694.28	476.63
706.9	496.87
718.46	517.32
729	537.77
738.54	558.02
747.16	577.86
754.89	597.12
761.8	615.66
767.94	633.35
773.36	650.1
778.11	665.86
782.24	680.6
785.81	694.28
788.88	706.9
791.5	718.46
793.72	729
795.55	738.54
797.02	747.16
798.17	754.89
799.03	761.8
799.63	767.94
799.98	773.36
800.1	778.11
800.01	782.24
799.72	785.81
799.23	788.88
798.55	791.5
797.68	793.72
796.64	795.55
795.44	797.02
794.09	798.17
792.58	799.03
790.88	799.63
789.01	799.98
786.98	800.1
784.81	800.01
782.49	799.72
780	799.23
777.36	798.55
774.56	797.68
771.62	796.64
768.55	795.44
765.35	794.09
762.02	792.58
758.58	790.88
755.02	789.01
751.34	786.98
747.52	784.81
743.57	782.49
739.48	780
735.25	777.36
730.87	774.56
726.35	771.62
721.67	768.55
716.81	765.35
711.74	762.02
706.45	758.58
700.91	755.02
695.12	751.34
689.06	747.52
682.7	743.57
676.04	739.48
669.04	735.25
661.71	730.87
654.04	726.35
646.06	721.67
637.77	716.81
629.19	711.74
620.36	706.45
611.31	700.91
602.1	695.12
592.81	689.06
583.51	682.7
574.29	676.04
565.22	669.04
556.36	661.71
547.78	654.04
539.52	646.06
531.64	637.77
524.19	629.19
517.2	620.36
510.7	611.31
504.68	602.1
499.15	592.81
494.08	583.51
489.48	574.29
485.33	565.22
481.6	556.36
478.26	547.78
475.29	539.52
472.65	531.64
470.29	524.19
468.21	517.2
466.39	510.7
464.8	504.68
463.42	499.15
462.21	494.08
461.15	489.48
460.21	485.33
459.36	481.6
458.6	478.26
457.92	475.29
457.29	472.65
456.68	470.29
456.05	468.21
455.42	466.39
454.8	464.8
454.19	463.42
453.54	462.21
452.84	461.15
452.08	460.21
451.28	459.36
450.44	458.6
449.54	457.92
448.54	457.29
447.46	456.68
446.33	456.05
445.15	455.42
443.91	454.8
442.58	454.19
441.18	453.54
439.75	452.84
438.29	452.08
436.8	451.28
435.26	450.44
433.67	449.54
432.04	448.54
430.38	447.46
428.72	446.33
427.04	445.15
425.35	443.91
423.67	442.58
422	441.18
420.34	439.75
418.68	438.29
417.01	436.8
415.35	435.26
413.71	433.67
412.08	432.04
410.48	430.38
408.9	428.72
407.32	427.04
405.73	425.35
404.12	423.67
402.52	422
400.97	420.34
399.43	418.68
397.91	417.01
396.37	415.35
394.82	413.71
393.24	412.08
391.66	410.48
390.08	408.9
388.51	407.32
386.96	405.73
385.42	404.12
383.9	402.52
382.39	400.97
380.91	399.43
379.43	397.91
377.97	396.37
376.53	394.82
375.11	393.24
373.72	391.66
372.35	390.08
370.99	388.51
369.63	386.96
368.27	385.42
366.9	383.9
365.54	382.39
364.21	380.91
362.9	379.43
361.58	377.97
360.22	376.53
358.83	375.11
357.44	373.72
356.06	372.35
354.69	370.99
353.31	369.63
351.95	368.27
350.61	366.9
349.31	365.54
348.02	364.21
346.73	362.9
345.44	361.58
344.18	360.22
342.97	358.83
341.78	357.44
340.62	356.06
339.48	354.69
338.36	353.31
337.26	351.95
336.19	350.61
335.15	349.31
334.13	348.02
333.17	346.73
332.26	345.44
331.42	344.18
330.8	342.97
330.18	341.78
329.57	340.62
328.95	339.48
328.34	338.36
327.72	337.26
327.1	336.19
326.49	335.15
325.87	334.13
325.26	333.17
324.64	332.26
324.02	331.42
323.41	330.8
322.79	330.18
322.18	329.57
321.56	328.95
320.94	328.34
320.33	327.72
319.71	327.1
319.1	326.49
318.48	325.87
317.86	325.26
317.25	324.64
316.63	324.02
316.02	323.41
315.4	322.79
314.78	322.18
314.17	321.56
313.55	320.94
312.94	320.33
312.32	319.71
311.7	319.1
311.09	318.48
310.47	317.86
309.86	317.25
309.24	316.63
308.62	316.02
308.01	315.4
307.39	314.78
306.78	314.17
306.16	313.55
