812.8	757.89
809.42	754.21
798.94	741.32
779.99	714.48
759.09	677.86
747.52	644.12
753.04	625.82
773.64	626.1
799	637.4
818.07	648.03
826.06	650.59
825.96	645.47
824.39	638.16
825.94	633.8
830.43	633.74
834.59	635.96
835.86	637.83
834.48	638.36
832.63	638.38
832.17	639.06
832.71	640.45
832.03	641.52
829.02	641.34
825.78	640.28
825.8	639.84
830.3	641.61
837.06	646.31
842.4	653.67
843.98	662.89
841.93	673.21
837.79	684.24
833.36	695.94
829.65	708.41
826.67	721.56
824.63	735.03
824.93	748.35
829.58	761.15
838.94	773.34
850.25	785.12
858.99	796.71
862.12	808.19
860.32	819.45
857.04	830.43
855.73	841.14
857.34	851.62
860.19	861.86
861.86	871.82
861.46	881.56
860	891.21
859.02	900.73
859.1	909.81
859.71	918.08
860	925.41
859.81	932
859.62	938.13
859.8	943.88
860.2	949.06
860.34	953.43
859.86	956.93
858.78	959.67
857.41	961.81
855.98	963.5
854.66	964.95
853.58	966.3
852.74	967.37
851.83	967.61
850.58	966.55
849.05	964.34
847.59	961.8
846.41	959.85
845.2	958.86
843.25	958.47
840.2	958.09
836.34	957.36
832.16	956.27
827.74	954.88
822.72	953.19
816.74	951.16
810.13	948.9
803.93	946.62
799.21	944.36
796.33	941.9
795.12	939.03
795.42	935.82
797.06	932.51
799.49	929.12
801.69	925.33
802.84	920.78
802.93	915.37
802.65	909.36
802.51	903.06
802.13	896.62
800.65	890.13
797.61	883.76
793.48	877.75
789.06	872.03
784.49	866.11
779.48	859.53
774.31	852.43
769.87	845.53
766.33	839.38
762.39	833.79
756.77	828.11
750.03	822.03
744.39	815.94
741.54	810.32
740.85	805.19
739.89	800.02
736.71	794.39
731.27	788.37
725.1	782.36
719.54	776.62
714.25	771
708.57	765.42
703.97	760.4
703.85	756.74
710.34	754.65
721.35	753.43
731.58	751.91
736.46	749.41
735.45	746.09
731.65	742.5
728.75	739.16
728.62	736.34
730.85	734.24
733.81	732.99
735.97	732.53
736.78	732.55
736.69	732.6
736.63	732.48
737.2	732.26
738.16	732.01
738.67	731.68
738.08	731.21
736.59	730.8
735.04	730.87
734.19	731.61
733.98	732.67
733.58	733.46
732.45	733.72
730.89	733.78
729.63	734.17
729.01	735.08
728.77	736.2
728.5	737.05
728.09	737.38
727.77	737.29
727.6	737.06
727.38	737.05
727.01	737.64
726.79	739.03
727.2	741.03
728.28	743.07
729.45	744.49
730.12	744.94
730.2	744.58
730.04	743.84
729.83	743.08
729.32	742.41
728.14	741.88
726.49	741.69
725.11	742.01
724.55	742.76
724.52	743.51
724.31	743.81
723.6	743.63
722.66	743.28
721.8	743.13
720.92	743.24
719.72	743.36
718.34	743.21
717.44	742.53
717.51	741.21
718.19	739.36
718.56	737.39
718.06	735.84
717.05	735.07
716.35	734.93
716.39	734.91
716.82	734.56
717.06	733.77
716.91	732.66
716.48	731.2
715.82	729.06
714.87	726.03
713.6	722.35
712.07	718.77
710.41	715.96
708.24	714
704.52	712.37
698.73	710.53
691.81	708.37
685.66	706.15
682.22	704.16
682.91	702.49
688.43	701.08
697.95	699.73
708.49	698.16
715.95	696.07
717.62	693.36
714.08	690.31
708.53	687.56
704.24	685.68
702.4	684.75
702.08	684.3
701.75	683.72
700.77	682.75
699.48	681.52
698.36	680.25
697.44	679
696.39	677.67
695.16	676.18
694.26	674.59
694.08	673
694.39	671.45
694.64	669.94
694.61	668.45
694.61	666.92
695.02	665.15
695.77	662.97
696.34	660.4
696.48	657.83
696.47	655.73
696.83	654.33
697.71	653.36
698.97	652.38
700.41	651.13
702	649.7
703.69	648.3
705.22	646.98
706.23	645.63
706.74	644.24
707.28	642.98
708.32	641.87
709.63	640.69
710.37	639.14
709.83	637.32
708.31	635.81
706.89	635.16
706.43	635.31
706.85	635.52
707.49	635.03
707.48	633.56
705.82	631.36
702.87	628.98
701.33	627.08
704.3	626.1
712.33	626.09
722.69	626.6
731.31	626.95
735.75	626.59
736.59	625.5
736.47	624.11
737.78	623.01
740.63	622.45
743.19	622.29
744.16	622.39
744.33	622.81
745.46	623.55
748.15	624.25
751.04	624.24
752.03	623.13
750.19	621.28
746.51	619.57
742.95	618.75
740.55	618.86
738.91	619.27
737.02	619.32
734.22	618.82
730.69	617.98
726.72	617.07
722.18	616.2
717.35	615.56
713.93	615.56
714.79	616.6
722.04	618.65
735.02	621.09
750.31	623.05
764.09	624
774.7	623.84
783.23	622.71
791.79	620.74
801.75	618.12
813.05	615.27
824.62	612.73
835.1	610.91
843.57	609.83
850.06	609.35
855.54	609.41
861.13	610.09
867.07	611.23
872.46	612.4
876.32	613.1
878.62	613.19
880.15	612.91
881.63	612.56
883.14	612.16
884.28	611.66
884.99	611.25
885.77	611.43
887.1	612.7
888.79	615.26
890.07	619.06
890.16	623.98
889.2	630.06
888.55	637.48
889.55	646.32
892.21	656.53
895.42	668.05
898.12	680.83
899.87	694.57
900.89	708.69
901.61	722.53
902.32	735.84
903	748.86
903.53	761.9
903.64	774.86
903.02	787.29
901.66	798.96
900.02	810.12
898.57	821.32
897.34	832.78
896.08	844.17
894.79	854.91
894.06	864.65
894.7	873.46
896.99	881.66
900.52	889.52
904.61	897.17
908.5	904.58
911.74	911.52
914.73	917.8
918.41	923.43
923.23	928.64
928.78	933.78
934.21	939.08
938.8	944.4
942.36	949.29
945.25	953.33
948.12	956.48
951.54	959.04
955.53	961.26
959.44	962.99
962.48	963.86
964.36	963.68
965.15	962.62
964.77	961.06
963.21	959.36
961.12	957.88
959.49	956.86
958.4	956.21
956.63	955.39
952.68	953.77
946.39	951.25
940.19	948.4
937.4	945.95
938.92	944.05
941.96	942.08
942.44	939.16
938.68	934.99
932.67	930.12
928.19	925.39
927.56	921.27
930.12	917.65
933.43	914.28
935.46	911.13
935.58	908.18
934.28	905.12
932.33	901.39
930.34	896.69
928.72	891.28
927.59	885.69
926.61	880.23
925	874.71
922.15	868.77
918.08	862.38
913.22	855.95
907.94	849.9
902.38	844.25
896.56	838.6
890.6	832.57
884.86	826.06
879.56	819.21
874.56	812.17
869.63	805.12
865.03	798.34
861.39	792.22
858.89	786.94
856.9	782.3
854.48	777.9
851.2	773.43
847.51	768.86
844.05	764.28
840.9	759.7
837.5	755.03
833.49	750.27
829.14	745.63
824.92	741.37
821.02	737.63
817.44	734.36
814.28	731.49
811.84	728.98
810.29	726.74
809.35	724.58
808.42	722.45
807.16	720.67
805.8	719.73
804.73	719.83
803.92	720.61
802.83	721.36
800.98	721.65
798.54	721.61
796.32	721.65
794.89	721.93
793.98	722.12
792.92	721.79
791.37	720.92
789.49	719.96
787.56	719.45
785.66	719.61
783.76	720.32
781.81	721.37
779.75	722.53
777.71	723.61
775.73	724.38
773.86	724.75
772.14	724.93
770.35	725.28
768.02	725.95
764.58	726.68
759.93	727.11
754.87	727.31
750.83	727.91
749.82	729.59
753.74	732.35
762.84	735.31
774.81	737.34
785.82	737.86
792.98	737.18
795.95	736.1
796.52	735.36
797.02	735.25
798.84	735.66
801.67	736.12
804.03	736.12
804.63	735.44
803.53	734.32
801.83	733.32
800.54	732.79
799.68	732.55
798.61	732.12
797.02	731.23
795.4	730.04
794.55	728.94
794.59	728.06
794.9	727.16
794.71	725.99
793.83	724.57
792.72	723.15
791.93	721.83
791.48	720.43
791.09	718.76
790.71	716.92
790.7	715.2
791.24	713.74
791.9	712.27
792.07	710.48
791.46	708.43
790.22	706.57
788.63	705.29
786.68	704.5
784.28	703.76
781.6	702.75
779.06	701.6
776.77	700.61
774.42	699.85
771.64	699.09
768.57	698.08
765.82	696.71
763.99	695.03
763.12	693.05
762.84	690.79
763.04	688.43
764.05	686.25
766.11	684.33
768.9	682.38
771.63	679.96
773.83	676.93
775.73	673.69
777.89	670.75
780.35	668.27
782.52	665.9
783.71	663.3
783.75	660.54
783.05	658.1
782.09	656.33
780.9	655.1
779.16	653.87
776.75	652.22
773.45	649.98
768.23	647.26
760.78	644.42
753.56	642.17
750.31	641.13
752.72	641.23
758.52	641.6
762.9	641.08
761.97	639.13
755.24	636.15
746.12	633.25
739.41	631.46
737.71	631.18
740.77	632.16
747.56	633.76
757.72	635.2
770.39	635.62
782.77	634.5
791.05	632.03
793.37	629.25
791.28	627.39
788.29	627.01
786.99	627.57
787.77	628.03
789.47	627.72
790.84	626.76
791.35	625.66
791.15	624.74
790.79	624.06
790.97	623.7
792.17	623.99
794.29	625.31
796.76	627.66
798.85	630.58
800.09	633.4
800.52	635.68
800.45	637.26
799.91	638.08
798.51	638.12
796.01	637.48
792.89	636.41
790.06	635.14
788.03	633.58
786.36	631.5
784.3	628.9
781.71	626.24
779.18	624.08
777.25	622.59
775.89	621.47
774.7	620.37
773.53	619.36
772.62	618.78
772.23	618.78
772.2	619.01
771.98	618.99
771.02	618.54
769.41	618.03
768.1	618.03
768.12	618.7
769.28	619.58
770.25	619.99
770.64	619.66
772.19	618.89
777.5	618.2
787.79	617.78
801.9	617.49
817.43	617.06
832.63	616.37
847.11	615.46
861.19	614.42
874.74	613.33
886.8	612.09
896.63	610.58
904.81	608.86
912.62	607.26
920.24	606.09
926.39	605.38
929.71	604.87
930.39	604.25
930.58	603.51
932.78	603
937.66	603.18
943.39	604.12
947.15	605.43
947.12	606.53
943.58	607.12
938.72	607.52
935.35	608.54
934.98	610.86
936.8	614.79
938.75	620.36
938.89	627.64
936.73	636.88
934.23	648.26
934.95	661.56
941.15	676.09
951.34	691.06
961.05	705.91
966.06	720.4
965.26	734.44
960.99	747.95
956.92	760.9
955.37	773.42
956.19	785.67
957.63	797.7
958.14	809.5
957.53	821.09
956.92	832.5
957.58	843.58
959.79	854.09
962.88	863.92
966.06	873.33
969.07	882.69
972.15	892.13
975.53	901.26
979.25	909.47
983.22	916.49
987.44	922.61
991.89	928.4
996.1	934.19
999.08	939.9
1000	945.27
998.92	950.18
996.68	954.63
994.04	958.55
991.03	961.8
987.32	964.39
983.06	966.69
978.95	969.16
975.45	971.89
972.25	974.4
968.78	976.01
964.97	976.28
961.2	975.27
957.7	973.19
954.27	970.2
950.39	966.39
945.61	961.96
939.85	957.28
933.23	952.63
925.6	948
916.29	943.21
905.03	938.3
893.46	933.72
884.75	930.04
881.23	927.33
882.58	924.96
886.42	922.17
890.26	918.7
892.75	914.83
893.56	910.99
892.88	907.34
891.46	903.73
890.23	899.78
889.56	895.08
888.94	889.29
887.47	882.4
884.56	874.91
880.16	867.61
874.97	861.08
870.14	855.35
866.19	849.84
862.21	843.78
856.82	836.79
849.72	829.18
841.52	821.56
833.11	814.37
825.73	807.73
820.28	801.59
816.62	795.74
813.57	790
809.76	784.35
805.23	779.06
802.32	774.54
804.31	770.87
812.23	767.47
823.11	763.49
831.81	758.56
834.74	753.16
832.16	748.27
827.17	744.56
822.85	741.92
820.37	739.76
819.04	737.45
817.59	734.72
815.4	731.55
812.68	727.98
809.9	724.17
807.31	720.46
804.88	717.31
802.33	714.98
799.1	713.26
794.94	711.74
790.43	710.23
786.71	708.92
784.54	708.17
783.66	708.02
782.98	708.18
781.77	708.4
780.3	708.81
779.43	709.73
779.64	711.35
780.71	713.48
782.1	715.88
783.38	718.43
784.26	721.05
784.48	723.45
783.82	725.15
782.37	725.86
780.56	725.83
778.8	725.62
777.06	725.73
775.03	726.34
772.54	727.4
769.88	728.84
767.44	730.51
765.19	731.94
762.58	732.48
759.21	731.8
755.56	730.35
752.73	729.15
751.47	729.03
751.49	730.14
751.72	731.99
751.46	733.92
750.85	735.42
750.45	736.25
750.45	736.38
750.49	736
750.3	735.5
750.05	735.21
750.13	735.06
750.49	734.58
750.67	733.35
750.31	731.54
749.48	729.88
748.68	729.1
748.2	729.28
747.49	729.82
745.48	729.84
742.07	728.86
739.01	726.94
738.34	724.37
740.24	721.37
742.7	718.11
743.09	714.89
740.39	712.02
735.68	709.43
730.66	706.71
726.27	703.58
722.19	700.32
717.58	697.72
712.83	696.57
710.45	697.15
713.37	698.93
721.8	700.89
731.6	701.96
736.97	701.58
735.35	699.9
729.54	697.63
724.89	695.42
724.6	693.31
727.67	690.83
730.63	687.42
730.95	683.06
728.84	678.4
726.47	674.25
725.69	671.08
726.51	668.72
727.52	666.78
727.69	665.04
727.3	663.54
727.29	662.36
728.06	661.39
729.21	660.42
730.17	659.46
730.82	658.71
731.41	658.27
732.07	657.99
732.63	657.57
732.93	656.96
733.07	656.41
733.1	656.05
732.84	655.64
732.03	654.66
730.7	652.86
729.24	650.54
728.16	648.31
727.55	646.51
726.99	645.03
726.09	643.53
725	641.83
724.3	639.9
724.36	637.75
725.03	635.38
725.94	632.96
726.92	630.95
728.11	629.88
729.51	629.86
730.74	630.49
731.54	631.14
732.06	631.45
732.61	631.35
733.06	630.82
732.89	629.84
731.79	628.49
730.03	627.19
728.34	626.5
727.23	626.65
726.68	627.3
726.13	627.76
724.82	627.44
722.83	626.26
721.52	624.63
722.24	623.05
724.54	621.75
726.4	620.72
726.43	619.91
724.85	619.32
722.29	618.72
719.43	617.86
717.61	616.84
718.1	616.07
720.84	615.76
723.93	615.63
725.01	615.06
723.36	613.72
720.03	611.86
716.48	610.13
713.38	609.08
710.54	608.95
708.27	609.71
708.8	611.34
715.81	613.73
731.6	616.31
754.47	618.14
779.14	618.5
800.17	617.58
815.32	616.45
826.11	616.19
835.65	617.13
846.11	618.66
857.52	619.88
868.32	620.14
876.62	619.4
881.38	618.08
882.81	616.78
882.14	615.98
880.8	615.7
879.63	615.45
878.45	614.46
876.69	612.37
874.36	609.63
872.15	607.33
870.78	606.39
870.51	607
871.27	608.66
872.94	610.87
875.37	613.51
878.16	616.91
880.63	621.49
882.19	627.63
882.8	635.59
882.92	645.49
883.12	657.02
883.52	669.51
883.9	682.16
884.07	694.58
884.31	706.99
885.14	719.82
886.78	733.15
888.82	746.56
890.77	759.61
892.48	772.25
894.05	784.76
895.41	797.24
896.29	809.39
896.57	820.83
896.56	831.54
896.84	841.83
897.6	851.96
898.53	861.85
899.32	871.3
900.12	880.4
901.28	889.53
902.89	899.02
904.5	908.68
905.43	917.92
905.51	926.13
905.23	933.08
905.14	938.81
905.25	943.47
905.05	947.19
904.21	950.17
903.12	952.86
902.51	955.66
902.11	958.6
900.75	961.39
898.15	963.84
895.7	966.02
894.76	968.01
894.95	969.62
894.4	970.55
891.5	970.81
886.13	970.66
879.3	970.29
871.67	969.49
862.88	967.9
852.25	965.41
839.45	962.29
825.26	958.94
811.86	955.66
802.19	952.62
798.38	949.97
800.29	947.64
805.26	945.32
809.69	942.5
811.3	938.76
810.38	934.13
809.03	929.01
808.93	923.82
809.34	918.6
808.46	913.27
806.77	908.24
807.2	904.34
811.84	901.93
819.28	900.28
825.63	897.89
827.9	893.55
826.43	887.13
824.08	879.47
823.38	871.63
824.44	864.26
825.5	857.54
824.86	851.39
822.18	845.68
818.37	840.06
814.58	834.03
811.38	827.18
808.7	819.55
805.75	811.56
800.89	803.6
793.62	795.94
786.7	789.02
784.2	783.33
787.59	779
794.08	775.48
798.9	771.86
799.19	767.58
795.87	762.87
792.33	758.49
791.13	755.01
792.02	752.3
792.71	749.81
791.36	747.18
788.11	744.54
784.51	742.19
781.84	740.1
780.27	737.83
779.15	735.02
777.86	731.86
776.23	729.05
774.42	727.22
772.49	726.56
770.28	726.66
767.79	726.93
765.35	726.93
762.85	726.52
759.51	725.86
755.17	725.5
751.32	726.08
749.98	727.85
750.82	730.2
749.26	731.77
738.73	731.38
717.24	729.1
690.7	726.42
668.92	725.05
659.8	725.84
666.45	728.71
685.97	732.98
709.83	737.54
727.74	741.15
733.4	742.92
727.85	742.86
717.37	741.82
707.91	740.68
701.79	739.89
698.49	739.44
696.95	739.32
696.87	739.86
698.68	741.53
703.21	744.35
710.87	747.43
720.56	749.2
729.63	748.49
735.43	745.42
736.97	741.38
735.4	738.12
732.87	736.77
731.22	737.44
731.22	739.35
732.42	741.39
733.6	742.55
733.72	742.34
732.61	741.03
730.6	739.31
727.67	737.75
723.59	736.42
719.24	735.15
716.57	733.99
716.97	733.23
719.75	732.99
722.18	732.86
721.67	732.07
718.39	730.17
715.43	727.46
715.84	724.66
719.84	722.26
724.69	720.26
727.19	718.36
726.41	716.45
724.37	714.75
723.91	713.45
725.99	712.37
729.27	711.02
731.77	709.11
732.69	706.71
732.62	704.17
732.45	701.72
732.54	699.41
732.78	697.23
733	695.2
733.09	693.3
732.88	691.37
732.19	689.35
731.09	687.42
729.98	686.03
729.28	685.4
728.93	685.24
728.55	684.86
728.02	683.64
727.74	681.49
728.16	678.77
729.21	675.9
730.34	673.14
731.04	670.59
731.41	668.33
732.06	666.43
733.24	664.84
734.41	663.44
734.83	662.24
734.35	661.41
733.52	660.98
732.86	660.64
732.3	659.9
731.48	658.6
730.4	657.23
729.43	656.49
728.76	656.65
728.11	657.24
727.21	657.4
726.26	656.54
725.4	654.58
723.84	651.77
720.53	648.45
715.97	645.08
712.03	642.22
710.25	640.22
710.81	639.01
712.64	638.28
714.87	637.76
718.35	637.49
724.69	637.62
733.77	638.08
742.53	638.53
746.55	638.58
744.01	638.18
737.44	637.73
729.79	637.41
720.24	636.75
708.01	635.4
698.01	634.24
697.9	634.66
709.71	637
726.47	639.79
737.97	640.98
739.28	639.67
733.62	636.68
727.97	633.65
726.31	631.58
727.53	630.4
728.84	629.65
729.46	629.22
730.81	629.21
734.04	629.51
738.28	629.55
742.13	628.8
746.36	627.4
753.97	626.14
767.17	625.72
784.84	626.16
803.33	626.9
819.44	627.37
832.73	627.38
844.95	627.04
857.8	626.6
871.27	626.2
883.83	625.86
893.77	625.51
900.07	624.92
902.34	623.87
901.25	622.5
899.49	621.5
900.45	621.71
905.63	623.26
913.14	625.29
918.98	626.62
920.54	626.72
918.61	626.12
916.54	625.85
917.36	626.73
921.38	629.02
926.38	632.61
929.69	637.39
929.99	643.34
927.23	650.36
922.1	658.28
916.67	667.13
914.27	677.4
917.08	689.5
923.78	703.26
930.27	717.79
932.85	732.06
930.55	745.39
925.63	757.71
921.77	769.45
921.4	781.13
924.09	793.07
927.06	805.12
927.8	816.8
926.34	827.64
924.59	837.53
924.18	846.82
924.97	856.2
926.01	866.22
926.54	876.86
925.98	887.46
923.96	897.29
920.68	906.28
917.22	915.05
915.89	924.29
919.26	934.01
927.81	943.47
938.6	951.82
946.85	958.74
949.21	964.55
946	969.7
940.49	974.49
936.23	978.97
934.74	983.08
935.1	986.65
935.29	989.39
933.86	991.06
930.84	991.77
927.3	991.89
924.18	991.66
921.29	990.98
917.42	989.54
911.71	987.37
904.8	985.06
898.23	983.35
893.22	982.47
889.59	981.9
885.33	980.78
878.45	978.53
869.11	975.26
859.36	971.5
850.99	967.67
844.49	964.03
839.5	960.79
835.77	958.11
832.91	955.74
829.92	952.99
825.9	949.17
821.51	944.14
818.93	938.4
819.86	932.52
824.07	926.76
829.38	920.99
833.11	914.98
834.21	908.6
833.77	901.98
833.4	895.3
833.54	888.75
833.45	882.47
832.12	876.34
828.91	870.01
823.97	863.07
818.19	855.61
812.78	848.24
808.99	841.77
807.41	836.48
807.26	831.93
806.79	827.42
804.77	822.55
801.55	817.5
798.44	812.61
796.26	807.91
794.91	803.04
793.94	797.67
793.09	791.84
792.15	785.92
790.57	780.3
787.43	775.08
782.36	770.19
776.47	765.65
771.53	761.59
768.36	758.08
766.44	755
764.43	752.11
761.46	749.27
758.11	746.6
755.22	744.22
752.24	742.03
748.27	739.88
743.73	737.85
740.33	736.18
739.02	734.92
738.62	733.87
737.56	732.83
736.18	731.91
737.05	731.39
742.81	731.42
753.14	731.8
763.71	732.11
769.11	732.17
767.45	732.31
761.76	733.13
756.82	734.79
755.14	736.83
755.8	738.56
756.3	739.66
754.88	740.25
751.04	740.63
745.29	741.09
739.05	741.96
734.38	743.6
733.13	746.15
735.63	749.27
740.07	752.29
743.52	754.7
743.82	756.36
740.96	757.38
737.53	757.92
736.85	758.08
740.22	757.93
745.95	757.61
750.95	757.26
752.96	756.95
751.66	756.51
748.4	755.76
744.76	754.64
741.19	753.13
737.54	751.33
734.52	749.63
733.52	748.69
735.11	749.06
738	750.71
739.17	752.8
736.13	754.17
729.96	754.33
725.09	753.78
725.03	753.37
729.1	753.38
733.46	753.34
734.84	752.63
733.03	751.08
730.31	749.08
728.75	747.09
728.68	745.28
729.21	743.6
729.84	742
730.81	740.5
732.17	738.95
733.07	737.01
732.67	734.51
731.41	731.73
730.78	729.3
731.71	727.53
733.33	726.13
733.92	724.51
732.77	722.41
730.77	720.11
729.32	718.03
728.86	716.13
728.53	713.9
726.96	710.94
723.51	707.41
719.07	703.94
715.44	701.2
713.91	699.41
713.92	698.23
713.12	697.04
709.69	695.33
703.95	692.88
697.41	689.69
691.21	685.97
685.69	682.18
681.5	678.99
680.61	676.93
685.22	676
695.19	675.61
707.21	675.04
716.92	673.88
721.61	672.19
721.02	670.22
716.99	668.23
712.79	666.53
711.49	665.45
713.95	664.99
718.17	664.71
720.98	664.14
720.52	663.22
717.55	662.42
714.19	662.18
711.79	662.48
710.2	662.9
708.68	663.07
706.99	662.93
705.49	662.48
704.27	661.54
702.33	659.71
698.78	656.85
694.81	653.47
693.22	650.49
695.76	648.45
701.46	647.12
707.65	645.88
712.04	644.43
713.97	642.95
714.08	641.76
713.43	641.03
712.93	640.69
712.98	640.63
713.21	640.76
712.36	640.78
709.43	640.39
705.34	639.55
702.54	638.62
702.84	637.99
705.67	637.68
708.51	637.37
708.75	636.82
705.97	636.2
702.08	635.88
699.19	635.8
698.34	635.47
699.54	634.41
702.17	632.68
705.56	630.82
708.8	629.38
710.79	628.49
711.18	627.94
710.42	627.47
709.12	627.01
707.7	626.72
706.19	626.76
705.34	627.39
707.23	628.84
712.35	630.8
716.9	632.06
715.95	631.19
709.66	627.94
704.45	623.64
707.88	620.34
722.38	619.25
743.48	620
763.57	621.15
777.35	621.4
784.51	620.47
788.1	618.92
791.19	617.46
794.67	616.46
797.63	615.93
799.08	615.8
798.99	615.96
798.08	616.18
797.09	616.2
796.28	615.91
795.31	615.47
793.68	615.24
791.44	615.48
789.42	616.32
788.64	617.97
789.64	620.87
791.97	625.5
794.32	632
795.52	640.08
795.39	649.26
794.83	659.3
795.06	670.2
796.49	681.96
798.55	694.28
801.82	706.96
809.97	720.35
826.89	734.98
851.12	750.59
875.03	765.87
890.32	779.53
894.55	791.44
892.13	802.61
889.73	814.15
891.17	826.32
895.88	838.6
901.14	850.45
904.95	861.83
907.24	873.03
909.19	884.13
911.95	894.79
915.93	904.61
920.76	913.49
925.35	921.63
928.35	929.25
929.07	936.35
927.9	942.97
926.08	949.25
924.61	955.37
923.52	961.26
922.06	966.65
919.73	971.29
916.79	975.13
913.95	978.26
911.6	980.68
909.52	982.34
907.3	983.4
904.64	984.35
900.93	985.67
895.73	987.4
890.04	989.25
886.02	990.77
885.04	991.61
886.34	991.48
887.38	990.16
885.57	987.54
879.87	983.83
871.26	979.67
861.64	975.76
852.31	972.4
843.4	969.26
834.72	965.74
826.8	961.57
820.95	956.92
818.21	952.12
818.32	947.34
819.61	942.48
820.04	937.52
819.25	932.71
819.05	928.5
821.11	925.07
824.88	921.98
828.06	918.49
828.34	913.92
824.89	907.98
818.79	900.86
812.44	893.23
807.91	885.9
805.47	879.38
803.73	873.63
801.63	868.29
800.02	863.1
801.11	857.98
805.82	852.82
812.06	847.35
816.13	841.16
815.65	834.12
811.25	826.59
805.77	819.34
801.91	812.99
800.38	807.58
799.98	802.6
799.25	797.53
797.87	792.28
796.55	787.12
795.83	782.25
795.39	777.6
794.55	772.96
793.18	768.34
791.71	763.95
790.5	759.98
789.43	756.43
788.13	753.2
786.37	750.33
784.33	748.02
782.39	746.31
780.72	744.95
779.16	743.57
777.57	742.01
775.94	740.45
774.18	739.03
772.1	737.67
769.71	736.27
767.52	735.01
766.22	734.37
765.9	734.66
765.76	735.63
764.82	736.66
762.74	737.38
760.04	737.93
757.48	738.67
755.26	739.59
753.1	740.3
750.92	740.51
749.17	740.44
748.21	740.61
747.87	741.47
747.67	743.1
747.31	745.38
746.89	748.19
746.71	751.32
746.74	754.43
746.65	757.06
746.18	758.92
745.48	760.11
744.82	760.97
743.61	761.62
740.11	761.87
733.81	761.67
727.48	761.49
725.2	762.01
728.28	763.28
733.84	764.62
737.42	765.18
736.52	764.63
732.01	763.28
726.77	761.67
723.26	760.11
722.36	758.54
723.29	756.84
724.46	754.95
724.86	753.02
724.32	751.21
722.73	749.59
718.41	748.02
707.71	746.17
688.29	743.8
663.22	741.3
640.54	739.57
627.73	739.36
626.43	740.46
631.86	741.67
637.47	741.72
639.87	740.22
639.81	737.82
639.73	735.48
640.82	733.58
642.13	731.73
642.14	729.35
640.68	726.46
639.13	723.76
638.76	721.88
639.66	720.79
640.62	719.67
639.58	717.52
634.98	713.96
627.29	709.46
619.03	705.04
612.94	701.51
610.28	699.14
610.3	697.72
611.09	696.86
610.89	696.14
608.99	695.2
605.94	693.89
603.13	692.32
601.91	690.72
602.61	689.19
604.21	687.49
605.32	685.44
605.41	683.14
605.15	680.92
605.48	678.88
606.71	676.71
608.34	674.13
609.63	671.34
610.25	668.98
610.33	667.51
609.98	666.75
609.14	666.08
607.8	665.03
606.17	663.68
604.72	662.4
603.99	661.45
604.02	660.72
604.38	659.85
604.75	658.56
605.29	656.68
606.24	654.14
607.56	651.07
609	647.91
610.54	645.35
612.31	643.95
614.1	643.64
615.38	643.84
615.82	643.91
615.65	643.65
615.33	643.23
614.94	642.76
614.13	642.04
612.77	640.87
611.28	639.45
610.1	638.35
609.02	637.96
607.5	638.11
605.48	638.25
603.69	637.94
602.99	637.13
603.35	636.03
603.89	634.86
603.84	633.76
603.27	632.92
602.97	632.46
603.5	632.28
604.62	632.06
605.53	631.55
605.64	630.86
605.01	630.4
604	630.44
602.92	630.86
601.81	631.28
600.61	631.4
600	631.31
602.13	631.39
610.25	632.06
627.12	633.61
653.21	636.14
686.7	639.56
724.19	643.47
760.68	646.94
790.78	648.97
811.6	649.18
824.33	648.1
832.83	646.62
840.49	645.27
848.16	643.98
854.61	642.48
858.66	640.77
860.36	639.06
860.67	637.57
860.47	636.25
860.37	635.09
860.85	634.28
862.22	634.11
864.21	634.61
866.11	635.53
867.61	636.76
869.13	638.68
871.31	641.95
874.2	646.95
877.05	653.49
879.06	661.1
880.29	669.5
881.49	678.7
883.05	688.74
884.45	699.33
884.93	710.06
884	720.69
881.52	731.25
878.2	741.98
875.73	753.12
875.63	764.71
877.89	776.61
881	788.56
883.03	800.32
882.8	811.7
880.59	822.64
877.93	833.27
876.43	843.78
876.47	854.17
876.9	864.06
876.45	873.1
875.32	881.32
875.15	889.21
877.19	897.24
880.9	905.47
884.49	913.62
886.65	921.58
887.61	929.49
888.37	937.5
889.19	945.27
889.08	951.92
887.27	956.79
884.62	960.04
882.88	962.45
882.82	964.7
883.61	966.93
883.81	968.93
882.54	970.55
879.79	971.85
876.02	972.87
871.39	973.4
865.71	973.03
858.88	971.44
851.14	968.71
842.89	965.27
833.47	961.59
821.47	958.04
807.77	955.07
796.75	953.2
793.19	952.46
797.77	952.12
805.98	951.03
811.45	948.5
810.69	944.74
805.2	940.5
799.42	936.36
797.11	932.43
799.02	928.54
803.25	924.54
807.2	920.51
809.35	916.57
809.83	912.79
809.85	909.13
810.62	905.41
812.55	901.43
815.05	896.97
817.05	891.91
817.85	886.22
817.67	879.97
817.13	873.24
816.31	866.02
814.74	858.43
812.35	850.96
809.84	844.22
808.01	838.37
806.93	832.92
805.83	827.15
803.86	820.81
800.75	814.36
796.95	808.46
793.22	803.25
790.24	798.26
788.28	792.98
787.28	787.35
786.98	781.77
786.93	776.6
786.58	771.85
785.54	767.3
783.88	762.92
782.04	758.97
780.45	755.6
779.24	752.61
778.37	749.6
777.94	746.43
777.92	743.33
777.96	740.57
777.44	738.23
775.94	736.2
773.7	734.49
771.56	733.35
770.21	732.89
769.56	732.85
768.96	732.86
768.09	732.77
767.25	732.89
766.98	733.54
767.36	734.66
767.85	735.8
767.99	736.54
767.88	736.81
767.98	736.8
768.51	736.67
769.2	736.46
769.61	736.32
769.65	736.5
769.56	737.19
769.36	738.18
768.55	738.97
766.84	739.19
764.67	738.93
762.83	738.52
761.09	738.11
757.56	737.49
750.84	736.45
742.39	735.32
735.67	734.71
732.97	735.02
733.41	736.18
734.89	738.06
737.22	740.59
742.02	743.62
749.69	746.52
757.69	748.41
762.38	748.85
762.2	748.22
758.64	747.36
754.28	746.79
750.02	746.17
745.6	744.97
741.87	743.31
740.85	741.99
743.37	741.67
747.68	742.15
750.66	742.56
750.39	742.2
747.57	741.07
744.53	739.69
742.92	738.51
742.64	737.63
742.69	736.9
742.39	736.16
741.76	735.32
741.07	734.25
740.44	732.85
739.97	731.26
739.73	729.8
739.63	728.78
739.33	728.05
738.5	727.11
737.19	725.48
735.96	723.11
735.37	720.41
735.42	717.74
735.56	715.19
735.19	712.66
734.27	710.21
733.37	708.08
733.01	706.43
733.02	705.16
732.83	703.95
732.16	702.64
731.41	701.25
731.09	699.83
731.06	698.3
730.64	696.65
729.42	695.11
727.76	694.03
726.57	693.51
726.58	693.18
727.93	692.42
730.21	690.89
732.93	688.83
735.45	686.73
736.88	684.84
736.71	683.1
735.99	681.49
736.7	680.15
739.54	678.97
742.52	677.45
742.92	675.23
740.37	672.66
737.28	670.6
736.25	669.56
737.53	669.13
739.06	668.27
738.78	666.34
736.52	663.6
733.48	660.84
730.06	658.51
725.93	656.42
721.87	654.32
719.85	652.35
721.16	650.83
724.69	649.79
727.32	648.84
726.5	647.56
722.21	646.07
717.03	645.02
714.94	645.04
718.94	646.08
728.59	647.33
739.88	647.87
747.92	647.27
750.05	645.69
747.05	643.64
742.02	641.61
738.15	639.94
736.93	638.68
737.68	637.63
738.44	636.42
737.68	634.95
735.51	633.62
733.3	633.13
732.22	633.84
732.18	635.38
732.4	636.86
732.36	637.59
732.15	637.49
731.93	636.98
731.1	636.46
729.04	636.08
726.89	635.95
727.38	636.2
732.59	636.76
742.23	637.21
754.16	637.07
766.45	636.27
778.66	635.24
791.26	634.42
804.48	633.81
817.73	633.05
830.1	631.92
841.14	630.71
851.02	629.93
859.97	629.86
867.87	630.26
874.37	630.64
879.47	630.6
883.63	629.97
887.35	628.71
890.76	626.93
893.8	625.02
896.5	623.62
898.92	623.3
900.99	624.06
902.64	625.3
904.05	626.32
905.75	626.91
908.3	627.51
911.64	628.86
914.98	631.63
917.45	636.28
918.9	643.14
919.87	652.29
920.84	663.32
921.63	675.34
921.74	687.51
921.17	699.48
920.48	711.51
920.17	723.93
920.2	736.55
920.18	748.81
920.04	760.3
920.17	771.18
920.82	781.91
921.55	792.68
921.6	803.27
920.6	813.45
918.9	823.39
917.41	833.55
916.8	844.16
916.94	854.88
917.11	865.04
916.29	874.12
913.87	882.04
909.9	889.12
905.01	895.85
900.92	902.82
900.55	910.43
905.87	918.57
915.3	926.41
923.8	932.87
926.61	937.41
923.07	940.44
916.86	943.03
912.45	946.02
911.67	949.53
913.21	953.15
914.79	956.44
915.11	959.21
914.13	961.35
912.35	962.63
910.39	962.88
908.86	962.2
908.09	960.93
907.72	959.41
906.88	957.77
904.86	956.11
901.62	954.53
897.62	953.05
893.17	951.41
888.05	949.09
881.8	945.7
874.36	941.42
866.44	936.97
859.32	933.04
854.1	929.74
851.22	926.55
850.51	922.9
851.44	918.73
853.24	914.43
854.97	910.39
855.78	906.61
855.59	902.83
854.95	898.77
854.22	894.31
853.04	889.33
850.95	883.8
848.21	877.97
845.76	872.26
844.24	866.96
843.35	861.87
842.22	856.42
840.35	850.23
838.03	843.39
836.02	836.37
834.74	829.57
833.91	823.11
832.96	816.88
831.68	810.83
830.14	804.93
827.72	798.94
823.16	792.42
816.62	785.31
810.28	778.22
806.55	771.95
806.41	766.88
809.1	762.72
812.83	758.91
815.84	755.02
817.32	751.01
817.42	747.02
816.7	743.23
815.72	739.79
814.92	736.81
814.59	734.27
814.68	731.88
814.61	729.24
812.74	726.08
805.81	722.39
790.66	718.34
767.89	714.26
743.49	710.7
725.53	708.27
718.68	707.32
721.3	707.68
727.14	708.71
729.82	709.63
726.71	710.03
719.58	710.14
712.41	710.57
708.18	711.71
707.17	713.32
707.95	714.81
709.39	715.83
711.15	716.56
712.64	717.36
712.63	718.31
710.42	719.26
706.94	720.19
704.51	721.4
705.1	723.26
708.92	725.72
715.56	728.36
726.56	731.08
744.34	734.21
767.85	737.92
790.94	741.57
806.06	743.99
809.97	744.46
805.95	743.36
800.65	741.9
798.78	741.14
800.51	741.24
802.85	741.58
803.1	741.42
801.06	740.55
798.38	739.26
796.54	738.01
795.65	737.18
794.91	736.99
793.58	737.5
791.61	738.5
789.38	739.49
787.37	739.97
785.95	739.81
785.21	739.25
784.73	738.6
783.76	737.91
781.94	736.98
779.7	735.64
777.96	733.92
777.27	731.88
777.36	729.56
777.55	726.97
777.48	724.26
777.46	721.74
777.99	719.59
779.1	717.74
780.09	715.9
780.09	713.93
779.04	712.06
777.71	710.67
776.83	709.84
776.4	709.23
775.9	708.37
774.98	707.04
773.88	705.32
773	703.35
772.38	701.16
771.62	698.84
769.81	696.54
766.39	694.42
762.37	692.5
759.78	690.59
759.9	688.44
762.12	685.94
764.58	683.34
765.54	680.98
764.09	678.98
760.25	677.13
754.59	675.12
748.1	672.76
742.11	670.03
737.31	666.91
733.2	663.5
729.81	660.31
729.24	658.25
734.32	657.87
745.04	658.73
757.24	659.54
765.55	659.17
767.53	657.46
765.02	655.11
761.89	652.85
760.82	650.96
762.05	649.26
764.31	647.6
766.29	645.93
767.28	644.24
767.22	642.43
766.54	640.44
765.8	638.43
765.3	636.68
764.97	635.39
764.45	634.51
763.43	633.91
762	633.48
760.52	633.11
759.2	632.58
757.9	631.64
756.41	630.2
754.95	628.51
754.11	626.99
754.17	625.87
754.78	625.06
755.31	624.42
755.57	624.01
755.97	624.01
756.87	624.31
758.03	624.54
758.81	624.47
758.77	624.37
757.94	624.78
756.65	625.85
755.07	627
753.21	627.35
751.19	626.54
749.44	624.97
748.31	623.45
747.75	622.51
747.38	622.11
746.93	621.85
746.47	621.42
746.42	620.76
747.1	619.93
748.48	619.01
750.31	618.12
752.45	617.44
754.77	617.07
756.94	616.9
758.41	616.63
758.89	616.14
758.73	615.61
758.65	615.23
758.92	614.85
759.29	614.01
759.77	612.45
761.09	610.53
764.38	609.02
770.31	608.46
778.71	608.67
788.92	609.06
800.44	609.13
813.12	608.84
826.8	608.43
840.63	608.03
852.83	607.56
861.44	606.85
865.78	605.92
867.27	604.97
868.39	604.23
870.88	603.88
874.56	604.09
877.69	604.9
878.93	606.23
879.25	607.83
881.99	609.46
890.08	610.99
903	612.35
916.46	613.37
925.4	613.82
927.59	613.68
924.89	613.34
921.47	613.65
920.58	615.38
922.53	618.85
925.1	623.86
925.78	630.16
923.89	637.71
920.72	646.64
917.96	657.01
916.32	668.7
915.4	681.57
914.6	695.47
913.88	710.06
913.58	724.58
913.79	738.07
914.32	749.94
914.94	760.34
915.59	770.07
916.25	780.01
916.77	790.72
917.22	802.33
918.07	814.63
919.86	827.1
922.64	838.97
925.92	849.56
929.19	858.72
932.25	867.03
935.33	875.32
938.65	884.01
941.94	892.84
944.59	901.24
946.16	908.84
946.84	915.73
947.26	922.13
947.9	928.03
948.73	933.22
949.34	937.58
949.33	941.25
948.59	944.46
947.2	947.26
945.34	949.56
943.3	951.32
941.63	952.77
940.73	954.24
940.31	955.86
939.56	957.38
937.97	958.38
935.77	958.5
933.38	957.56
930.77	955.57
927.54	952.73
923.39	949.54
918.44	946.55
912.91	944.04
906.41	941.74
897.93	938.99
887.17	935.41
876.14	931.3
868.35	927.37
865.91	923.99
867.34	920.84
869.13	917.45
869.18	913.85
868.26	910.59
868.04	907.97
868.35	905.42
867.9	901.96
866.46	897.16
865.22	891.46
865.08	885.64
864.98	880.08
862.85	874.69
858.3	869.45
854.07	864.67
854.3	860.5
860.77	856.42
870.89	851.41
879.49	844.85
882.75	836.99
880.53	828.72
875.64	820.75
871.2	813.21
868.72	805.94
867.83	798.81
867.36	791.87
866.34	785.24
864.56	779.09
862.46	773.64
860.7	769.05
859.67	765.22
859.16	761.69
858.39	757.9
856.64	753.62
853.87	749.08
850.63	744.63
847.51	740.36
844.77	736.07
842.51	731.74
840.9	727.71
840.09	724.48
839.79	722.26
838.94	720.75
836.52	719.55
832.64	718.68
828.58	718.45
825.95	719.05
825.51	720.2
826.57	721.27
827.57	721.74
827.25	721.54
825.43	720.85
822.75	719.86
820.02	718.75
817.87	717.81
816.62	717.56
816.13	718.34
815.87	720.1
815.31	722.4
814.48	724.81
813.76	727.17
813.29	729.47
812.74	731.59
811.76	733.29
810.46	734.44
809.3	735.22
808.47	735.93
807.59	736.87
806.08	738.21
803.97	740.03
802	742.24
800.85	744.52
800.38	746.4
799.72	747.47
798.15	747.79
795.8	747.81
793.28	747.97
790.52	748.24
786.46	748.17
780.75	747.52
775.03	746.66
771.76	746.25
771.65	746.55
772.79	747.07
772.43	747.04
769.33	746.1
764.41	744.46
759.43	742.59
755.26	740.79
751.67	739.09
747.78	737.48
742.8	735.93
737.01	734.53
732.14	733.49
730.82	733.05
735	733.2
743.43	733.41
751.05	732.77
753.04	730.68
749.59	727.48
745.6	724.29
745.79	722.03
750.71	720.78
756.89	719.89
760.32	718.6
759.85	716.78
757.63	714.92
756.57	713.64
757.52	713.06
758.79	712.76
758.13	712.16
755.09	710.95
751.44	709.13
749.32	706.67
749.33	703.43
750.55	699.42
751.78	695.13
752.49	691.38
752.76	688.84
753.01	687.64
753.66	687.4
755.05	687.48
757.11	687.3
759.3	686.43
760.91	684.73
761.69	682.39
761.98	679.89
762.24	677.63
762.58	675.65
762.67	673.71
762.26	671.6
761.56	669.43
761.11	667.48
761.15	665.77
761.4	663.95
761.4	661.66
761.06	658.93
760.62	656.26
760.29	654.07
759.92	652.4
759.31	651.01
758.56	649.81
758.05	649.02
757.95	648.78
758.1	648.8
758.16	648.4
758.13	647.16
758.48	645.38
759.68	643.85
761.48	643.24
763.08	643.58
763.97	644.31
764.35	644.82
764.81	644.81
765.5	644.23
765.68	643.17
764.69	641.8
763.13	640.44
762.23	639.4
761.95	638.58
760.78	637.64
757.98	636.46
754.72	635.34
752.83	634.61
752.86	634.26
753.6	633.98
753.37	633.54
751.21	633.02
747.29	632.49
742.31	631.84
736.69	630.83
730.92	629.48
725.73	628.28
720.78	627.67
713.4	627.35
700.83	626.44
684	624.59
668.16	622.56
658.83	621.56
657	622.04
658.45	623.2
657.9	623.84
653.91	623.52
649.64	622.9
649.68	622.98
657.94	624.37
677.2	627.11
707.03	630.64
741.98	633.83
773.74	635.41
796.19	634.69
809.09	632.01
817.41	628.51
826.99	625.48
840.26	623.59
855.4	622.76
868.69	622.5
877.82	622.54
883.2	622.87
886.85	623.49
890.22	624.02
893.28	623.96
895.12	623.2
895.25	622.28
894.16	621.91
892.8	622.38
891.77	623.32
891.18	624.22
891.01	624.93
891.38	625.75
892.42	627.1
893.96	629.21
895.62	632.25
897.2	636.41
898.77	641.88
900.27	648.65
901.34	656.47
901.68	665.09
901.44	674.46
901.07	684.69
900.76	695.73
900.19	707.31
899.21	719.07
898.15	730.96
897.61	743.16
897.87	755.69
898.71	768.2
899.7	780.2
900.68	791.44
901.87	802.08
903.36	812.33
904.79	822.16
905.66	831.38
905.66	839.89
904.72	847.95
903.49	856.03
903.27	864.57
904.85	873.62
907.75	882.88
910.52	891.83
911.85	900.02
911.26	907.16
909.25	913.31
906.88	918.82
905.04	924.17
903.89	929.59
902.77	934.8
900.69	939.29
897.25	942.82
892.57	945.54
887.19	947.72
881.92	949.59
877.63	951.38
875.55	953.33
877.36	955.51
883.5	957.56
891.61	958.72
897.36	958.41
897.48	956.76
892.16	954.54
884.52	952.53
877.6	950.81
872.06	948.82
866.45	946.03
859.29	942.56
850.35	939.05
840.34	936.02
830.23	933.37
821.01	930.56
813.77	927.22
809.32	923.46
807.68	919.71
807.84	916.2
808.43	912.88
808.64	909.57
808.5	906.1
808.29	902.33
807.92	898.07
807.05	893.29
805.55	888.26
803.82	883.41
802.22	878.97
800.5	874.66
797.85	869.95
793.82	864.55
788.97	858.62
784.47	852.55
781.1	846.5
778.64	840.34
776.36	834.02
773.83	827.77
771.17	821.82
768.61	816.09
766.17	810.16
763.93	803.7
762.28	796.88
761.6	790.23
761.63	784.1
760.46	778.32
755.74	772.41
748.38	766.41
743.13	761.03
744.24	756.89
751.18	753.78
759.07	750.97
763	748.03
761.61	745.19
757.16	742.91
752.89	741.29
750.6	739.88
750.16	738.16
750.56	736.01
750.72	733.72
749.58	731.65
746.9	730.16
744.15	729.58
743.49	730.1
745.53	731.33
748.18	732.32
748.87	732.28
747.43	731.25
745.81	730.11
744.86	729.52
742.47	729.26
736.63	728.73
728.75	727.81
722.44	726.98
720.03	726.75
720.64	727.1
721.35	727.63
719.87	728.15
716.01	728.99
711.63	730.7
709.87	733.46
713.32	736.75
721.81	739.63
731.94	741.44
739.4	742.18
741.76	742.34
739.71	742.47
736.24	742.96
734.31	743.98
734.89	745.43
736.8	746.94
738.05	747.96
737.59	748.22
736.02	747.95
734.71	747.68
734.33	747.7
734.46	747.77
734.4	747.36
734.07	746.25
733.9	744.69
734.11	743.19
734.26	742.01
733.41	741.13
730.67	740.41
726.35	739.87
722.46	739.69
721.4	739.82
723.83	739.82
728.1	739.2
731.79	737.84
733.44	736.08
733.1	734.4
731.84	733.05
730.97	732.06
731.24	731.33
732.4	730.66
733.55	729.71
733.81	728.16
732.99	726
731.38	723.59
729.4	721.36
727.52	719.54
726.29	718.06
726.24	716.66
727.64	715.19
730.1	713.59
732.59	711.78
733.93	709.61
733.77	707.1
732.79	704.57
732.1	702.37
732.26	700.57
732.9	698.78
733.22	696.53
732.73	693.64
731.59	690.35
730.42	687.18
729.87	684.57
730.17	682.65
731.3	681.26
733.07	680.1
735.1	678.82
736.77	677.24
737.62	675.48
737.63	673.91
737.11	672.91
736.33	672.36
735.2	671.67
733.7	670.27
732.19	668.13
731.09	665.74
730.34	663.6
728.99	661.78
725.98	660
721.41	658.13
716.59	656.33
712.76	654.75
709.82	653.22
706.7	651.45
703.53	649.62
702.85	648.44
707.48	648.35
717.02	648.88
727.29	648.87
733.62	647.54
734.58	645.21
732.44	642.99
730.46	641.81
730.29	641.74
731.56	642.08
733.05	642
733.84	641.05
733.69	639.18
732.81	636.67
731.53	634.11
730.25	632.26
729.42	631.62
729.09	632.1
728.83	632.92
728.35	633.24
727.95	632.79
728.28	631.92
729.64	631.18
731.57	630.78
733.3	630.55
734.62	630.2
735.81	629.56
736.88	628.64
737.64	627.67
738.39	627.13
739.97	627.43
742.78	628.56
746.14	629.97
748.56	630.87
748.98	630.84
747.62	630.16
745.72	629.54
744.49	629.47
744.15	629.82
743.99	630.01
743.32	629.62
742.11	628.7
740.87	627.66
740.09	626.78
739.8	626.07
739.73	625.41
739.77	624.81
739.97	624.35
740.26	624.02
740.4	623.66
740.24	623.2
739.98	622.83
739.94	622.83
739.91	623.28
739.23	623.91
737.9	624.42
737.2	624.69
738.84	624.76
743.66	624.61
751.22	624.12
760.63	623.25
771.38	622.24
783.54	621.48
796.93	621.11
810.56	620.87
822.8	620.19
832.88	618.72
841.69	616.58
850.85	614.21
860.95	611.93
870.9	609.82
878.99	607.8
884.25	605.94
886.93	604.36
887.29	603.1
884.95	602.07
879.87	601.17
873.28	600.43
867.72	600
866.06	600.01
870.21	600.53
879.61	601.59
890.95	603.25
899.89	605.6
903.74	608.75
902.88	612.86
900.02	618.27
898.13	625.36
898.51	634.31
900.44	644.85
902.32	656.37
903.28	668.29
903.88	680.34
905.43	692.52
908.61	704.8
912.89	717.01
917.19	728.99
920.73	740.87
923.41	752.89
925.4	765.09
926.87	777.15
928	788.76
929.18	800.05
930.64	811.42
932.2	823.14
933.34	834.88
933.83	845.97
934.27	855.92
935.49	864.79
937.57	873
939.7	880.96
941	888.87
941.57	896.83
942.36	904.89
944.08	912.83
946.39	920.2
948.17	926.58
948.74	932.03
948.48	937.12
948.27	942.4
948.55	947.82
948.92	952.71
948.54	956.4
946.91	958.72
944.5	960.05
942.52	960.98
941.88	961.89
942.5	962.93
943.43	963.97
943.46	964.74
941.7	964.83
937.97	963.92
932.79	961.99
926.93	959.24
920.79	955.94
914.05	952.17
906.02	947.99
896.45	943.79
885.93	940.27
875.6	937.88
866.47	936.37
858.95	934.84
853.19	932.43
848.93	928.81
845.01	924.07
840.62	918.61
836.98	913.01
836.34	907.95
839.59	903.83
845.08	900.42
849.69	896.89
850.92	892.28
848.35	886.25
843.28	879.23
837.06	871.91
829.93	864.46
820.45	856.42
806.17	847.21
786.71	837.01
766.18	827.14
752.21	819.38
752.12	814.76
766.68	812.64
785.71	810.56
792.88	805.65
779.04	796.78
750.95	785.64
725.39	775.38
714.37	768.17
716.58	763.77
721.51	760.31
720.01	755.98
710.86	750.31
699.63	744.16
692.75	738.84
692.49	735.06
695.95	732.51
698.32	730.28
696.98	727.62
693.01	724.49
689.36	721.29
688	718.31
688.84	715.57
691.12	713.04
694.41	710.86
698.19	709.19
701.3	707.83
702.71	706.37
702.59	704.64
702.14	702.95
702.63	701.87
704.39	701.73
706.02	702.23
705.23	702.67
701.02	702.73
694.92	702.71
689.65	703.2
686.87	704.53
686.16	706.53
685.96	708.82
684.98	711.05
682.95	712.99
680.19	714.52
677.27	715.68
674.82	716.7
673.38	717.88
672.93	719.24
672.9	720.45
672.53	721.11
671.49	721.13
670.08	720.87
668.76	720.76
667.61	720.92
666.39	721.16
664.78	721.3
662.8	721.34
660.98	721.41
660.07	721.56
660.36	721.72
661.45	721.96
662.77	722.46
664.06	723.36
665.1	724.42
665.3	725.13
664.3	725.14
662.66	724.73
661.57	724.48
661.68	724.73
662.54	725.25
663.04	725.55
662.64	725.43
661.94	725.08
661.86	724.8
662.5	724.62
663.08	724.34
662.91	723.75
662.21	722.83
661.72	721.54
661.58	719.73
660.78	717.33
658.07	714.66
653.66	712.38
649.89	711.09
650.15	710.86
657.3	711.36
672.38	712.14
693.96	712.96
717.78	713.61
737.62	713.64
748.81	712.65
751.42	710.72
749.74	708.48
748.62	706.57
750.24	705.2
753.6	704.17
756.5	703.25
757.84	702.4
758.05	701.53
758.08	700.38
758.36	698.62
758.77	696.17
759.12	693.35
759.45	690.62
759.87	688.19
760.12	685.94
759.87	683.7
759.07	681.54
757.99	679.7
756.95	678.3
756.06	677.14
755.34	675.94
754.94	674.5
755.09	672.79
755.81	670.83
756.55	668.7
756.61	666.63
755.9	665
754.97	664.07
754.43	663.65
754.39	663.09
754.55	661.84
754.68	659.94
754.85	657.92
755.05	656.26
754.93	654.95
754.21	653.58
753.02	651.87
751.86	649.98
751.17	648.3
750.84	647.01
750.16	645.91
748.54	644.66
746.2	643.19
744.13	641.79
743.22	640.83
743.6	640.41
744.59	640.29
745.41	640.12
745.74	639.64
745.64	638.68
745.14	637.26
744.24	635.66
743.33	634.36
743.04	633.67
743.59	633.46
744.27	633.21
743.65	632.47
740.65	631.2
735.59	629.73
729.37	628.34
723.08	627.03
718.59	625.81
717.65	624.84
720.17	624.27
723.79	623.94
725.37	623.37
723.51	622.3
719.95	621.09
718.6	620.56
722.71	621.23
732.28	622.75
743.87	624.28
753.06	625.14
757.4	625.24
757.37	624.88
755.15	624.38
752.85	623.99
751.67	623.96
751.75	624.48
752.58	625.43
753.32	626.39
753.41	626.86
752.96	626.74
752.6	626.28
752.67	625.7
752.85	624.98
752.53	623.96
751.6	622.8
750.53	621.99
749.88	621.92
749.73	622.47
749.66	623.14
749.1	623.45
747.83	623.29
746.34	622.84
745.49	622.3
745.94	621.74
747.74	621.22
750.64	620.94
754.63	621.06
760.14	621.34
767.65	621.2
777.37	620.26
789.22	618.77
802.84	617.46
817.58	616.89
832.49	616.98
846.7	617.22
859.75	617.18
871.49	616.84
881.63	616.3
889.66	615.48
895.44	614.24
899.58	612.71
903.1	611.44
906.6	610.93
909.79	611.21
911.92	611.75
912.72	611.93
912.71	611.52
912.67	610.79
912.95	610.2
913.45	610.05
914.08	610.47
915.02	611.45
916.38	612.95
917.76	614.97
918.51	617.79
918.37	622.01
917.7	628.34
917.08	637.04
916.73	647.66
916.47	659.39
916.14	671.75
915.65	684.69
914.64	698.19
912.9	711.92
911.13	725.31
910.56	738.07
911.62	750.31
913.32	762.34
913.96	774.32
912.3	786.15
908.64	797.72
904.42	809.07
900.94	820.33
898.67	831.65
897.61	843.2
898.45	855.06
902.32	867.06
908.9	878.62
916.01	889.07
921.18	898.1
923.48	905.97
923.86	913.27
924.02	920.44
924.97	927.43
926.42	933.75
927.38	939.04
927.31	943.49
926.64	947.8
926.22	952.48
926.39	957.41
926.85	961.94
927.14	965.49
927.03	967.94
926.5	969.5
925.46	970.31
923.63	970.35
920.98	969.73
917.88	968.82
914.68	968.06
911.21	967.63
906.94	967.29
901.5	966.65
895.09	965.43
888.27	963.56
881.27	961.01
873.76	957.82
865.41	954.13
856.59	950.17
848.31	946.1
841.6	941.87
836.96	937.4
834.42	932.89
833.83	928.74
834.93	925.13
837.16	921.73
839.62	917.8
841.43	912.84
842.1	906.93
841.77	900.66
840.91	894.55
839.87	888.79
838.72	883.32
837.43	878.03
836.02	872.75
834.5	867.16
832.87	860.87
831.11	853.74
828.97	846.1
826.19	838.59
823.25	831.84
821.22	826.08
820.79	821.07
821.51	816.34
822.12	811.39
821.3	805.94
818.44	800.01
814.28	793.98
810.5	788.4
807.98	783.58
806.16	779.3
803.81	774.98
800.62	770.13
797.98	764.88
797.71	759.88
799.91	755.75
802.18	752.46
801.46	749.42
796.99	746.03
790.82	742.15
785.83	738.06
783.12	734.13
781.22	730.53
777.94	727.38
772.96	725.03
768.75	723.89
768.76	723.9
774.45	724.44
783.7	724.75
792.23	724.63
796.49	724.53
795.5	724.86
790.84	725.54
785.51	726.1
782.16	726.27
781.63	726.24
782.66	726.5
783.35	727.32
782.87	728.68
781.93	730.45
781.74	732.48
782.8	734.65
784.43	736.85
785.52	739.07
785.48	741.43
784.6	744.07
783.52	746.85
782.54	749.26
781.41	750.75
779.72	751.11
777.09	750.62
773.7	749.98
770.52	749.93
768.69	750.91
768.43	752.84
768.88	755.19
768.86	757.21
767.65	758.34
765.39	758.48
762.96	758.01
761.4	757.48
761.04	757.17
761.21	756.92
760.98	756.35
759.92	755.34
758.55	754.13
757.69	753.15
757.56	752.49
757.65	751.91
757.46	751.06
756.98	749.83
756.61	748.32
756.61	746.55
756.84	744.54
756.96	742.53
756.97	741.04
757.18	740.51
757.67	740.77
758.04	740.95
757.71	740.17
756.58	738.17
755.07	735.47
753.71	732.8
752.58	730.62
751.55	728.91
750.54	727.51
749.27	726.22
747.2	724.9
743.85	723.38
739.58	721.6
736.06	719.66
735.17	717.69
737.18	715.6
740.21	713.05
741.86	709.86
741.12	706.26
738.68	702.89
735.76	700.27
732.39	698.41
728.01	697
723.1	695.9
719.11	695.13
716.85	694.56
715.45	693.7
713.44	692.14
711.27	690
711.84	687.86
717.52	686.13
726.98	684.66
735.67	682.78
739.37	680.05
737.36	676.67
732.16	673.35
726.84	670.7
722.86	668.92
720.12	667.85
718.2	667.33
717.2	667.25
717.13	667.32
717.4	667.09
717.19	666.21
716.23	664.72
714.99	662.98
714.2	661.35
714.08	659.92
714.33	658.58
714.74	657.31
715.39	656.23
716.26	655.36
717.07	654.45
717.54	653.11
717.99	651.19
719.1	648.88
720.99	646.5
722.9	644.23
723.95	642.15
724.04	640.42
722.98	639.13
718.08	637.87
704.72	635.74
682.77	632.46
661.98	629.38
656.76	628.65
673.14	631.09
702.16	635.18
726.71	638.18
734.93	638.48
728.02	636.72
716.87	634.93
711.93	634.58
715.83	635.47
723.85	636.31
729.87	636.01
731.39	634.48
729.98	632.35
728.57	630.3
728.86	628.68
730.85	627.6
733.65	626.94
736.25	626.47
737.95	625.93
738.48	625.31
737.57	624.86
735.05	624.79
731.69	625.05
728.91	625.3
728.01	625.24
729.5	624.94
732.58	624.71
735.23	624.6
735.15	624.29
731.8	623.46
727.24	622.39
724.41	621.69
724.6	621.71
726.4	622.1
726.97	622.11
723.4	621.09
712.78	618.6
693.87	614.59
669.79	609.7
647.63	605.19
634.17	602.42
631.41	602.03
635.51	603.49
639.9	605.39
640.03	606.44
636.18	606.31
632.44	605.74
632.9	605.65
638.78	606.32
648.66	607.22
660.63	607.64
673.68	607.17
687.39	605.87
701.36	604.12
715.25	602.47
729.1	601.53
743.11	601.75
757.09	602.96
771.84	604.61
790.39	606.37
815.29	608.32
844.34	610.59
870.21	612.87
885.48	614.45
888.86	614.86
885.99	614.32
884.38	613.57
887.65	613.31
893.93	613.62
898.88	614.05
899.9	614.19
897.97	614.16
896.02	614.5
896.11	615.67
898.06	617.71
900.11	620.45
900.79	624.04
899.98	629.12
898.63	636.47
897.6	646.34
897.14	658.27
897.22	671.4
897.92	685.02
899.37	698.82
901.42	712.72
903.51	726.69
905.15	740.7
906.41	754.62
907.66	768.18
908.98	781.05
910.16	793.01
911.02	804.25
911.78	815.25
912.76	826.36
914.01	837.51
915.19	848.23
916.05	858.16
916.85	867.39
918	876.44
919.56	885.76
921.15	895.47
922.56	905.36
924.1	915.1
926.23	924.3
928.84	932.55
931.04	939.53
932.01	945.29
931.75	950.34
931.02	955.3
930.39	960.34
929.66	965.05
928.15	968.77
925.43	971.2
921.63	972.5
917.26	973.1
912.67	973.3
908.01	973.27
903.45	973.17
898.71	973.19
892.76	973.22
884.25	972.83
873.21	971.66
862.52	969.88
856.63	968.07
857.89	966.57
863.83	965.06
868.46	962.93
866.62	959.95
857.56	956.49
844.91	953.17
833.35	950.27
825.46	947.59
821.21	944.77
819.29	941.64
818.6	938.27
818.51	934.75
818.65	931.1
818.83	927.22
819.18	922.97
819.75	918.2
820.1	912.76
819.59	906.66
818.13	900.3
816.45	894.28
815.41	888.99
815.2	884.17
815.17	879.12
814.73	873.32
813.91	866.86
813.14	860.3
812.61	854.06
812.04	848.03
811.04	841.78
809.68	835.13
808.44	828.36
807.62	821.9
806.99	815.94
806.11	810.31
804.83	804.83
803.47	799.47
802.41	794.31
801.42	789.37
799.98	784.63
797.96	780.22
795.9	776.42
794.38	773.31
793.42	770.61
792.55	767.87
791.41	764.89
790.21	761.89
789.34	759.18
788.95	756.75
788.87	754.23
788.89	751.34
788.94	748.23
788.96	745.31
788.63	742.9
787.65	740.99
786.21	739.52
784.98	738.56
784.45	738.32
784.49	738.81
784.42	739.76
783.62	740.79
782.03	741.66
780.2	742.35
778.64	742.96
777.3	743.59
776.08	744.32
775.32	745.27
775.59	746.46
776.87	747.67
778.21	748.53
778.57	748.92
777.57	749.08
775.57	749.41
773.04	749.98
769.76	750.49
765.3	750.55
759.6	750.15
753.12	749.64
747.24	749.49
744.51	750.09
747.44	751.55
756.23	753.66
767.55	755.97
776.29	757.97
778.97	759.28
775.86	759.8
770.36	759.85
766.37	759.99
765.65	760.56
767.03	761.42
768.06	762.11
767.39	762.44
765.47	762.66
763.58	763.12
762.37	763.74
761.52	764.01
760.51	763.48
759.28	762.16
758.06	760.4
756.98	758.58
756.04	756.82
755.3	755.11
754.89	753.46
754.85	751.96
755.03	750.65
755.11	749.48
754.85	748.42
754.45	747.51
754.36	746.72
754.8	745.84
755.45	744.55
755.75	742.79
755.4	740.89
754.71	739.36
754.19	738.4
753.98	737.71
753.86	736.82
753.74	735.46
753.73	733.74
753.81	731.87
753.66	729.94
753.01	727.99
752.11	726.15
751.58	724.58
751.69	723.21
752.01	721.72
751.9	719.73
751.15	717.22
750.15	714.49
749.49	711.8
749.26	709.12
749.06	706.23
748.51	703.16
747.84	700.27
747.65	697.94
748.12	696.11
748.77	694.35
748.92	692.23
748.46	689.73
748.05	687.15
748.22	684.8
748.75	682.77
749.02	680.99
748.88	679.29
748.73	677.5
748.66	675.44
747.77	673.02
745.15	670.54
741.59	668.65
739.23	667.82
739.25	667.78
740.5	667.55
740.47	666.24
736.98	663.82
729.89	661.06
721.6	658.91
714.88	657.81
710.86	657.55
709.43	657.75
710.91	658.2
715.98	658.7
724.04	658.92
732.47	658.56
738.09	657.69
739.51	656.65
737.91	655.61
735.66	654.32
734.54	652.49
735.06	650.26
736.84	648.32
739.07	647.27
740.95	647.03
742.05	646.96
742.65	646.48
743.51	645.48
745.06	644.2
746.99	642.85
748.51	641.44
749.16	640.07
749.25	639.07
749.63	638.72
750.74	638.94
752.14	639.21
753.02	638.97
753.11	638.08
752.8	636.84
752.62	635.77
752.72	635.26
752.86	635.52
752.8	636.54
752.19	638.01
750.66	639.36
748.63	640.05
747.68	639.96
749.17	639.36
752.02	638.46
753.65	637.27
753.3	635.85
753.26	634.52
756.28	633.63
762.48	633.2
769.08	632.87
772.84	632.35
772.64	631.71
769.97	631.46
767.46	631.96
766.65	633.04
767.14	634.1
767.49	634.69
766.7	634.93
764.89	635.35
762.87	636.26
761.06	637.37
759.29	637.99
757.37	637.63
755.53	636.38
754.13	634.73
753.14	633.24
752.07	632.27
750.67	631.97
749.38	632.29
748.84	632.89
749.02	633.2
749.33	632.73
749.27	631.5
748.65	629.91
747.85	628.39
748.46	627.11
752.93	626.01
762.93	624.9
777.67	623.54
793.84	621.71
807.16	619.27
815.39	616.42
820.48	613.98
826.74	612.89
836.56	613.41
848.63	614.9
860.2	616.33
870.63	617.03
881.59	616.94
894.09	616.32
906.27	615.38
914.67	614.17
917.38	612.79
915.83	611.51
913.42	610.65
912.72	610.27
913.86	610.21
915.24	610.29
915.4	610.64
914.27	611.65
912.84	613.57
911.97	616.36
911.62	619.84
911.13	624.15
910.1	629.83
908.69	637.42
907.23	646.95
906.02	658.01
905.44	670.19
905.85	683.42
907.3	697.81
909.33	713.23
911.3	729.22
912.96	745.26
914.65	761.05
916.77	776.4
919.17	791.12
921.22	805
922.55	817.97
923.37	830.17
924.12	841.66
924.78	852.26
924.88	861.76
924.1	870.39
922.8	878.89
921.69	887.96
921.03	897.75
920.55	907.75
919.86	917.34
918.86	926.29
917.75	934.67
916.7	942.51
915.6	949.63
914.31	955.93
912.96	961.65
911.94	967.31
911.42	973.17
910.96	979
909.77	984.27
907.67	988.67
905.41	992.22
903.76	994.9
902.56	996.46
900.94	996.66
898.38	995.73
895.08	994.44
891.64	993.53
888.4	993.17
885.29	992.86
882.16	991.97
878.93	990.14
875.37	987.41
871.04	983.98
865.5	980.04
858.58	975.86
850.36	971.67
841	967.65
830.88	963.79
821.05	960.03
813.82	956.5
811.13	953.29
812.57	950.17
815.25	946.62
815.81	942.28
813.22	937.4
809.15	932.63
804.94	928.07
798.74	922.64
787.43	915.07
771.03	905.45
754.2	895.63
743.02	887.81
740.04	882.64
742.35	878.69
744.81	873.82
744.71	866.95
743.25	858.65
743.66	850.3
749.71	843.19
764.44	838.09
787.27	835
812.26	832.93
831.11	830.43
838.83	826.37
836.97	820.65
831.72	814.18
828.89	808.17
830.19	803.23
833.22	799.1
834.55	795.08
832.84	790.7
829.49	786
826.75	781.23
825.55	776.55
825.13	772.01
824.34	767.78
822.77	764.16
820.7	761.32
818.46	759.09
816.29	757.02
814.44	754.72
813.3	752.12
813.12	749.42
813.63	746.84
814.1	744.54
814	742.64
813.45	741.31
813.04	740.65
813.14	740.55
813.57	740.66
813.91	740.69
814.15	740.56
814.55	740.46
815.21	740.6
815.72	741.03
815.57	741.73
814.69	742.66
813.62	743.74
812.9	744.78
812.63	745.61
812.53	746.44
812.42	747.85
812.3	750.25
812.18	753.39
811.91	756.32
811.35	758.1
810.65	758.47
810.13	758.03
809.9	757.65
809.62	757.8
808.86	758.42
807.52	759.26
805.55	760.23
802.77	761.39
799.49	762.73
796.79	764.01
795.43	764.98
794.94	765.55
794.26	765.76
792.54	765.61
789.45	765.02
785.33	763.99
780.69	762.69
775.93	761.34
771.36	760.13
767.97	759.23
767.87	758.88
772.97	759.18
782.53	759.88
792.55	760.4
798.19	760.26
797.38	759.4
792.03	758.34
786.18	757.67
782.76	757.59
781.89	757.75
781.7	757.6
780.54	756.77
778.3	755.27
775.98	753.21
774.41	750.59
773.67	747.47
773.36	744.23
773.18	741.47
772.9	739.54
772.14	738.21
770.57	736.88
768.44	735.13
766.63	732.99
765.74	730.79
765.44	728.81
764.9	727.22
763.76	725.99
762.51	724.92
761.81	723.59
761.82	721.56
762.26	718.73
762.75	715.5
763.06	712.51
763.01	710.17
762.44	708.38
761.25	706.81
759.63	705.28
758.21	703.89
757.56	702.76
757.53	701.64
757.33	700.08
756.37	697.91
754.95	695.43
753.89	693.13
753.75	691.13
754.39	689.16
755.29	686.98
756.19	684.77
757.22	682.92
758.42	681.53
759.53	680.25
760.28	678.6
760.68	676.53
760.83	674.32
759.94	672.08
756.62	669.55
751.37	666.62
747.53	663.79
748.37	661.73
753.64	660.57
759.44	659.76
761.85	658.75
760.31	657.63
757.49	656.93
755.84	656.85
754.85	656.74
753.06	655.83
751.34	654.12
752.46	652.4
757.6	651.34
764.14	650.81
767.82	650.12
766.77	648.8
762.71	646.86
758.92	644.62
756.46	642.23
753.37	639.66
747.46	637.1
739.32	635.19
732.85	634.67
732.9	635.62
741.44	637.36
755.38	638.9
768.48	639.65
775.72	639.59
776.21	638.95
772.97	638.02
770.14	637.09
770.18	636.5
772.85	636.49
776.18	636.96
778.03	637.49
777.49	637.73
775.34	637.71
773.09	637.71
771.54	637.89
770.22	638.01
768.25	637.76
765.35	637.21
762.1	636.86
759.22	637.16
756.92	638.06
754.96	639.02
753.12	639.47
751.3	639.21
749.5	638.41
747.86	637.47
746.67	636.84
746.29	636.9
746.9	637.72
748.36	638.93
750.12	639.82
751.63	639.78
752.64	638.76
753.17	637.25
753.33	635.87
753.46	634.94
754.19	634.39
756.44	634.06
761.29	633.9
769.35	633.9
780.02	633.97
791.78	633.93
803.59	633.8
815.89	633.84
829.82	634.24
845.46	634.76
861.18	634.88
874.91	634.32
885.74	633.34
894.13	632.54
900.97	632.32
906.68	632.54
911.18	632.73
914.34	632.54
916.26	631.94
917.18	631.1
917.2	630.24
916.53	629.59
915.7	629.37
915.34	629.64
915.12	630.15
914.06	630.44
912.27	630.37
911.69	630.46
914.15	631.6
919.09	634.52
923.55	639.48
924.4	646.5
920.38	655.4
913.02	665.95
906.11	677.79
902.78	690.43
903.24	703.38
904.95	716.38
904.44	729.32
900.21	742.12
893.78	754.75
888.5	767.38
888.02	780.25
894.39	793.43
906.42	806.54
919.68	819.09
929.11	830.97
932.38	842.65
931.08	854.78
928.83	867.44
928.37	880.01
929.98	891.57
932.32	901.69
934.05	910.69
934.84	919.24
935.15	927.76
935.38	936.17
935.64	944.17
935.92	951.66
936.1	958.79
935.89	965.71
934.98	972.3
933.44	978.36
931.85	983.76
930.89	988.47
930.64	992.44
930.51	995.5
929.8	997.58
928.31	998.87
926.34	999.63
924.04	1000
921.16	999.86
917.43	999.13
913.23	997.99
909.26	996.78
905.73	995.67
901.99	994.46
897.13	992.81
890.85	990.6
883.56	987.98
875.64	985.12
866.89	981.95
856.97	978.28
846.38	974.16
836.74	969.94
829.64	965.91
825.58	962
823.87	957.87
823.59	953.28
824.16	948.35
825.39	943.35
826.94	938.39
828.18	933.38
828.63	928.25
828.4	923.22
827.86	918.54
827.15	914.18
826.13	909.79
824.69	904.99
823.18	899.63
822.11	893.71
821.2	887.14
819.36	879.77
816.34	871.74
813.61	863.52
812.86	855.58
814.06	847.95
815.33	840.36
814.74	832.76
812	825.56
808.54	819.21
806.06	813.71
805.03	808.52
804.68	803.16
803.62	797.71
800.74	792.58
795.75	788.04
789.02	783.84
781.58	779.6
775.03	775.34
770.45	771.52
768.09	768.51
768.23	766.19
771.43	764.03
777.35	761.59
783.98	758.89
788.53	756.3
789.25	754.14
786.55	752.42
782.66	750.94
780.15	749.46
780.1	747.81
781.38	745.95
781.91	744.04
780.84	742.5
779.15	741.86
778.33	742.28
778.67	743.36
779.25	744.44
779.12	745.11
778.22	745.5
777.11	745.92
776.24	746.43
775.51	746.72
774.63	746.57
773.63	746.16
772.75	746
771.87	746.5
770.53	747.66
768.41	749.2
765.96	750.81
764.17	752.27
763.59	753.36
763.75	753.87
763.67	753.86
762.83	753.78
761.53	754.19
760.34	755.31
759.52	756.81
758.92	758.13
758.45	759.08
758.27	759.84
758.43	760.72
758.57	761.71
758.28	762.59
757.49	763.14
756.53	763.35
755.73	763.4
754.97	763.43
753.91	763.56
752.76	763.86
752.27	764.35
752.89	764.82
754.07	764.87
754.67	764.17
754.1	762.81
752.9	761.26
752.09	759.9
751.98	758.71
752.03	757.39
751.7	755.92
751.12	754.67
750.89	753.97
751.22	753.67
751.76	753.17
752.15	752.16
752.44	750.97
752.9	750.19
753.57	750.02
754.22	749.92
754.64	749.06
754.76	746.97
753.88	743.63
750.11	739.28
742.51	734.38
733.85	729.76
728.76	726.28
729.01	724.09
732.03	722.62
733.27	721.05
730.14	719.08
723.65	716.97
715.27	714.65
703.93	711.25
688.12	705.96
669.85	699.28
654.48	693.04
646.49	689.01
646.28	687.58
651.07	687.62
657.09	687.45
660.78	685.88
659.93	682.73
654.78	678.7
647.89	674.91
642.53	672.23
640.69	671.03
642.19	671.05
645.12	671.57
647.3	671.73
647.59	671.04
646.44	669.58
645.19	667.83
644.84	666.16
645.27	664.53
645.57	662.6
645.03	660.27
643.89	657.89
642.9	656.08
642.43	655.22
642.12	655.18
641.45	655.41
640.41	655.38
639.51	654.74
639.11	653.38
639.04	651.36
638.87	649.03
638.54	646.89
638.38	645.36
638.65	644.42
639.32	643.68
640.27	642.76
641.78	641.66
644.28	640.61
647.65	639.83
650.93	639.27
653.02	638.92
653.55	638.93
653.23	639.6
652.98	640.87
653.19	642.25
653.66	643.06
654.06	642.91
654.15	641.87
653.8	640.3
653.05	638.61
651.9	637.11
650.41	636.01
648.8	635.37
647.36	635.04
646.14	634.73
645.03	634.31
644.03	634.02
643.4	634.22
643.38	634.98
643.79	635.87
644.25	636.27
644.66	635.97
645.36	635.24
646.59	634.57
648.25	634.22
650.14	634.12
652.3	634.06
655.41	633.91
660.26	633.6
666.98	632.99
675.41	632.06
685.59	631.15
697.92	630.94
713.09	631.94
731.36	633.99
752.49	636.31
776.31	638.2
802.96	639.64
831.62	641.14
858.99	642.91
880.43	644.5
893.4	645.32
899.33	645.29
902.08	644.86
904.72	644.43
907.84	644.02
910.34	643.41
911.26	642.63
910.73	642.04
909.64	642.06
908.77	642.77
908.36	643.95
908.34	645.45
908.53	647.39
908.71	650.06
908.69	653.7
908.44	658.46
908.14	664.58
908.13	672.41
908.62	682.17
909.42	693.6
910.02	705.98
910.29	718.57
910.71	731.03
911.88	743.38
913.72	755.63
915.63	767.65
917.18	779.4
918.61	791.19
920.34	803.34
922.25	815.76
923.81	827.86
924.8	839.1
925.7	849.43
927.11	859.22
929.13	868.84
931.16	878.35
932.47	887.57
933	896.35
933.35	904.61
934.11	912.32
935.32	919.55
936.51	926.57
937.42	933.82
938.32	941.59
939.45	949.66
940.37	957.22
939.87	963.45
936.92	968.07
932.38	971.49
928.63	974.36
927.28	976.87
927.89	978.76
928.93	979.73
929.2	979.91
928.45	979.72
926.92	979.5
924.75	979.28
922	978.93
918.9	978.23
915.76	977.02
912.54	975.17
908.93	972.78
904.56	970.23
899.22	967.88
892.8	965.76
885	963.41
875.44	960.28
864.33	956.33
852.34	952.13
839.9	948.32
827.09	945.03
814.56	941.94
804.7	938.79
801.02	935.72
805.93	932.98
818.39	930.3
833.55	926.93
845.4	922.37
850.51	916.98
849.74	911.77
846.53	907.5
844.06	904.14
843.46	900.99
843.98	897.39
844.35	893.12
843.79	888.25
842.24	882.76
840.11	876.44
838.04	869.21
836.54	861.33
835.63	853.3
834.83	845.62
833.55	838.68
831.65	832.78
829.71	828.02
828.47	824.09
828.07	820.36
827.98	816.25
827.64	811.7
827	807.06
826.15	802.59
824.85	798.12
822.84	793.28
820.57	788.13
819.13	783.34
819.12	779.61
819.97	777.07
820.37	775.17
819.49	773.22
817.68	770.86
815.91	768.19
814.82	765.43
814.18	762.79
813.42	760.45
812.29	758.65
810.98	757.51
809.73	756.81
808.55	756.07
807.37	755.06
806.33	754.04
805.72	753.57
805.64	753.96
805.94	754.91
806.25	755.81
806.31	756.17
805.98	755.96
805.21	755.42
803.9	754.85
802.08	754.53
800.06	754.62
798.24	755.11
796.86	755.69
795.85	755.94
794.75	755.68
793.19	755.22
791.24	755.12
789.29	755.71
787.64	756.82
786.34	758.03
785.24	759.09
784.14	760
782.82	760.9
780.92	761.77
778.19	762.5
774.93	763.12
771.78	763.77
768.78	764.46
764.85	764.87
759.28	764.65
753.39	763.86
749.25	762.91
747.55	762.08
747.36	761.37
748.01	760.73
750.39	760.37
755.92	760.55
764.1	761.27
771.87	762.03
775.74	762.2
774.67	761.46
770.72	760.03
766.86	758.37
764.49	756.75
763.39	755.19
763.19	753.67
763.98	752.25
765.81	751
768.09	749.81
769.72	748.54
769.92	747.14
768.91	745.76
767.66	744.61
766.43	743.5
763.18	741.79
756.14	739.12
748.11	736.22
745.15	734.48
750.37	734.53
760.47	735.54
768.82	735.86
771.2	734.4
768.58	731.32
764.97	727.62
763.47	724.28
764.24	721.84
765.43	720.35
765.45	719.6
764.11	719.13
762.18	718.37
760.41	716.86
759.09	714.44
758.23	711.35
757.77	707.94
757.41	704.51
756.67	701.32
755.33	698.69
753.73	696.91
752.34	695.99
751.24	695.52
750.27	694.94
749.45	694.05
749.26	693.03
750.14	692.13
751.78	691.19
753.37	689.73
754.33	687.46
754.81	684.69
755.31	682.06
756.18	679.98
757.2	678.28
757.93	676.54
758.21	674.55
758.2	672.51
758.09	670.77
757.81	669.45
757.24	668.5
756.62	667.85
756.42	667.46
756.79	667.2
757.17	666.78
756.87	665.99
755.86	664.92
754.49	663.82
752.55	662.68
749.26	661.21
744.68	659.27
740.65	657.3
739.19	655.92
740.54	655.34
742.5	654.99
741.99	654.02
737.78	652.23
732.13	650.39
729.75	649.53
734.31	649.92
745.08	650.84
756.96	651.29
764.25	650.85
764.56	649.73
759.79	648.37
753.92	646.95
750.07	645.44
749.02	643.85
749.61	642.35
750.19	641.13
749.78	640.22
748.49	639.53
747.13	639.08
746.37	638.94
746.28	639.11
745.87	639.37
743.77	639.41
740.22	639.22
737.53	639.11
737.82	639.27
740.83	639.5
744.24	639.51
746.01	639.36
746.04	639.48
745.9	640.32
747.46	641.87
751.88	643.74
759.45	645.51
769.89	646.84
782.56	647.41
796.55	646.88
811.01	645.16
825.67	642.65
840.78	640.12
856.15	638.17
870.62	636.86
882.57	635.77
891.19	634.61
897.09	633.4
901.4	632.33
904.35	631.45
905.56	630.72
905.53	630.28
905.79	630.3
907.36	630.72
909.64	631.13
911.1	631.17
910.9	630.95
909.76	631.07
909.17	632.11
910.06	634.18
912.15	636.96
914.56	640.15
916.78	643.83
919.01	648.38
921.49	654.12
924.09	661.13
926.4	669.35
928.27	678.8
929.84	689.57
931.23	701.48
932.26	714.04
932.77	726.79
933.01	739.59
933.46	752.52
933.94	765.54
933.29	778.26
931.02	790.3
928.61	801.79
928.08	813.11
929.86	824.39
932.1	835.29
932.02	845.31
927.86	854.31
920.13	862.6
911.66	870.75
906	879.22
905.47	888.2
910.64	897.58
920.36	906.88
931.75	915.4
940.87	922.62
944.73	928.55
943.21	933.79
938.98	939.07
935.34	944.67
933.71	950.19
933.16	954.97
932	958.73
929.55	961.81
926.44	964.81
923.41	967.89
920.28	970.64
916.39	972.48
911.68	973.33
907.14	973.65
903.73	973.95
901.29	974.33
898.68	974.41
895.04	973.84
890.44	972.52
885.41	970.57
880.06	968.17
874.03	965.44
866.92	962.49
858.37	959.35
846.84	955.71
830.07	951.06
809.73	945.6
793.25	940.66
788.3	937.7
795.6	936.9
808.07	936.89
816.92	935.89
818.42	933.1
815.32	929.09
812.77	924.93
813.61	921.19
816.89	917.64
819.95	913.77
820.93	909.3
819.63	904.29
816.88	898.83
813.92	892.92
811.95	886.61
811.56	880.01
812.31	873.28
812.95	866.53
812.35	859.89
810.35	853.53
807.76	847.65
805.42	842.12
803.32	836.42
800.36	829.96
795.42	822.61
789.19	815.05
784.07	808.4
781.82	803.39
781.77	799.77
781.62	796.62
779.61	793.08
775.61	788.72
769.73	783.47
761.15	777.37
749.52	770.76
735.49	764.31
719.5	758.49
702.14	753.36
685.68	748.85
673.73	745.03
668.69	742.19
669.55	740.43
672.35	739.35
673.33	738.24
671.52	736.72
668.83	735.05
667.78	733.87
669.07	733.54
671.01	733.77
671.41	733.97
669.86	733.79
667.75	733.37
666.47	733.17
666.31	733.52
666.94	734.53
668.19	736.1
670.29	738.04
674.87	740.3
685.51	743.24
704.67	747.29
729.54	752.25
752.33	757.05
765.63	760.27
767.54	761.14
762.25	760.05
756.45	758.32
754.68	757.4
757.08	757.92
760.59	759.45
762	761.07
760.29	762.22
756.88	763.04
754.13	763.96
753.26	765.01
753.4	765.65
752.69	765.31
750.77	764.13
749.33	762.94
750.12	762.39
753.04	762.41
756.55	762.32
759.36	761.53
761.44	760.04
763.37	758.3
765.38	756.86
767.15	756.15
768.46	756.33
769.47	757.16
770.27	758.05
770.64	758.21
770.35	757.13
769.62	754.91
769.15	752.2
769.4	749.75
770.1	747.98
770.56	746.91
770.49	746.37
770.16	746.21
770.02	746.15
770.16	745.73
770.16	744.52
769.59	742.5
768.56	740.18
767.54	738.13
766.73	736.57
765.89	735.24
764.82	733.8
763.8	732.06
763.27	730.01
763.13	727.58
762.41	724.64
760.27	721.28
757.3	717.98
755.16	715.27
754.99	713.28
756.26	711.6
757.29	709.72
756.63	707.45
754.14	705.01
750.51	702.63
745.77	700.23
739.49	697.57
732.02	694.7
724.53	691.95
718.32	689.68
713.91	688.09
711.37	687.38
711.57	687.68
715.91	688.88
724.25	690.38
733.6	691.31
739.8	691.11
740.75	690.01
737.74	688.78
733.74	687.94
730.79	687.28
728.79	686.15
726.32	684.01
722.59	680.99
718.55	677.8
715.96	675.09
715.7	673.06
717.34	671.41
719.7	669.69
721.58	667.47
722.41	664.52
722.46	660.9
722.55	657.05
723.54	653.62
725.65	651.19
728.25	649.91
730.24	649.57
730.88	649.81
730.38	650.42
729.48	651.35
728.63	652.48
727.64	653.59
726.21	654.51
724.53	655.24
723.05	655.87
721.95	656.28
721.05	656.27
720.15	655.74
719.32	655.02
718.74	654.55
718.43	654.49
718.11	654.54
717.69	654.3
717.42	653.71
717.61	653.11
718.3	652.82
719.08	652.83
719.45	652.79
719.41	652.4
719.45	651.55
719.86	650.28
720.28	648.68
720.25	646.94
719.99	645.41
720.59	644.56
723.28	644.6
728.48	645.31
735.82	646.13
745.02	646.59
756.24	646.56
769.34	646.06
782.93	645.06
795.06	643.55
805.28	641.95
815.19	641.02
826.27	641.22
837.74	642.2
847.12	643.07
852.45	643.2
853.84	642.7
853.08	642.2
852.01	642.18
851.17	642.55
850.16	642.96
848.58	643.12
846.59	643
844.61	642.6
842.53	641.79
840.03	640.51
837.14	639.19
834.44	638.76
833.48	640.16
836.55	643.78
845.12	649.22
857.89	655.74
870.87	662.8
879.81	670.36
882.94	678.74
881.87	688.33
880.03	699.38
880.17	711.77
882.6	724.94
885.66	738.05
887.51	750.35
887.61	761.59
886.96	772.1
886.86	782.33
887.67	792.44
888.7	802.28
889.15	811.83
888.87	821.32
888.41	830.97
888.32	840.68
888.68	850.11
889.31	859.02
890.05	867.51
890.79	875.81
891.35	883.88
891.56	891.41
891.56	898.17
891.9	904.33
893	910.22
894.48	915.88
895.36	921.06
895.02	925.51
893.66	929.42
892.15	933.23
891.34	937.2
891.41	941.17
891.91	944.79
892.23	947.84
891.95	950.36
890.96	952.36
889.31	953.69
887.02	954.21
884.18	953.97
880.88	953.24
877.01	952.14
872.28	950.51
866.46	948.14
859.76	945.07
852.73	941.64
845.6	938.19
837.95	934.86
829.47	931.64
820.84	928.62
813.51	925.93
808.5	923.44
805.82	920.64
804.71	916.93
804.49	912.17
804.89	906.68
805.72	901.04
806.77	895.71
807.89	890.95
808.99	886.84
809.9	883.19
810.29	879.59
809.93	875.52
808.92	870.67
807.61	865.1
806.33	859.17
805.11	853.24
803.36	847.3
799.78	840.98
793.78	834.03
786.58	826.63
780.17	819.23
775.51	812.14
771.96	805.37
768.78	798.93
766.98	793.07
769.1	788.09
776.45	783.87
786.78	779.87
795.33	775.58
798.46	770.92
796.08	766.19
791.21	761.55
787.21	756.96
785.63	752.41
785.93	748.29
786.62	745.17
786.44	743.22
784.93	741.99
782.35	740.72
779.39	739.02
776.76	737.05
774.63	735.24
772.58	733.9
770.16	733.11
767.58	732.83
765.54	733
764.56	733.4
764.37	733.74
764.27	733.81
763.93	733.7
763.38	733.61
762.66	733.51
761.9	733.22
761.58	732.68
762.11	732.15
763.38	732.12
764.67	732.87
765.04	734.15
763.96	735.34
761.73	735.91
759.25	735.7
757.28	734.99
755.87	734.17
754.43	733.66
752.61	733.79
750.74	734.72
749.52	736.27
748.76	737.81
746.87	738.54
743.13	738.16
740.12	737.33
741.79	737.09
749.25	737.8
759.33	738.87
767.13	739.5
769.99	739.58
768.87	739.75
766.49	740.7
764.24	742.38
761.76	744.14
759.02	745.46
757.32	746.32
757.91	746.89
760.3	747.1
762.62	746.68
763.47	745.57
762.9	744.1
761.96	742.73
761.36	741.58
760.98	740.49
760.48	739.29
759.91	738.06
759.6	736.95
759.51	735.89
759.05	734.6
757.72	732.95
755.43	731.08
752.49	729.25
749.07	727.54
744.77	725.79
739.31	723.83
732.79	721.72
725.71	719.59
719.58	717.66
717.22	716.18
721.32	715.36
731.58	715.23
743.76	715.36
752.2	714.95
753.72	713.26
749.66	710.1
744.38	706.04
741.83	701.98
742.9	698.64
745.55	696.22
747.18	694.49
746.88	693.06
745.4	691.52
742.68	689.3
736.8	685.89
727.82	681.57
720.65	677.78
721.13	675.97
729.92	676.3
741.47	677.5
748.84	678.03
749.22	677.34
745	675.93
740.65	674.44
738.83	672.77
739.15	670.3
739.66	666.63
739.17	662.14
738.08	657.74
737.54	654.26
738.29	652.02
740.18	650.93
742.53	650.71
744.63	651.01
746.19	651.41
747.43	651.58
748.86	651.54
750.81	651.58
753.04	651.88
754.91	652.21
755.96	652.12
756.32	651.42
756.51	650.47
756.95	649.78
757.49	649.55
757.61	649.55
757.06	649.37
756.01	648.79
754.75	647.86
753.38	646.65
751.79	645.2
750.01	643.63
748.4	642.26
747.46	641.47
747.17	641.42
746.91	641.88
746.06	642.48
744.67	642.98
743.46	643.33
743.06	643.53
743.49	643.48
744.22	643.12
745.02	642.66
746.31	642.44
748.89	642.66
753.15	643.06
758.92	643.1
766.12	642.38
775.14	640.96
786.23	639.27
798.66	637.78
810.81	636.74
820.39	636.14
824.16	635.49
819.79	633.96
809.01	631.13
797.91	627.43
792.83	623.93
795.58	621.53
802.58	620.38
808.36	619.97
809.96	619.76
808.35	619.6
807.32	619.75
812.34	620.74
828.02	622.97
853.75	626.19
882.18	629.54
903.84	632.25
913.75	634.31
914.13	636.44
911.39	639.54
911.06	644.17
914.71	650.46
920.34	658.23
924.88	667.11
926.75	676.74
926.57	686.98
926.24	697.88
927.28	709.39
929.65	721.1
931.88	732.39
932.69	742.86
932.17	752.6
931.5	762
931.64	771.29
932.45	780.38
932.99	789.05
932.64	797.36
931.69	805.63
930.93	814.21
930.75	823.16
930.93	832.24
931.03	841.08
930.94	849.38
930.86	856.91
930.96	863.48
931.14	869.14
931.28	874.32
931.54	879.69
932.13	885.72
932.81	892.34
933.2	899.11
933.23	905.61
933.13	911.55
932.98	916.7
932.5	920.7
931.36	923.32
929.68	924.72
927.99	925.4
926.59	925.87
925.28	926.25
923.47	926.46
920.74	926.61
917.35	927.05
913.91	928.05
910.56	929.35
906.71	930.24
901.64	930.09
895.27	928.84
888.19	926.86
880.81	924.56
872.48	922.06
862.32	919.33
850.81	916.59
839.89	914.23
831.09	912.37
824.11	910.66
818.24	908.63
814.14	906.2
813.21	903.57
815.56	900.82
818.44	897.56
817.34	893.04
810.15	886.93
800.27	879.88
794.41	873.13
796.81	867.65
806.28	863.53
818.39	860.05
829.21	856.27
836.79	851.55
840.65	845.79
841.02	839.36
838.86	832.93
835.76	827.06
833.17	821.93
831.39	817.16
829.73	812.09
827.55	806.32
824.95	799.96
822.46	793.45
820.33	787.1
818.43	780.9
816.71	774.75
815.33	768.74
814.4	763.17
813.81	758.27
813.19	754.04
812.25	750.35
811.01	746.99
809.8	743.82
808.92	740.62
808.36	737.27
807.9	733.95
807.38	731.14
807.01	729.37
807.04	728.73
807.37	728.8
807.66	728.92
807.69	728.73
807.61	728.25
807.66	727.66
807.8	727
807.81	726.23
807.65	725.51
807.51	725.15
807.46	725.4
807.17	726.15
806.31	727.1
805.17	728.04
804.53	728.95
804.81	729.81
805.66	730.48
806.25	730.81
806.14	730.93
805.68	731.15
805.51	731.64
805.8	732.3
806.16	732.84
806.28	733.22
806.3	733.7
806.5	734.56
806.84	735.76
806.83	736.94
806.33	737.93
804.98	738.53
804.04	739.31
801.33	739.48
797.6	739.85
786.79	738.3
778.33	738.47
766.37	736.47
