736.86	785.54
729.88	781.57
714.99	773.07
692.86	760.35
671.23	747.66
658.37	739.55
657.55	737.84
664.74	740.46
672.65	743.63
675.93	744.59
674.01	743.02
669.9	740.4
667.03	738.46
666.77	738
668.13	738.58
669.2	739.09
668.77	738.64
666.96	737.21
664.84	735.51
663.39	734.31
662.68	733.72
662.19	733.24
661.65	732.41
661.27	731.26
661.37	730.18
661.87	729.38
662.19	728.7
661.81	727.86
660.86	726.93
660.08	726.33
660.31	726.34
661.94	726.83
664.65	727.4
667.54	727.72
669.55	727.74
670.1	727.48
669.31	726.83
667.82	725.67
666.3	724.14
665.17	722.66
664.48	721.69
664.01	721.38
663.57	721.52
663.18	721.76
663.08	721.78
663.33	721.34
663.69	720.3
663.84	718.77
663.8	717.12
663.87	715.91
664.26	715.45
664.84	715.64
665.24	716.07
665.2	716.51
664.83	717.04
664.42	717.82
664.12	718.71
663.77	719.28
663.19	719.16
662.49	718.37
661.88	717.18
661.42	715.83
660.95	714.42
660.33	713.08
659.64	712.06
659.07	711.6
658.86	711.68
659.07	711.98
659.69	712.22
660.8	712.26
662.62	712.04
665.22	711.38
668.5	710.05
672.52	708.05
677.75	705.8
684.93	703.91
694.75	702.63
707.5	701.72
723	700.84
740.7	699.93
759.95	699.24
779.99	698.92
799.97	698.78
819.02	698.59
836.57	698.4
852.32	698.51
866.23	699.17
878.39	700.24
889.04	701.36
898.51	702.37
907.11	703.46
914.99	705.04
922.14	707.36
928.5	710.46
934.14	714.34
939.28	719.08
944.12	724.74
948.61	731.13
952.45	737.88
955.52	744.68
958.13	751.46
960.79	758.29
963.76	765.1
966.78	771.65
969.43	777.69
971.56	783.26
973.37	788.55
975.17	793.65
977.11	798.61
979.33	803.57
982.21	808.82
986.09	814.51
990.64	820.33
994.92	825.68
997.96	830.15
999.46	833.85
999.85	837.2
999.84	840.52
999.89	843.73
1000	846.65
999.96	849.27
999.69	851.8
999.18	854.33
998.4	856.68
997.3	858.52
995.97	859.71
994.58	860.36
993.18	860.67
991.68	860.74
989.97	860.63
988.03	860.52
985.95	860.61
983.75	860.94
981.27	861.27
978.27	861.27
974.72	860.97
970.89	860.77
967.04	861.09
963.2	861.93
959.18	862.93
954.9	863.78
950.53	864.48
946.3	865.27
942.21	866.21
937.96	867.16
933.24	867.91
928.02	868.44
922.48	868.9
916.69	869.33
910.54	869.63
903.84	869.75
896.49	869.75
888.46	869.64
879.71	869.22
870.13	868.26
859.55	866.75
847.95	865.1
835.43	863.68
822.13	862.55
808.41	861.36
795.1	859.81
783.5	857.95
774.99	856.09
770.42	854.37
769.71	852.58
771.79	850.41
775.04	847.74
777.88	844.67
779.24	841.29
778.7	837.6
776.44	833.64
772.97	829.73
768.92	826.27
764.71	823.44
760.47	820.95
756.11	818.28
751.48	815.09
746.79	811.51
742.47	807.89
738.77	804.51
735.44	801.51
731.98	799.06
727.95	797.3
723.1	796.11
717.54	795
711.77	793.51
706.36	791.52
701.56	789.41
697.26	787.61
693.41	786.34
690.33	785.47
688.3	784.75
687.1	784
685.94	783.15
683.92	782.14
680.66	780.88
676.66	779.43
672.88	778
669.98	776.74
667.83	775.56
665.8	774.13
663.36	772.25
660.4	769.97
657.1	767.53
653.84	765.21
651.09	763.21
649.16	761.65
647.99	760.56
647.21	759.8
646.33	759.01
644.92	757.82
642.92	756.17
640.71	754.45
638.8	753.18
637.4	752.6
636.32	752.52
635.27	752.54
634.11	752.52
632.93	752.55
631.95	752.65
631.23	752.56
630.6	751.95
629.92	750.9
629.16	749.83
628.4	749.13
627.53	748.77
626.17	748.3
624.19	747.38
622.18	746.12
621.06	744.94
621.18	744.02
622.08	743.19
622.96	742.19
623.36	741.03
623.34	739.93
623.2	738.99
623.21	738.15
623.44	737.37
623.83	736.71
624.31	736.23
624.76	735.72
624.81	734.82
623.59	733.26
620.22	731.03
614.89	728.5
609.14	726.13
604.95	724.22
603.37	722.85
604.01	721.95
605.46	721.38
606.37	720.98
606.27	720.53
605.61	719.96
605.08	719.41
605.01	719.12
605.2	719.14
605.25	719.28
605.05	719.28
604.83	719.17
604.98	719.14
605.57	719.36
606.43	719.78
607.41	720.27
608.6	720.85
610.01	721.62
611.38	722.47
612.28	723.01
612.59	722.88
612.56	722.07
612.6	721
612.87	720.08
613.07	719.35
612.78	718.53
611.88	717.35
610.73	715.81
609.76	714.14
609.04	712.52
608.35	711.14
607.54	710.22
606.72	710
605.91	710.44
604.99	711.08
603.74	711.36
602.16	711.05
600.62	710.43
600	710.1
601.29	710.46
604.66	711.37
608.94	712.37
612.34	713.02
613.68	713.19
613	712.98
611.3	712.47
609.73	711.75
608.91	711
608.73	710.38
608.62	709.89
608.1	709.28
607.13	708.43
606.08	707.59
605.36	707.22
605.12	707.5
605.1	708.11
604.96	708.55
604.63	708.63
604.42	708.53
604.65	708.43
605.35	708.19
606.35	707.44
607.5	706.07
608.72	704.33
610.04	702.63
611.54	701.16
613.41	699.84
616.04	698.54
620.08	697.28
626.18	696.11
634.83	694.96
646.2	693.67
660.33	692.25
677.1	690.95
696.01	690.01
716.03	689.43
735.9	689
754.61	688.57
771.57	688.24
786.58	688.2
799.79	688.51
811.46	689.1
821.75	689.97
830.65	691.29
838.13	693.3
844.49	696
850.26	699.19
855.88	702.7
861.46	706.6
866.71	711.12
871.19	716.34
874.63	722.2
877.29	728.56
879.75	735.45
882.4	742.88
885.12	750.63
887.39	758.21
888.89	765.3
889.81	772.01
890.62	778.78
891.74	785.91
893.29	793.36
895.3	800.93
897.82	808.44
900.7	815.81
903.48	822.9
905.48	829.55
906.35	835.73
906.36	841.64
906.1	847.59
905.98	853.56
905.85	859.11
905.28	863.66
903.91	866.97
901.77	869.34
899.22	871.26
896.64	873.04
894.25	874.71
892.07	876.19
890.08	877.54
888.25	878.84
886.42	880
884.37	880.85
881.97	881.34
879.34	881.7
876.65	882.2
873.94	882.92
871.15	883.73
868.21	884.54
865.22	885.49
862.28	886.76
859.33	888.25
856.09	889.51
852.31	890.08
848.09	889.87
843.8	889.24
839.73	888.58
835.85	888.09
831.97	887.78
827.96	887.62
823.81	887.54
819.44	887.43
814.67	887.08
809.32	886.48
803.36	885.85
796.94	885.48
790.21	885.28
783.12	884.8
775.47	883.55
767.15	881.56
758.27	879.41
748.98	877.72
739.22	876.74
728.89	876.22
718.04	875.8
707.17	875.2
697.29	874.22
689.66	872.62
685.38	870.26
684.74	867.27
687	864.05
690.56	860.96
693.66	858.12
695.06	855.45
694.37	852.94
692.11	850.78
689.15	849.24
686.09	848.37
682.98	847.91
679.67	847.63
676.23	847.57
672.93	848
669.98	849.01
667.33	850.34
664.7	851.67
661.88	852.97
658.82	854.44
655.63	856.15
652.36	857.85
649.04	859.17
645.92	860.08
643.52	860.92
642.22	861.98
641.97	863.09
642.09	863.86
641.77	864.15
640.58	864.32
638.68	864.88
636.58	865.98
634.68	867.36
633.04	868.6
631.54	869.46
629.96	869.9
628.1	870.03
625.97	870.04
623.81	870.21
622.01	870.81
620.79	871.81
620.09	872.82
619.68	873.29
619.42	872.97
619.33	872.02
619.45	870.84
619.68	869.63
619.73	868.4
619.43	867.14
618.92	865.93
618.46	864.8
618.1	863.62
617.69	862.25
617.18	860.77
616.67	859.53
616.28	858.84
616.02	858.53
615.81	858.08
615.61	857.04
615.4	855.46
615.23	853.76
615.15	852.26
615.1	850.97
615.05	849.75
615.04	848.54
615.1	847.48
615.14	846.68
614.98	846.06
614.5	845.5
613.81	844.97
613.1	844.5
612.5	844.02
611.93	843.38
611.26	842.52
610.46	841.7
609.75	841.23
609.39	841.16
609.33	841.06
609.23	840.41
608.72	838.98
607.83	837.09
607.11	835.38
607.17	834.36
608.06	834.11
609.31	834.35
610.32	834.72
610.78	834.9
610.76	834.76
610.47	834.37
610.14	834.02
609.98	834.01
610.02	834.33
610.15	834.62
610.25	834.37
610.32	833.39
610.43	831.96
610.55	830.58
610.59	829.61
610.38	829.09
609.72	828.96
608.49	829.17
606.78	829.67
605.05	830.29
603.97	830.9
604.3	831.52
606.47	832.3
610.02	833.32
613.65	834.38
616.05	835.18
616.79	835.69
616.55	836.24
616.47	837.13
617.27	838.35
618.74	839.55
620.16	840.45
620.99	841.15
621.16	841.98
620.89	843.1
620.38	844.26
619.65	845.06
618.71	845.33
617.71	845.17
616.86	844.74
616.19	843.98
615.58	842.74
615.05	841.08
614.72	839.34
614.69	837.89
614.89	836.78
615.13	835.79
615.37	834.8
615.7	833.92
616.23	833.31
616.82	832.92
617.24	832.56
617.46	832.08
617.69	831.49
618.16	830.86
618.87	830.15
619.62	829.29
620.28	828.37
620.89	827.64
621.58	827.23
622.43	826.95
623.49	826.42
624.77	825.5
626.36	824.43
628.4	823.56
630.88	822.95
633.61	822.28
636.56	821.16
640.25	819.57
645.66	817.78
653.79	816.12
665.14	814.71
679.54	813.57
696.33	812.78
714.58	812.44
733.41	812.48
752.15	812.68
770.34	812.9
787.63	813.24
803.62	813.9
817.83	814.91
829.85	816.03
839.7	817.01
847.89	817.91
855.14	819.12
861.96	821.02
868.42	823.73
874.3	827.13
879.41	831.19
883.85	836
887.84	841.63
891.44	847.92
894.41	854.5
896.63	861.15
898.16	867.9
899.14	874.78
899.9	881.72
900.91	888.51
902.47	895.02
904.62	901.32
907.15	907.6
909.99	913.88
913.19	920
916.66	925.81
919.96	931.35
922.53	936.74
924	942.01
924.48	947.06
924.56	951.9
924.86	956.71
925.65	961.65
926.69	966.65
927.49	971.49
927.66	976.01
927.15	980.24
926.27	984.23
925.37	987.77
924.52	990.41
923.61	991.94
922.64	992.6
921.68	993.01
920.68	993.62
919.4	994.51
917.68	995.52
915.65	996.59
913.64	997.79
911.77	999.03
909.88	999.91
907.59	1000
904.76	999.2
901.57	997.8
898.37	996.17
895.3	994.43
892.26	992.51
889.11	990.39
885.8	988.19
882.34	985.99
878.73	983.66
875	980.99
871.24	977.92
867.48	974.67
863.67	971.42
859.55	968.02
854.8	964.09
849.29	959.38
843.23	953.97
836.96	948.13
830.54	942.13
823.68	936.17
816.03	930.49
807.37	925.46
797.71	921.37
787.24	918.26
776.27	915.91
765.28	914.07
755.05	912.54
746.7	911.1
741.29	909.39
739.25	907
740.14	903.9
742.77	900.51
745.66	897.43
747.48	894.97
747.5	892.85
745.77	890.61
742.96	887.99
739.97	885.16
737.42	882.38
735.34	879.69
733.26	876.98
730.77	874.17
727.88	871.33
724.87	868.57
721.89	865.86
718.77	863.19
715.37	860.65
711.68	858.42
707.94	856.53
704.51	854.82
701.64	853.15
699.41	851.67
697.94	850.72
697.29	850.34
697.06	850.18
696.48	849.69
694.99	848.72
692.74	847.6
690.3	846.74
688.1	846.27
686.18	845.99
684.33	845.7
682.43	845.4
680.52	845.2
678.62	845.05
676.65	844.75
674.55	844.18
672.49	843.46
670.77	842.75
669.48	842.08
668.4	841.26
667.34	840.23
666.38	839.14
665.72	838.19
665.41	837.34
665.28	836.24
665.14	834.61
664.9	832.46
664.6	830.06
664.29	827.61
663.93	825.12
663.44	822.62
662.86	820.33
662.37	818.57
662.03	817.43
661.62	816.66
660.87	815.9
659.76	814.99
658.62	814
657.84	812.94
657.55	811.58
657.55	809.61
657.6	807.02
657.67	804.16
657.92	801.43
658.4	798.96
658.98	796.63
659.55	794.33
660.1	792.13
660.59	790.14
660.9	788.34
660.98	786.58
660.93	784.79
660.98	783.07
661.27	781.5
661.64	779.99
661.79	778.38
661.59	776.69
661.21	775.18
660.97	774.1
660.99	773.28
661.15	772.2
661.31	770.35
661.37	767.65
661.37	764.51
661.34	761.42
661.22	758.69
660.95	756.45
660.54	754.75
659.85	753.52
658.6	752.43
656.64	750.99
654.31	748.9
652.4	746.34
651.5	743.84
651.68	741.86
652.46	740.43
653.15	739.27
653.26	738.05
652.73	736.57
651.88	734.73
651.34	732.56
651.81	730.18
653.51	727.92
655.84	726.08
657.72	724.72
658.32	723.6
657.6	722.46
656.31	721.33
655.36	720.45
655.23	719.88
655.74	719.4
656.35	718.7
656.74	717.77
656.94	716.98
657.1	716.63
657.2	716.64
657.08	716.59
656.57	716.19
655.7	715.48
654.7	714.61
653.76	713.59
652.9	712.24
652.11	710.5
651.42	708.62
650.88	706.93
650.48	705.53
650.16	704.23
649.86	702.87
649.52	701.57
649.13	700.6
648.7	700.05
648.19	699.71
647.61	699.3
647.04	698.8
646.64	698.45
646.4	698.44
646.06	698.75
645.37	699.17
644.36	699.62
643.33	700.18
642.65	700.9
642.54	701.58
642.93	701.99
643.65	702.06
644.6	701.93
645.77	701.73
647.14	701.49
648.81	701.24
651.12	701.19
654.62	701.58
659.91	702.38
667.45	703.26
677.53	703.93
690.31	704.47
705.75	705.3
723.43	706.7
742.51	708.49
761.91	710.21
780.84	711.59
798.83	712.78
815.58	714.13
830.63	715.8
843.59	717.7
854.51	719.75
863.9	722.14
872.4	725.16
880.29	728.89
887.39	733.16
893.36	737.81
898.04	742.83
901.66	748.36
904.66	754.4
907.41	760.84
909.9	767.56
911.86	774.6
913.02	782.04
913.37	789.78
913.28	797.56
913.31	805.11
914.13	812.44
916.41	819.74
920.35	827.05
925.16	834.08
929.38	840.57
931.97	846.55
932.95	852.29
933.16	857.97
933.4	863.47
934.01	868.6
934.89	873.36
935.86	878
936.75	882.65
937.48	887.08
938.1	890.86
938.73	893.83
939.54	896.14
940.47	898.07
941.15	899.74
941.15	900.99
940.37	901.71
939.07	902.06
937.56	902.32
935.92	902.75
934.01	903.42
931.66	904.32
928.94	905.37
926.08	906.38
923.28	906.95
920.49	906.76
917.62	905.78
914.65	904.36
911.57	902.82
908.29	901.14
904.63	898.95
900.48	896.01
896.11	892.55
892.02	889.24
888.62	886.68
885.73	885.06
882.74	884.18
879.11	883.69
874.75	883.32
869.91	882.75
864.82	881.73
859.51	880.13
854.01	878.06
848.29	875.67
842.13	872.94
835.16	869.68
827.06	865.81
817.76	861.65
807.41	857.79
796.2	854.65
784.26	852.12
771.82	849.73
759.51	847.05
748.5	843.9
740.2	840.35
735.57	836.5
734.68	832.55
736.78	828.79
740.63	825.48
744.76	822.55
747.83	819.6
749.01	816.18
748.21	812.23
745.92	808.17
742.78	804.36
739.31	800.8
735.9	797.14
732.81	793.17
730.13	789.11
727.66	785.34
725.01	782.07
721.78	779.15
717.87	776.33
713.57	773.58
709.26	770.98
705.3	768.61
702.1	766.4
700.15	764.26
699.61	762.18
699.88	760.16
699.77	758.13
698.24	756
695.24	753.9
691.69	752.19
688.73	751.22
686.77	750.87
685.35	750.58
683.78	749.79
681.77	748.38
679.35	746.65
676.58	744.97
673.75	743.54
671.52	742.48
670.48	741.92
670.55	741.86
670.95	741.98
670.72	741.69
669.51	740.64
667.76	738.97
666.23	737.22
665.23	735.84
664.51	734.76
663.61	733.6
662.37	732.11
660.99	730.41
659.8	728.78
658.88	727.42
658.06	726.35
657.18	725.53
656.31	724.97
655.57	724.58
654.9	724.03
654.11	722.97
653.16	721.32
652.22	719.43
651.5	717.72
651.06	716.3
650.81	714.91
650.56	713.29
650.24	711.55
649.89	710.01
649.53	708.84
649.06	707.86
648.42	706.75
647.67	705.43
646.99	704.1
646.4	703
645.77	702.11
645.02	701.28
644.19	700.38
643.48	699.46
643.02	698.45
642.74	697.19
642.48	695.48
642.2	693.43
641.95	691.35
641.67	689.47
641.14	687.76
640.32	686.01
639.48	684.17
638.94	682.41
638.75	680.81
638.75	679.32
638.86	677.8
639.07	676.28
639.35	674.96
639.59	673.93
639.69	673
639.58	671.93
639.32	670.68
639.11	669.39
639.04	668.14
638.95	666.74
638.47	664.98
637.37	662.96
635.93	661.19
634.94	660.21
635.14	660.13
636.62	660.46
638.71	660.58
640.42	660.21
641.11	659.41
640.84	658.31
640.15	656.99
639.6	655.56
639.32	654.29
638.95	653.37
638.25	652.81
637.46	652.4
637.09	652.02
637.36	651.63
637.92	651.27
638.13	650.91
637.55	650.49
636.36	650.01
635.22	649.58
634.66	649.21
634.69	648.71
634.88	647.73
634.84	646.16
634.52	644.33
634.14	642.75
633.88	641.68
633.68	640.88
633.32	639.95
632.72	638.8
632.09	637.74
631.74	637.05
631.8	636.66
632.08	636.17
632.39	635.26
632.67	633.97
632.92	632.59
633.1	631.4
633.15	630.48
633.16	629.8
633.36	629.28
633.92	628.73
634.83	627.84
635.93	626.38
637.06	624.51
638.25	622.81
639.74	621.82
641.85	621.59
644.95	621.65
649.44	621.46
655.86	620.75
664.89	619.61
676.94	618.22
691.87	616.73
709.05	615.27
727.66	614.09
746.92	613.38
766.06	613.06
784.36	612.78
801.32	612.23
816.73	611.55
830.49	611.22
842.48	611.59
852.65	612.61
861.31	613.97
869.19	615.56
877.04	617.57
885.02	620.19
892.64	623.37
899.15	626.96
904.37	631.03
908.73	635.83
912.78	641.52
916.68	647.86
920.15	654.45
922.87	661.05
924.84	667.8
926.44	675
928.29	682.78
930.94	691.1
934.74	699.79
939.64	708.57
945.1	716.98
950.27	724.46
954.42	730.72
957.49	736.09
959.97	741.32
962.37	746.98
964.77	753.02
966.88	758.89
968.45	764.13
969.51	768.69
970.26	772.81
970.86	776.58
971.27	779.82
971.41	782.36
971.34	784.28
971.25	785.89
971.24	787.5
971.21	789.22
970.98	791.04
970.44	792.91
969.54	794.69
968.15	796.06
966.13	796.72
963.55	796.68
960.69	796.43
957.85	796.54
955.16	797.23
952.44	798.22
949.5	799.09
946.46	799.77
943.63	800.45
941.12	801.23
938.66	801.84
935.89	801.95
932.59	801.54
928.8	800.99
924.67	800.73
920.34	800.84
915.87	801
911.24	800.84
906.37	800.15
901.14	798.92
895.32	797.29
888.66	795.48
881.11	793.9
872.84	792.97
864.02	792.82
854.58	793.14
844.39	793.35
833.46	793.08
821.99	792.4
810.42	791.48
799.29	790.34
789.31	788.84
781.39	786.99
776.49	785.09
775.12	783.37
776.83	781.58
780.19	779.05
783.38	775.32
785.09	770.57
784.97	765.6
783.42	761.15
780.95	757.43
777.82	754.14
774.15	751.01
770.13	747.99
766.08	745.13
762.21	742.41
758.52	739.78
754.98	737.31
751.74	735.1
748.83	733.11
746	731.06
742.89	728.74
739.34	726.32
735.62	724.24
732.32	722.83
730.07	721.9
729.07	720.98
728.82	719.72
728.45	718.18
727.26	716.55
725.09	714.83
722.24	712.9
719.35	710.87
716.97	709.15
715.23	708.09
713.74	707.56
711.93	707.1
709.62	706.37
707.14	705.46
704.95	704.65
703.2	703.98
701.55	703.16
699.61	701.99
697.36	700.58
695.19	699.21
693.44	697.94
692.1	696.6
690.97	695.03
689.96	693.33
688.98	691.72
687.91	690.24
686.61	688.69
685.12	686.95
683.67	685.18
682.53	683.74
681.85	682.72
681.51	681.91
681.27	681.03
681.05	680.03
680.91	679.09
680.88	678.32
680.86	677.62
680.79	676.82
680.68	675.95
680.57	675.08
680.41	674.16
679.91	672.94
678.51	671.16
676.03	668.93
673.53	666.87
672.7	665.51
674.18	664.8
676.96	664.16
679.28	663.06
680.09	661.53
679.54	660
678.55	658.83
677.95	658.04
678.05	657.45
678.49	656.9
678.6	656.24
678	655.28
676.95	653.89
676.16	652.21
676.12	650.6
676.74	649.37
677.36	648.49
677.35	647.67
676.64	646.66
675.71	645.51
675.08	644.35
674.78	643.14
674.45	641.66
673.79	639.77
672.9	637.56
672.07	635.31
671.49	633.19
671.03	631.25
670.4	629.54
669.44	628.23
668.3	627.43
667.2	626.98
666.31	626.56
665.81	626.07
666.02	625.77
667.26	626.03
669.49	626.87
672.06	627.83
674.09	628.4
675.08	628.42
675.13	628.19
674.75	628.09
674.39	628.19
674.24	628.34
674.23	628.38
674.18	628.36
673.98	628.34
673.57	628.19
672.9	627.74
671.99	627.02
670.94	626.31
669.96	625.77
669.13	625.25
668.31	624.48
667.42	623.45
666.51	622.47
665.75	621.83
665.1	621.5
664.42	621.13
663.66	620.48
662.95	619.65
662.26	618.84
661.33	618.05
660.15	617.18
659.24	616.3
659.2	615.8
660.03	615.96
661.1	616.63
661.6	617.23
661.23	617.27
660.32	616.77
659.48	616.13
659.04	615.67
658.81	615.39
658.52	615.13
658.24	614.83
658.26	614.49
658.72	613.97
659.56	613.09
660.67	611.85
662.13	610.59
664.24	609.68
667.4	609.1
672.07	608.39
678.77	607.15
688.07	605.52
700.44	604.1
715.91	603.38
733.77	603.26
752.9	603.16
772.22	602.55
790.99	601.48
808.83	600.46
825.34	600
840.08	600.25
852.75	601.09
863.41	602.4
872.4	604.07
880.14	605.94
887.06	607.95
893.61	610.3
900.04	613.4
906.19	617.57
911.55	622.79
915.73	628.77
918.88	635.35
921.55	642.53
924.13	650.27
926.53	658.22
928.48	665.87
929.81	672.94
930.84	679.66
932.1	686.53
934.09	693.94
937.02	701.91
940.86	710.17
945.19	718.5
949.24	726.9
952.23	735.34
953.79	743.65
954.24	751.56
954.35	758.88
954.88	765.5
955.94	771.36
957.09	776.33
957.86	780.41
958.19	783.91
958.39	787.33
958.67	791
958.93	794.88
958.92	798.65
958.44	802.09
957.57	805.22
956.46	808.03
955.17	810.36
953.6	811.96
951.7	812.82
949.54	813.27
947.32	813.65
945.14	814.01
943	814.22
940.81	814.3
938.47	814.57
935.93	815.33
933.17	816.53
930.17	817.81
926.95	818.86
923.59	819.66
920.11	820.4
916.37	821.1
912.12	821.52
907.23	821.41
901.84	820.75
896.26	819.76
890.62	818.57
884.6	817.1
877.85	815.35
870.71	813.61
864.03	812.28
858.19	811.41
852.61	810.55
846.24	809.25
838.43	807.45
829.25	805.55
819.21	803.87
808.68	802.41
797.72	800.95
786.27	799.39
774.55	797.81
763.13	796.26
752.88	794.6
744.96	792.65
740.43	790.41
739.66	788.05
741.97	785.65
745.76	783.09
749.25	780.17
751.25	776.96
751.49	773.75
750.32	770.73
748.2	767.79
745.42	764.57
742.18	760.88
738.88	756.91
735.9	753.03
733.41	749.48
731.25	746.29
729.05	743.41
726.53	740.82
723.57	738.43
720.19	735.99
716.5	733.33
712.6	730.63
708.86	728.43
705.95	727.13
704.34	726.53
703.71	726
703.2	724.92
702.13	723.23
700.41	721.27
698.33	719.4
696.24	717.77
694.33	716.46
692.6	715.56
690.99	715.14
689.48	714.97
688.11	714.65
686.9	713.92
685.82	712.87
684.85	711.77
683.89	710.71
682.84	709.59
681.69	708.28
680.63	706.9
679.81	705.72
679.18	704.81
678.53	703.93
677.8	702.8
677.11	701.44
676.62	700.16
676.37	699.22
676.19	698.47
675.84	697.52
675.26	696.12
674.64	694.36
674.2	692.47
673.95	690.52
673.69	688.46
673.28	686.33
672.8	684.43
672.38	682.98
672	681.9
671.53	680.85
670.89	679.65
670.16	678.49
669.46	677.73
668.76	677.43
667.92	677.31
666.83	677.04
665.68	676.62
664.74	676.25
664.04	676.03
663.42	675.78
662.74	675.28
662.06	674.43
661.52	673.31
661.09	671.99
660.61	670.41
659.9	668.68
659.02	667.12
658.21	666.05
657.59	665.48
657.02	665.02
656.29	664.27
655.39	663.19
654.51	662.04
653.9	661.08
653.57	660.26
653.28	659.37
652.8	658.33
652.22	657.3
651.89	656.49
652	655.86
652.45	655.24
652.96	654.51
653.2	653.76
652.88	653.08
651.95	652.53
650.69	652.17
649.59	652.18
648.99	652.77
648.8	653.88
648.6	655.13
648.28	656.14
648.38	656.85
649.58	657.5
651.83	658.29
654.14	659.08
655.39	659.5
655.29	659.34
654.48	658.72
653.88	657.87
653.87	656.85
654.18	655.51
654.28	653.86
653.98	652.22
653.51	650.97
653.19	650.16
653.06	649.46
652.89	648.56
652.59	647.45
652.24	646.43
651.92	645.72
651.61	645.24
651.26	644.77
650.88	644.28
650.56	643.95
650.38	643.96
650.26	644.31
650.02	644.87
649.59	645.56
649.12	646.37
648.7	647.1
648.17	647.42
647.42	647.15
646.55	646.52
645.83	646.02
645.34	645.96
644.92	646.13
644.37	646.11
643.66	645.69
643.02	645.05
642.71	644.5
642.72	644.16
642.85	643.91
643.05	643.74
643.5	643.79
644.19	644.08
644.73	644.21
644.94	643.71
645.51	642.56
647.57	641.32
651.75	640.57
657.84	640.38
665.34	640.31
674.27	639.9
685.38	639.08
699.43	638.09
716.34	637.21
735.03	636.52
754.09	636.05
772.51	635.9
789.72	636.1
805.37	636.55
819.19	637.07
831.1	637.63
841.22	638.56
849.84	640.26
857.28	642.84
863.82	646.06
869.59	649.6
874.7	653.44
879.25	657.83
883.23	662.93
886.54	668.62
889.22	674.69
891.56	681.09
893.89	687.96
896.21	695.37
898.29	703.09
899.84	710.7
900.48	717.87
899.98	724.62
898.76	731.22
897.78	738.02
897.98	745.12
899.68	752.4
902.57	759.65
906.03	766.69
909.29	773.34
911.74	779.51
913.08	785.23
913.34	790.59
912.78	795.71
911.91	800.6
911.28	805.27
911.17	809.76
911.41	814.14
911.55	818.4
911.06	822.37
909.61	825.78
907.23	828.58
904.41	831.04
901.69	833.48
899.1	835.93
896.3	838.18
893.11	840.1
889.9	841.86
887.18	843.74
885.07	845.77
883.22	847.66
881.23	849.14
878.94	850.18
876.42	850.98
873.77	851.71
870.95	852.39
867.94	853
864.86	853.69
861.97	854.68
859.32	856.05
856.65	857.58
853.64	858.98
850.23	860.17
846.66	861.23
843.17	862.21
839.72	862.95
835.93	863.24
831.48	863.14
826.3	862.96
820.5	862.97
814.12	863.15
807.06	863.26
799.34	863.11
791.08	862.76
782.3	862.34
772.89	861.86
762.67	861.26
751.78	860.64
740.84	860.26
730.87	860.22
722.83	860.32
717.39	860.14
714.91	859.48
715.29	858.51
717.82	857.57
721.14	856.75
723.68	855.9
724.4	854.87
723.23	853.73
720.85	852.68
718.11	851.74
715.53	850.6
713.12	848.98
710.72	846.93
708.23	844.81
705.69	842.96
703.08	841.49
700.37	840.27
697.64	839.18
695.04	838.18
692.6	837.23
690.15	836.19
687.5	834.87
684.59	833.24
681.48	831.48
678.29	829.79
675.18	828.16
672.25	826.41
669.57	824.5
667.24	822.58
665.31	820.78
663.73	819.05
662.43	817.32
661.59	815.71
661.69	814.53
663.13	813.94
665.72	813.68
668.6	813.25
670.64	812.3
671.18	810.91
670.35	809.45
668.84	808.13
667.32	806.84
666.14	805.35
665.32	803.66
664.76	801.88
664.26	800.08
663.58	798.16
662.64	796.07
661.63	793.98
660.78	792.13
660.13	790.58
659.6	789.15
659.1	787.6
658.68	785.93
658.39	784.3
658.17	782.81
657.85	781.43
657.26	780.1
656.45	778.87
655.55	777.75
654.61	776.55
653.58	774.96
652.49	772.85
651.55	770.48
650.87	768.31
650.33	766.57
649.74	765.07
649.05	763.49
648.42	761.74
648.07	760.03
648.01	758.58
647.96	757.36
647.59	756.19
646.87	754.89
646.09	753.43
645.5	751.73
645.04	749.61
644.52	747
643.86	744.14
643.24	741.54
642.81	739.61
642.46	738.3
641.84	737.26
640.77	736.17
639.44	734.99
638.26	733.78
637.4	732.44
636.62	730.7
635.5	728.39
634	725.77
632.55	723.32
631.65	721.34
631.43	719.73
631.54	718.2
631.54	716.52
631.11	714.61
630.12	712.41
628.64	709.93
627.01	707.36
625.69	705.07
625.1	703.45
625.42	702.67
626.63	702.5
628.5	702.58
630.58	702.63
632.39	702.5
633.58	702.02
634.06	701
634.06	699.39
634.01	697.52
634.24	695.85
634.8	694.55
635.41	693.37
635.75	691.98
635.72	690.37
635.55	688.95
635.51	688.04
635.59	687.61
635.5	687.35
635.1	687.01
634.6	686.57
634.35	686.05
634.47	685.36
634.86	684.41
635.29	683.35
635.67	682.56
636.01	682.23
636.35	682.18
636.67	682
637.03	681.51
637.57	680.91
638.3	680.44
638.96	680.09
639.24	679.57
639.14	678.69
638.89	677.63
638.75	676.68
638.78	675.92
638.86	675.15
638.81	674.23
638.63	673.32
638.51	672.72
638.6	672.5
638.91	672.39
639.42	672.04
640.27	671.43
641.64	670.84
643.49	670.53
645.58	670.53
647.68	670.73
649.82	671.01
652.25	671.32
655.29	671.54
659.28	671.39
664.66	670.74
672.03	669.75
682.06	668.75
695.02	667.97
710.44	667.26
727.28	666.35
744.51	665.15
761.56	663.93
778.16	662.99
793.8	662.36
807.38	661.9
818.13	661.69
826.64	662.29
834.58	664.27
843.18	667.64
852.25	671.8
860.62	676.09
867.35	680.34
872.29	684.84
875.9	689.84
878.79	695.29
881.36	701.01
883.67	706.94
885.44	713.18
886.29	719.78
886.23	726.8
885.9	734.38
886.36	742.64
888.45	751.38
891.99	759.95
895.8	767.63
898.68	774.21
900.33	780.18
901.39	786.18
902.63	792.46
904.34	798.74
906.22	804.66
907.91	810.21
909.24	815.68
910.27	821.27
911.08	826.86
911.62	832.19
911.81	837.13
911.64	841.68
911.13	845.77
910.26	849.26
909.02	852.13
907.6	854.61
906.21	857.06
904.96	859.6
903.74	862.03
902.39	864.17
900.86	866.05
899.22	867.92
897.55	869.84
895.87	871.55
894.13	872.65
892.29	873.03
890.4	872.98
888.46	872.87
886.3	872.85
883.72	872.83
880.76	872.78
877.68	872.83
874.73	873.11
871.84	873.51
868.81	873.68
865.53	873.4
862.08	872.83
858.59	872.23
855.06	871.71
851.34	871.09
847.27	870.22
842.77	869.18
837.82	868.11
832.29	866.98
825.85	865.54
818.38	863.69
810.19	861.75
801.76	860.26
793.24	859.5
784.31	859.26
774.53	859.04
763.96	858.57
753.32	857.86
743.78	857.03
736.5	856
732.14	854.62
730.72	852.83
731.76	850.71
734.4	848.36
737.44	845.76
739.68	842.89
740.46	839.84
739.85	836.72
738.32	833.41
736.27	829.56
733.86	824.98
731.15	820
728.27	815.37
725.4	811.67
722.54	808.87
719.4	806.43
715.67	803.85
711.47	801.18
707.25	798.74
703.55	796.76
700.78	795.03
699.08	793.18
698.16	791.06
697.27	788.82
695.65	786.73
693	784.9
689.7	783.32
686.59	781.94
684.34	780.7
682.89	779.48
681.59	778.14
679.83	776.75
677.58	775.61
675.33	774.95
673.51	774.64
672.12	774.24
670.88	773.41
669.53	772.18
668.03	770.84
666.5	769.53
665	768.06
663.59	766.33
662.39	764.52
661.56	763.08
661.09	762.22
660.77	761.73
660.35	761.17
659.69	760.31
658.83	759.26
657.95	758.27
657.23	757.4
656.71	756.58
656.4	755.81
656.25	755.25
656.13	755
655.83	754.89
655.29	754.6
654.64	753.9
654.07	752.89
653.7	751.76
653.48	750.52
653.37	749.02
653.35	747.24
653.54	745.39
654.01	743.69
654.68	742.18
655.37	740.72
656.04	739.25
656.78	737.93
657.63	736.91
658.41	736.1
658.86	735.21
658.9	734.07
658.74	732.84
658.69	731.79
658.86	731.02
659.04	730.33
659.04	729.58
658.84	728.89
658.64	728.53
658.62	728.57
658.78	728.72
658.94	728.53
658.96	727.78
658.86	726.52
658.74	724.92
658.6	723.1
658.45	721.21
658.35	719.53
658.38	718.36
658.49	717.75
658.53	717.39
658.45	716.86
658.3	716
658.2	714.96
658.07	713.93
657.54	712.87
656.41	711.65
655.07	710.36
654.41	709.4
655.15	709.09
657.15	709.35
659.37	709.8
660.74	710.19
660.85	710.59
660.11	711.06
659.19	711.28
658.53	710.72
658.17	709.11
657.99	706.75
657.86	704.24
657.66	702.06
657.28	700.37
656.79	699.12
656.32	698.27
655.92	697.78
655.51	697.49
654.91	697.12
654.03	696.54
652.92	695.92
651.8	695.56
650.79	695.58
649.89	695.78
649.03	695.84
648.29	695.6
647.76	695.13
647.41	694.54
647.1	693.93
646.66	693.38
646.02	693
645.22	692.78
644.35	692.45
643.4	691.63
642.36	690.15
641.36	688.28
640.6	686.52
640.13	685.17
639.75	684.13
639.25	683.17
638.63	682.25
638.08	681.52
637.75	681.09
637.59	680.84
637.46	680.55
637.36	680.22
637.56	680.04
638.38	680.1
639.88	680.24
641.82	680.12
643.96	679.66
646.31	679.1
649.06	678.72
652.49	678.48
656.9	678.04
662.65	677.15
670.21	675.92
680.07	674.8
692.45	674.1
707.05	673.84
723.15	673.86
739.88	674.04
756.45	674.35
772.07	674.72
786.14	675.09
798.42	675.54
809.06	676.4
818.4	678
826.67	680.29
833.86	682.97
839.96	685.8
845.1	688.9
849.52	692.54
853.31	696.75
856.39	701.27
858.71	705.85
860.48	710.58
862.1	715.81
863.53	721.66
864.35	727.84
864.32	733.98
863.91	740.16
864	746.71
865.21	753.78
867.34	761.01
869.62	767.83
871.45	774.04
872.82	779.96
874.09	785.93
875.53	791.95
877.18	797.68
878.86	802.86
880.41	807.56
881.78	811.98
882.94	816.19
883.85	820.09
884.55	823.7
885.2	827.22
885.94	830.83
886.74	834.43
887.39	837.68
887.71	840.36
887.98	842.71
889.12	845.32
891.91	848.57
895.87	852.2
899.33	855.53
900.6	858.01
899.31	859.62
896.45	860.71
893.59	861.77
891.81	863.16
891.13	865.03
890.92	867.21
890.45	869.19
889.41	870.41
887.85	870.66
885.99	870.22
883.99	869.55
881.66	868.84
878.68	867.89
875	866.54
870.89	865.02
866.76	863.89
862.8	863.44
858.82	863.41
854.43	863.25
849.39	862.62
843.88	861.56
838.2	860.32
832.43	859.05
826.34	857.78
819.64	856.6
812.25	855.64
804.32	854.91
795.9	854.2
786.93	853.34
777.39	852.44
767.57	851.8
758.07	851.57
749.7	851.55
743.37	851.39
739.81	850.98
739.23	850.53
741.08	850.26
744.1	850.05
746.84	849.52
748.28	848.44
748.21	846.95
747.02	845.27
745.18	843.42
743.05	841.18
740.9	838.43
738.97	835.33
737.41	832.23
736.12	829.28
734.72	826.29
732.81	823.05
730.28	819.68
727.58	816.49
725.59	813.67
724.93	810.91
725.37	807.77
725.9	804.08
725.5	800.11
723.8	796.25
721.17	792.66
718.32	789.32
715.9	786.29
714.15	783.71
712.86	781.66
711.49	780.01
709.67	778.54
707.45	777.23
705.24	776.25
703.36	775.71
701.86	775.42
700.48	775.02
698.99	774.24
697.41	773.14
695.81	771.88
694.17	770.58
692.35	769.28
690.32	768.1
688.23	767.22
686.25	766.65
684.32	766.07
682.2	764.98
679.75	763.11
677.15	760.67
674.82	758.13
673.04	755.98
671.74	754.64
670.73	754.59
669.92	756.2
669.37	759.46
669.16	763.67
669.32	767.7
669.85	770.59
670.81	772.07
672.28	772.34
674.18	771.75
676.38	770.5
678.81	768.73
681.49	766.62
684.37	764.34
687.25	761.78
689.78	758.6
691.64	754.55
692.78	749.89
693.31	745.27
693.25	741.35
692.48	738.34
690.95	736.06
688.97	734.36
687.07	733.35
685.61	733.28
684.51	734.13
683.4	735.58
682.1	737.18
680.85	738.62
680.02	739.78
679.67	740.71
679.65	741.61
679.8	742.85
680.17	744.74
680.88	747.22
681.9	749.79
682.82	751.88
683.01	753.18
682.24	753.86
681.08	754.21
680.38	754.28
680.58	753.75
681.39	752.28
682.1	749.85
682.06	746.68
680.95	743.01
679.13	738.89
677.65	734.49
677.68	730.18
679.55	726.41
682.27	723.32
684.16	720.76
684.25	718.5
682.87	716.44
681.18	714.58
680.09	712.8
679.74	710.9
679.68	708.89
679.53	707.16
679.31	706.23
679.23	706.39
679.31	707.44
679.43	708.97
679.51	710.71
679.6	712.57
679.69	714.53
679.71	716.4
679.63	718.02
679.51	719.39
679.54	720.67
679.79	721.96
680.17	723.16
680.53	724.12
680.8	724.88
681.12	725.6
681.51	726.29
681.77	726.59
681.66	726.04
681.15	724.5
680.48	722.38
679.92	720.21
679.52	718.18
679.09	716.08
678.45	713.63
677.57	710.9
676.59	708.16
675.59	705.62
674.58	703.33
673.63	701.35
672.89	699.85
672.51	698.97
672.46	698.61
672.62	698.51
672.86	698.56
673.33	698.95
674.31	699.87
675.92	701.2
677.99	702.46
680.18	703.24
682.26	703.57
684.28	703.79
686.53	704.15
689.49	704.56
693.72	704.78
699.86	704.84
708.54	705.04
720.07	705.64
734.2	706.57
750.21	707.48
767.27	708.13
784.68	708.6
801.79	709.04
817.88	709.37
832.24	709.33
844.49	708.76
854.7	707.82
863.31	706.88
870.67	706.29
877.01	706.35
882.51	707.31
887.38	709.35
891.87	712.43
896.08	716.24
900	720.49
903.44	725.24
906.22	730.92
908.5	737.86
910.88	745.93
914.05	754.44
918.12	762.62
922.52	770.1
926.3	776.98
928.84	783.61
930.33	790.3
931.57	797.28
933.39	804.71
936.06	812.53
939.17	820.38
941.94	827.8
943.88	834.58
945.11	840.96
946.04	847.38
947.01	854
948.01	860.53
948.8	866.48
949.04	871.56
948.79	875.86
948.6	879.71
948.99	883.38
949.96	886.91
951.04	890.19
951.67	893
951.52	895.06
950.57	896.12
949.02	896.25
947.24	895.93
945.57	895.81
944.09	896.19
942.57	896.81
940.65	897.12
938.23	896.87
935.58	896.36
933.03	896.09
930.64	896.31
928.13	896.87
925.2	897.44
921.97	897.91
918.92	898.32
916.28	898.68
913.77	898.89
910.88	898.91
907.33	898.89
903.17	898.92
898.6	898.92
893.83	898.69
888.98	898.23
884.2	897.85
879.43	897.83
874.44	898.14
868.89	898.42
862.7	898.31
855.98	897.76
848.88	896.95
841.33	895.94
833.02	894.59
823.66	892.8
813.35	890.76
802.71	888.75
792.57	886.81
783.74	884.61
776.97	881.73
773.07	878.11
772.52	874.11
774.86	870.2
778.45	866.54
781.23	863
781.88	859.49
780.41	856.03
777.64	852.61
774.29	849.12
770.62	845.39
766.69	841.46
762.55	837.52
758.37	833.75
754.35	830.19
750.71	826.85
747.74	823.9
745.91	821.59
745.44	819.94
745.88	818.59
746.16	817.09
745.43	815.31
743.59	813.47
741.23	811.85
739.04	810.46
737.35	809.1
736.06	807.76
734.88	806.68
733.63	806.09
732.25	805.89
730.75	805.64
729.19	804.98
727.71	803.98
726.36	802.9
725.03	801.83
723.59	800.56
722.01	798.92
720.51	797.14
719.34	795.66
718.59	794.65
718.07	793.85
717.56	792.96
717.03	791.96
716.57	791.09
716.24	790.51
715.9	790.08
715.35	789.59
714.54	789.09
713.6	788.9
712.75	789.28
712.07	790.2
711.45	791.44
710.78	792.82
710.19	794.32
709.8	795.98
709.55	797.72
709.22	799.47
708.71	801.27
708.1	803.2
707.48	805.3
706.79	807.44
705.89	809.51
704.73	811.61
703.48	814.02
702.38	816.91
701.49	820.11
700.67	823.25
699.85	826.04
699.11	828.41
698.52	830.43
698.08	832.1
697.75	833.31
697.52	834.12
697.4	834.75
697.3	835.36
696.98	835.84
696.33	835.9
695.6	835.51
695.3	835.08
695.68	835.18
696.4	835.98
696.84	837.19
696.56	838.39
695.55	839.4
694.21	840.42
693.16	841.7
692.75	843.22
692.97	844.71
693.42	845.94
693.77	846.85
693.82	847.46
693.47	847.8
692.86	848.01
692.27	848.28
691.87	848.71
691.58	849.1
691.43	849.03
691.78	848.25
693.04	846.9
695.1	845.36
697.22	843.84
698.44	842.16
698.17	840.06
696.23	837.46
692.67	834.61
687.87	831.84
682.82	829.44
678.92	827.61
677.21	826.42
677.61	825.76
678.88	825.23
679.58	824.22
679.12	822.41
677.98	820.06
677.15	817.87
677.22	816.38
678.22	815.56
680.24	815.1
683.43	814.77
687.4	814.5
690.93	814.18
692.72	813.58
692.38	812.43
690.71	810.81
689.03	809.08
688.28	807.58
688.52	806.31
689.01	804.94
689.02	803.19
688.55	801.13
688.11	799.08
688.17	797.16
688.64	795.24
689.02	793.17
688.86	791.02
688.12	789.04
687.2	787.4
686.57	786.02
686.38	784.71
686.5	783.39
686.66	782.17
686.66	781.1
686.46	780.08
686.21	778.97
686.08	777.7
686.24	776.33
686.7	774.86
687.32	773.21
687.92	771.45
688.55	769.88
689.42	768.95
690.73	768.76
692.53	768.9
694.84	768.73
697.99	767.96
702.63	766.8
709.52	765.6
718.97	764.41
730.8	763.01
744.58	761.43
759.9	760.06
776.26	759.41
793.11	759.65
809.8	760.47
825.58	761.43
839.73	762.29
851.77	763.03
861.54	763.74
869.3	764.49
875.69	765.52
881.5	767.21
887.24	769.93
892.84	773.72
897.79	778.26
901.81	783.18
905.21	788.5
908.82	794.55
913.28	801.47
918.41	808.93
923.17	816.39
926.57	823.63
928.42	830.88
929.32	838.34
930.12	845.89
931.37	853.15
933.15	859.98
935.2	866.67
937.2	873.63
938.96	881
940.47	888.56
941.85	896.04
943.26	903.39
944.67	910.67
945.81	917.88
946.42	924.87
946.54	931.52
946.46	937.88
946.49	943.99
946.68	949.67
946.82	954.57
946.73	958.52
946.47	961.7
946.3	964.53
946.27	967.27
946.14	969.86
945.61	972.09
944.61	973.89
943.25	975.33
941.59	976.44
939.56	977.21
936.82	977.73
933.29	978.26
929.47	979.15
926.07	980.47
923.37	981.91
921.03	983.1
918.58	983.93
915.8	984.54
912.7	985.1
909.42	985.63
906.07	986.13
902.63	986.63
899.13	987.15
895.58	987.53
891.92	987.4
887.99	986.52
883.7	985.06
879.18	983.43
874.55	981.94
869.74	980.42
864.49	978.52
858.61	976.06
852.06	973.21
844.87	970.26
837.04	967.38
828.45	964.58
818.79	961.91
807.85	959.49
796.11	957.45
784.64	955.75
774.42	954.21
765.89	952.6
759.18	950.78
754.44	948.63
751.9	946.04
751.7	943.08
753.58	940.07
756.63	937.33
759.41	934.88
760.51	932.23
759.31	928.8
756.18	924.55
752.07	920.07
748.01	916.14
744.5	913.01
741.53	910.3
739.13	907.45
737.64	904.18
737.27	900.6
737.53	896.94
737.38	893.42
736.01	890.23
733.45	887.62
730.39	885.66
727.55	884.09
725.15	882.33
722.96	880.01
720.7	877.29
718.36	874.73
716.1	872.8
713.93	871.49
711.69	870.37
709.28	868.97
706.82	867.04
704.5	864.66
702.31	862.06
700.22	859.55
698.27	857.45
696.57	855.95
695.1	854.92
693.62	854.01
691.93	852.93
690.08	851.76
688.3	850.84
686.8	850.4
685.55	850.29
684.34	850.14
683.05	849.89
681.89	849.79
681.16	850.12
680.9	850.77
680.9	851.27
680.9	851.21
680.82	850.54
680.7	849.51
680.62	848.4
680.59	847.37
680.56	846.49
680.48	845.9
680.39	845.67
680.39	845.62
680.49	845.39
680.62	844.68
680.82	843.54
681.22	842.19
681.82	840.82
682.42	839.45
682.8	838.19
683	837.33
683.19	837.1
683.41	837.3
683.55	837.31
683.43	836.61
683.11	835.3
682.82	833.9
682.7	832.78
682.64	831.82
682.49	830.66
682.25	829.18
682.05	827.64
681.92	826.3
681.7	825.16
681.22	824.01
680.42	822.66
679.48	821.15
678.6	819.56
677.81	817.89
676.97	816.07
676.03	814.11
675.08	812.1
674.3	810.11
673.58	808.02
672.59	805.72
671.2	803.33
669.71	801.25
668.7	799.74
668.78	798.53
670.03	796.99
671.94	794.65
673.66	791.63
674.54	788.38
674.4	785.26
673.56	782.22
672.64	779.06
672.19	775.73
672.37	772.43
672.97	769.37
673.53	766.55
673.68	763.92
673.37	761.5
672.87	759.42
672.48	757.67
672.23	756.09
672.01	754.56
671.81	753.18
671.71	752.17
671.71	751.62
671.66	751.3
671.37	750.87
670.83	750.22
670.13	749.52
669.39	748.9
668.56	748.24
667.53	747.32
666.39	746.21
665.41	745.3
664.82	744.93
664.46	744.99
664.02	745.01
663.36	744.62
662.66	743.84
662.16	742.93
661.96	742.05
661.87	741.23
661.68	740.52
661.32	740.09
660.94	740.06
660.69	740.23
660.56	740.27
660.46	739.98
660.34	739.5
660.18	739.05
659.97	738.63
659.7	738.04
659.44	737.15
659.32	736.11
659.43	735.18
659.7	734.41
659.95	733.68
660.11	732.87
660.43	732.08
661.26	731.45
662.75	730.94
664.78	730.32
667.18	729.43
669.95	728.35
673.39	727.32
677.98	726.44
684.24	725.55
692.61	724.39
703.37	722.85
716.62	721.09
731.98	719.32
748.58	717.7
765.38	716.33
781.5	715.35
796.39	714.83
809.76	714.65
821.38	714.5
831.15	714.25
839.18	714.12
845.82	714.6
851.49	716.03
856.45	718.38
860.83	721.53
864.97	725.57
869.48	730.72
874.68	736.94
880.04	743.71
884.55	750.36
887.55	756.6
889.16	762.73
890.13	769.21
891.17	776.14
892.59	783.22
894.24	790.14
895.96	796.93
897.69	803.88
899.47	811.17
901.37	818.69
903.43	826.2
905.7	833.56
908.14	840.74
910.54	847.67
912.58	854.23
914.03	860.43
914.97	866.5
915.7	872.71
916.2	878.95
915.85	884.71
914.41	889.56
912.72	893.67
912.07	897.57
912.81	901.48
913.99	905.01
914.26	907.62
913.03	909.21
910.77	910.14
908.42	910.87
906.58	911.53
905.2	912.05
903.88	912.39
902.25	912.74
899.94	913.25
896.26	913.72
890.47	913.76
883.24	913.33
877.14	913.1
874.82	913.84
876.49	915.54
879.46	917.39
880.35	918.59
877.71	918.97
872.76	918.97
867.84	919.03
864.41	919.23
862.31	919.43
860.33	919.52
857.19	919.41
852.38	919
846.61	918.34
841.14	917.63
836.71	917.14
832.94	916.94
828.75	916.68
823.18	915.82
816.14	914.08
808.32	911.61
800.46	908.85
792.69	906.05
784.58	903.2
775.69	900.19
766.14	897.09
756.69	894.06
748.49	891.15
742.57	888.17
739.57	884.96
739.4	881.57
741.19	878.28
743.61	875.33
745.39	872.72
745.86	870.32
745.03	868.06
743.26	865.93
740.85	863.84
737.77	861.41
733.6	858.12
728.22	853.82
722.39	849.06
717.66	844.75
715.56	841.56
716.24	839.46
717.63	837.67
716.8	835.35
712.39	832.21
705.6	828.55
698.94	825
694.26	822.04
691.81	819.79
690.57	817.93
689.23	815.79
687.09	812.86
684.32	809.17
681.63	805.29
679.48	801.88
677.73	799.11
675.89	796.66
673.66	794.24
671.18	791.96
668.85	790.2
666.95	789.18
665.4	788.71
663.97	788.47
662.6	788.3
661.44	788.18
660.55	788.04
659.78	787.67
658.99	787
658.22	786.19
657.69	785.53
657.48	785.09
657.43	784.65
657.31	783.9
656.94	782.76
656.39	781.34
655.82	779.75
655.28	777.94
654.71	775.93
654.13	774.05
653.63	772.65
653.24	771.77
652.84	770.96
652.31	769.68
651.66	767.77
650.98	765.54
650.27	763.39
649.43	761.37
648.37	759.24
647.26	756.86
646.41	754.41
645.94	752.2
645.65	750.49
645.18	749.37
644.45	748.81
643.59	748.76
642.74	748.94
641.89	748.92
640.98	748.36
640.09	747.31
639.47	746.2
639.26	745.39
639.3	744.75
639.22	743.88
638.81	742.61
638.17	741.23
637.48	740.22
636.82	739.68
636.19	739.29
635.66	738.63
635.31	737.58
635.14	736.31
634.98	734.96
634.67	733.54
634.39	732.1
634.72	731.04
636.38	730.95
639.58	732
643.74	733.64
647.58	734.81
649.96	734.78
650.71	733.55
650.68	731.69
650.82	729.74
651.36	727.96
651.92	726.33
652.05	724.83
651.66	723.38
650.95	721.93
650.25	720.45
649.8	719.09
649.63	718.06
649.55	717.42
649.28	716.97
648.68	716.4
647.87	715.64
647.19	714.92
646.89	714.48
646.88	714.29
646.83	714.1
646.51	713.76
646.03	713.4
645.75	713.26
645.87	713.43
646.32	713.88
646.87	714.55
647.31	715.37
647.43	716.1
647.15	716.29
646.56	715.62
645.9	714.29
645.45	713.07
645.34	712.63
645.46	712.99
645.49	713.53
645.27	713.62
644.99	713.21
644.94	712.78
645.19	712.7
645.57	712.85
645.86	712.78
646.08	712.19
646.29	711.19
646.53	710.11
646.71	709.14
646.73	708.23
646.65	707.27
646.65	706.18
646.9	704.93
647.37	703.5
647.85	701.97
648.2	700.61
648.43	699.7
648.62	699.3
648.89	699.11
649.34	698.73
650.1	698.04
651.28	697.3
652.96	696.89
655.01	696.9
657.25	697.03
659.78	696.96
663.21	696.58
668.35	695.92
675.73	694.98
685.53	693.65
697.6	691.94
711.48	690.02
726.45	688.11
741.72	686.25
756.55	684.34
770.45	682.35
783.1	680.5
794.34	679.13
804.21	678.54
813.1	678.84
821.63	679.93
830.13	681.63
838.24	683.75
845.17	686.12
850.42	688.64
854.27	691.46
857.61	695
861.25	699.66
865.27	705.42
869.1	711.81
872.17	718.32
874.48	724.85
876.53	731.74
878.79	739.3
881.34	747.49
883.98	755.96
886.48	764.4
888.72	772.7
890.72	780.83
892.46	788.72
893.88	796.37
894.99	803.99
896	811.81
897.09	819.78
898.19	827.41
899.09	834.12
899.67	839.63
900.02	844.16
900.27	848.22
900.41	852.12
900.34	855.89
900	859.35
899.52	862.26
899.08	864.38
898.73	865.57
898.31	865.95
897.75	866.06
897.11	866.62
896.54	868.05
896	870.16
895.35	872.4
894.47	874.31
893.36	875.81
892.08	877.11
890.62	878.27
888.89	879.22
886.82	879.85
884.53	880.24
882.24	880.53
880.01	880.68
877.65	880.46
874.96	879.75
871.9	878.74
868.64	877.85
865.32	877.3
861.96	876.98
858.52	876.61
854.97	876.12
851.44	875.68
847.89	875.45
843.99	875.37
839.28	875.27
833.61	875.1
827.26	874.94
820.67	874.74
814.09	874.26
807.38	873.2
799.97	871.51
791.18	869.53
781	867.75
770.34	866.45
760.4	865.46
752.15	864.35
746.08	862.83
742.26	860.88
740.47	858.57
740.27	855.9
741.19	852.93
742.9	849.86
745.02	846.91
747.01	844.01
748.18	840.91
747.95	837.47
746.19	833.93
743.37	830.68
740.18	827.83
737.15	825.1
734.35	822.14
731.63	818.98
728.88	815.95
726.08	813.34
723.23	811.21
720.4	809.44
717.68	807.98
715.15	806.84
712.71	805.81
710.22	804.52
707.67	802.69
705.17	800.45
702.94	798.22
701.01	796.31
699.19	794.66
697.12	792.94
694.68	790.87
692.11	788.46
689.7	785.9
687.48	783.44
685.26	781.38
682.91	779.98
680.51	779.27
678.19	778.87
676	778.07
673.85	776.36
671.72	773.86
669.77	771.23
668.14	769.12
666.76	767.59
665.44	766.25
664.1	764.72
662.87	762.91
661.85	760.98
661.01	759.07
660.3	757.24
659.74	755.6
659.46	754.34
659.47	753.55
659.65	753.03
659.75	752.46
659.59	751.77
659.23	751.19
658.87	750.92
658.54	750.81
658.18	750.52
657.76	749.94
657.46	749.36
657.41	749.18
657.48	749.37
657.38	749.42
656.93	748.84
656.23	747.66
655.6	746.32
655.24	745.15
654.99	744.12
654.57	743
653.91	741.72
653.14	740.44
652.4	739.29
651.85	738.22
651.57	737.08
651.56	735.84
651.64	734.57
651.67	733.28
651.54	731.81
651.14	730.1
650.55	728.35
649.9	727.02
649.24	726.35
648.52	726.21
647.88	726.25
647.9	726.2
649.13	725.95
651.38	725.36
653.66	724.19
654.92	722.22
654.91	719.63
654.27	717.04
653.87	715.08
654.02	713.97
654.38	713.45
654.43	713.12
654.08	712.73
653.53	712.23
653.06	711.59
652.82	710.83
652.87	710.1
653.18	709.65
653.64	709.56
654.17	709.55
654.84	709.13
655.69	708.07
656.64	706.58
657.5	705.15
658.02	704.09
658.08	703.37
657.78	702.83
657.47	702.41
657.4	702.14
657.53	701.87
657.6	701.28
657.48	700.1
657.3	698.51
657.33	697
657.65	696.05
658.01	695.8
658.05	696.13
657.63	696.94
656.97	698.16
656.34	699.65
655.78	701.11
655.2	702.27
654.54	703.12
653.97	703.81
653.63	704.41
653.52	704.74
653.49	704.59
653.37	703.96
653.11	703.09
652.85	702.29
652.86	701.6
653.24	700.9
653.79	700.09
654.27	699.24
654.5	698.48
654.34	697.78
653.77	697.01
652.97	696.23
652.28	695.65
651.92	695.43
651.75	695.38
651.47	695.04
650.89	694.13
650.06	692.76
649.32	691.36
649.18	690.25
649.94	689.46
651.5	688.85
653.46	688.31
655.45	687.81
657.38	687.24
659.54	686.33
662.69	684.9
667.78	683.07
675.42	681.16
685.74	679.38
698.29	677.69
712.31	675.96
726.94	674.33
741.53	673.17
755.75	672.76
769.53	672.94
782.81	673.29
795.23	673.57
806.2	673.93
815.17	674.65
822.11	675.91
827.61	677.74
832.57	680.22
837.59	683.58
842.73	687.92
847.62	693.01
851.83	698.38
855.23	703.75
858.05	709.18
860.59	714.91
862.96	721.06
865	727.56
866.64	734.4
868.06	741.68
869.53	749.43
871.07	757.35
872.54	764.99
873.82	772.06
874.99	778.7
876.19	785.22
877.47	791.77
878.68	798.22
879.76	804.51
880.82	810.73
882.06	816.96
883.38	822.99
884.39	828.39
884.82	832.94
884.8	836.88
884.7	840.68
884.73	844.56
884.77	848.3
884.57	851.55
884.06	854.21
883.4	856.48
882.78	858.58
882.21	860.53
881.5	862.26
880.55	863.89
879.42	865.66
878.11	867.62
876.53	869.53
874.59	871.02
872.33	871.95
869.97	872.49
867.72	872.83
865.59	872.9
863.36	872.53
860.89	871.75
858.23	870.95
855.51	870.51
852.71	870.48
849.68	870.51
846.39	870.23
842.94	869.51
839.42	868.42
835.73	867.02
831.72	865.42
827.46	863.92
823.34	862.97
819.49	862.67
814.96	862.41
808.09	861.21
798.12	858.56
786.21	855
774.67	851.68
765.16	849.4
757.6	848.04
750.61	846.9
742.97	845.41
734.69	843.55
727.09	841.59
721.9	839.65
720.02	837.56
721.05	835.03
723.58	831.92
726.19	828.27
728.07	824.29
729	820.26
729.07	816.51
728.39	813.31
727.11	810.74
725.36	808.65
723.32	806.86
721.27	805.35
719.93	804.26
720.31	803.69
722.79	803.41
726.36	802.95
729.24	801.99
730.11	800.61
728.99	799.12
726.91	797.72
725.04	796.43
723.93	795.19
723.36	794.02
722.74	792.84
721.54	791.32
719.66	789.13
717.46	786.3
715.44	783.23
713.79	780.41
712.33	778.02
710.76	775.95
709.07	774.06
707.43	772.32
705.94	770.75
704.45	769.2
702.77	767.5
701.08	765.7
699.84	764.13
699.47	763.08
699.89	762.47
700.52	761.84
700.77	760.79
700.55	759.32
700.1	757.73
699.62	756.3
699.21	755.12
699.03	754.16
699.25	753.47
699.85	753.03
700.49	752.6
700.71	751.79
700.2	750.42
699.11	748.71
697.94	747.13
697.15	745.86
696.8	744.63
696.68	742.98
696.51	740.73
696.1	738.14
695.34	735.62
694.28	733.45
693.22	731.78
692.57	730.68
692.53	730.14
692.93	729.85
693.3	729.25
693.13	727.88
692.35	725.77
691.39	723.39
690.76	721.26
690.52	719.51
690.28	717.85
689.6	715.94
688.4	713.72
686.98	711.33
685.76	708.91
684.88	706.48
684.09	704.2
683.15	702.41
682.04	701.45
681.03	701.35
680.61	701.74
681.17	702.14
682.62	702.3
684.32	702.21
685.44	701.9
685.52	701.24
684.61	700.13
683.33	698.75
682.39	697.57
682.24	696.88
682.7	696.56
683.26	696.28
683.53	695.88
683.52	695.55
683.51	695.42
683.64	695.32
683.8	694.83
683.89	693.65
683.94	691.84
683.91	689.67
683.58	687.36
682.85	685.05
682.04	683.01
681.75	681.58
682.24	680.9
683.22	680.69
684.02	680.45
684.2	679.85
683.85	678.92
683.4	677.91
683.18	677
683.18	676.22
683.16	675.46
683.1	674.64
683.19	673.69
683.6	672.57
684.14	671.3
684.4	670.11
684.16	669.32
683.58	669.02
682.94	668.92
682.37	668.51
681.8	667.55
681.24	666.2
680.82	664.79
680.64	663.38
680.53	661.72
680.32	659.69
680.16	657.6
680.42	656.05
681.13	655.33
681.91	655.19
682.3	655.18
682.18	655.04
681.86	654.84
681.69	654.68
681.74	654.48
681.82	654.16
681.82	653.78
681.76	653.55
681.68	653.57
681.55	653.74
681.29	653.89
680.91	653.99
680.49	654.1
680.18	654.21
680.19	654.18
680.72	653.91
681.92	653.57
683.76	653.42
685.95	653.43
688.06	653.15
690.01	652.07
692.42	650.06
696.29	647.54
702.41	645.02
710.97	642.77
721.56	640.84
733.58	639.34
746.93	638.58
761.95	638.71
778.5	639.4
795.43	640.08
811.04	640.42
824.15	640.61
834.62	641.14
843.18	642.24
850.7	643.75
857.64	645.42
864.06	647.31
869.87	649.81
875.03	653.27
879.63	657.75
883.87	663.14
888.01	669.26
892.18	675.91
896.21	682.77
899.71	689.48
902.47	695.92
904.64	702.38
906.54	709.33
908.33	716.96
909.96	725.01
911.26	733.07
912.28	740.91
913.31	748.52
914.63	755.86
916.16	762.79
917.63	769.26
918.91	775.44
920.13	781.61
921.53	787.85
923.09	793.93
924.66	799.53
926.08	804.65
927.31	809.6
928.27	814.63
928.55	819.54
927.79	823.91
926.44	827.68
925.65	831.29
926.24	835.12
927.79	839.01
929.03	842.36
928.97	844.76
927.7	846.31
926	847.46
924.58	848.47
923.59	849.3
922.74	849.92
921.66	850.51
920.12	851.41
918.11	852.72
915.8	854.25
913.41	855.77
911.16	857.27
909.07	858.81
906.96	860.22
904.51	861.11
901.48	861.19
898.06	860.6
894.65	859.7
891.47	858.72
888.37	857.65
885.07	856.46
881.52	855.36
877.82	854.64
873.98	854.39
869.83	854.32
865.16	854.07
859.88	853.52
854.01	852.78
847.61	851.91
840.58	850.79
832.73	849.27
823.98	847.5
814.56	845.85
804.82	844.57
795.25	843.58
786.71	842.62
780.47	841.51
777.49	840.26
777.74	838.92
780.12	837.39
783.19	835.57
785.87	833.53
787.7	831.52
788.65	829.63
788.71	827.64
787.79	825.1
785.86	821.85
783.22	818.17
780.38	814.53
777.7	811.13
775.27	807.88
773.02	804.63
770.86	801.46
768.7	798.54
766.43	795.88
763.94	793.31
761.16	790.8
758.24	788.61
755.35	787.06
752.36	786.1
749.01	785.33
745.46	784.45
742.32	783.55
740.22	782.97
739.18	782.8
738.58	782.66
737.62	782.05
735.91	780.75
733.61	779
731.21	777.08
729.04	775.09
727.16	772.91
725.56	770.55
724.22	768.18
722.99	766
721.64	764.01
720.05	762.06
718.35	760.06
716.82	758.06
715.6	756.07
714.59	754.05
713.55	752.04
712.33	750.35
711.02	749.33
709.81	749.06
708.76	749.16
707.71	749.18
706.55	749.05
705.36	749.09
704.34	749.59
703.48	750.42
702.65	751
701.8	750.83
701.02	749.87
700.41	748.53
699.86	747.25
699.1	746.17
698.12	745.2
697.28	744.24
696.95	743.19
697.07	741.85
697.11	740.07
696.64	737.96
695.8	735.98
695.11	734.55
694.81	733.64
694.51	732.85
693.78	731.86
692.67	730.87
691.7	730.28
691.19	730.18
690.95	730.13
690.42	729.64
689.28	728.7
687.98	727.82
687.4	727.44
688.06	727.33
689.6	726.85
691.08	725.57
691.67	723.67
691.18	721.7
689.95	720.09
688.62	718.85
687.73	717.87
687.48	717.1
687.65	716.55
687.84	716.13
687.72	715.72
687.27	715.3
686.71	715.04
686.22	715.07
685.81	715.25
685.33	715.32
684.73	715.16
684.13	714.89
683.7	714.73
683.47	714.61
683.34	714.26
683.19	713.44
683.01	712.24
682.88	710.96
682.85	709.73
682.78	708.43
682.59	706.99
682.38	705.67
682.41	704.98
682.78	705.26
683.27	706.42
683.61	707.97
683.78	709.46
683.92	710.61
684.08	711.3
684.18	711.55
684.21	711.53
684.24	711.54
684.35	711.81
684.52	712.32
684.59	712.73
684.46	712.8
684.18	712.56
683.9	712.28
683.63	712.06
683.06	711.74
681.97	711.14
680.63	710.3
679.69	709.44
679.51	708.66
679.84	707.79
680.09	706.62
679.86	705.27
679.26	704.09
678.68	703.32
678.4	702.71
678.37	701.77
678.34	700.28
678.21	698.5
678.05	696.92
677.97	695.79
677.96	695.02
678.04	694.36
678.34	693.68
678.96	692.93
679.86	692.06
680.84	690.99
681.82	689.79
682.81	688.76
683.8	688.12
684.73	687.77
685.46	687.31
685.69	686.33
685.21	684.76
684.48	682.89
684.68	681.06
687.23	679.38
693.09	677.75
702.38	676.07
714.41	674.41
728.09	672.89
742.58	671.5
757.61	670.17
773.22	668.98
789.57	668.19
806.66	668.1
823.72	668.78
839.18	669.95
851.56	671.29
860.46	672.68
866.7	674.25
871.66	676.17
876.49	678.64
881.63	681.85
886.86	685.92
891.61	690.8
895.44	696.16
898.33	701.72
900.62	707.5
902.77	713.76
905.04	720.69
907.32	728.13
909.24	735.75
910.69	743.36
911.9	751.02
913.18	758.84
914.53	766.69
915.77	774.32
916.78	781.67
917.66	788.94
918.53	796.36
919.35	803.82
919.94	810.86
920.16	817.08
920.11	822.39
920	827.03
919.94	831.26
919.81	835.22
919.51	839.07
919.06	842.96
918.64	846.96
918.39	850.86
918.2	854.25
917.84	856.89
917.14	858.92
916.16	860.73
915.03	862.55
913.78	864.25
912.29	865.69
910.61	867.04
908.94	868.72
907.46	870.97
906.08	873.52
904.57	875.82
902.9	877.52
901.24	878.78
899.73	879.93
898.2	881.15
896.38	882.38
894.19	883.51
891.79	884.47
889.29	885.19
886.63	885.48
883.71	885.21
880.54	884.5
877.23	883.72
873.86	883.16
870.34	882.81
866.41	882.39
861.99	881.77
857.22	881.09
852.26	880.55
847.08	880.12
841.54	879.5
835.47	878.39
828.81	876.82
821.68	875.08
814.36	873.5
807.15	872.21
800.14	871.1
793.13	870.01
785.85	868.74
778.3	867.07
771.11	864.85
765.51	862.29
762.71	859.79
763.07	857.62
765.69	855.58
768.88	853.13
770.99	849.97
771.25	846.3
769.82	842.67
767.31	839.36
764.23	836.22
760.87	832.93
757.45	829.49
754.19	826.19
751.23	823.34
748.54	820.94
746	818.78
743.52	816.7
741.22	814.68
739.18	812.65
737.32	810.41
735.36	807.75
733.16	804.77
730.82	801.89
728.49	799.38
726.17	797.05
723.79	794.41
721.38	791.22
719.04	787.75
716.9	784.48
714.93	781.7
712.98	779.4
710.91	777.54
708.74	776.15
706.64	775.24
704.61	774.61
702.37	773.95
699.93	773.16
697.84	772.51
696.75	772.27
696.59	772.28
696.54	771.98
695.8	771.01
694.2	769.53
692.24	768.05
690.42	766.89
688.93	765.97
687.82	765.16
687.15	764.48
686.96	764
687.07	763.52
687.16	762.68
687.06	761.26
686.86	759.59
686.75	758.27
686.82	757.63
686.97	757.32
687.05	756.66
687.1	755.16
687.31	752.92
687.86	750.39
688.66	748.02
689.38	746.06
689.78	744.61
689.79	743.64
689.57	742.94
689.36	742.17
689.37	741.13
689.6	739.92
689.87	738.86
689.94	738.06
689.65	737.27
688.97	736.17
688.19	734.78
687.97	733.46
688.85	732.49
690.65	731.64
692.47	730.44
693.48	728.68
693.54	726.68
693.1	724.97
692.77	723.77
692.76	722.88
692.95	721.97
693.16	720.99
693.35	720.04
693.5	719.14
693.53	718.08
693.37	716.71
693.14	715.16
693.01	713.78
693.01	712.79
693.06	712.07
693.05	711.36
692.99	710.51
693.01	709.57
693.17	708.62
693.34	707.64
693.39	706.61
693.35	705.68
693.32	705.07
693.26	704.81
692.99	704.63
692.38	704.23
691.59	703.56
690.97	702.86
690.8	702.32
691.05	701.83
691.44	701.15
691.72	700.23
691.87	699.26
692.02	698.45
692.14	697.75
692.15	696.97
691.98	696.1
691.74	695.37
691.58	694.99
691.48	694.85
691.24	694.57
690.67	693.93
689.86	693.07
689.06	692.35
688.44	692.01
687.95	692.03
687.49	692.26
687.06	692.56
686.7	692.82
686.37	692.84
685.92	692.44
685.29	691.72
684.6	691.05
684.07	690.87
683.79	691.22
683.6	691.76
683.39	692.09
683.25	692.13
683.32	692.03
683.62	691.89
683.92	691.47
683.91	690.49
683.39	688.93
682.44	687.06
681.41	685.19
680.81	683.5
681	682.11
681.78	681.16
682.47	680.77
682.39	680.91
681.3	681.32
679.58	681.76
677.94	682.24
677.08	682.97
677.13	684.08
677.86	685.39
679.2	686.48
681.3	687.04
684.17	687.04
687.57	686.57
691.34	685.68
695.78	684.39
701.71	682.88
710.08	681.45
721.3	680.39
734.9	679.72
749.86	679.2
765.16	678.63
780.12	677.94
794.28	677.19
807.17	676.35
818.3	675.42
827.44	674.58
834.91	674.25
841.33	674.81
847.24	676.32
852.78	678.61
857.9	681.58
862.61	685.48
866.93	690.6
870.76	696.91
873.9	703.97
876.24	711.31
877.95	718.74
879.39	726.28
880.87	733.85
882.44	741.18
884.06	748.12
885.73	754.95
887.52	762.15
889.38	769.93
891.11	777.97
892.57	785.8
893.82	793.26
895.06	800.58
896.45	808.07
897.9	815.69
899.15	823.22
900.02	830.49
900.58	837.65
900.96	844.95
901.21	852.55
901.33	860.47
901.41	868.65
901.49	876.93
901.57	884.98
901.47	892.41
901.03	898.95
900.26	904.74
899.33	910.19
898.35	915.61
897.29	920.85
896.06	925.47
894.7	929.2
893.37	932.1
892.21	934.43
891.1	936.32
889.66	937.66
887.57	938.48
884.84	939.08
881.91	939.89
879.21	941.04
876.87	942.22
874.62	943.04
872.13	943.43
869.23	943.69
865.89	944.07
862.02	944.52
857.56	944.81
852.88	944.88
848.61	944.89
845.05	944.95
841.79	944.96
838.13	944.84
833.73	944.82
829.01	945.28
824.88	946.27
821.66	947.26
818.64	947.49
814.56	946.58
808.68	944.78
801.19	942.65
792.85	940.65
784.32	938.88
775.91	937.2
767.73	935.38
759.98	933.17
753.29	930.34
748.56	926.83
746.48	922.91
747.1	919.05
749.66	915.57
752.78	912.42
755.03	909.28
755.67	905.95
754.84	902.44
753.15	898.82
751.14	894.99
749.07	890.74
747.04	886.02
745.15	881.15
743.39	876.56
741.67	872.47
739.88	868.9
738.05	865.83
736.42	863.36
735.12	861.56
734	860.13
732.73	858.46
731.09	856.08
729.18	853.04
727.24	849.79
725.41	846.76
723.53	844.01
721.43	841.41
719.11	838.93
716.86	836.67
714.87	834.7
713.1	832.91
711.38	831.17
709.68	829.48
708.08	827.91
706.58	826.4
705.17	824.71
703.86	822.66
702.73	820.36
701.78	818.11
700.81	816.01
699.59	813.92
698.17	811.61
696.89	809.06
696.09	806.5
695.69	804.05
695.18	801.64
693.82	799.01
691.25	796.1
688.09	793.16
685.67	790.49
684.92	788.08
685.64	785.57
686.78	782.69
687.37	779.46
687	776.09
685.89	772.65
684.51	768.99
683.25	765.04
682.26	760.99
681.33	757.19
680.13	753.85
678.68	750.94
677.31	748.4
676.41	746.27
676.13	744.57
676.14	743.1
676.12	741.53
676.27	739.69
677.16	737.66
678.78	735.61
679.72	733.35
677.99	730.4
672.94	726.6
666.33	722.6
661.11	719.49
659.02	717.87
659.46	717.37
660.49	717.17
660.78	716.73
660.39	715.99
659.87	715.02
659.37	713.66
658.65	711.7
657.68	709.25
656.87	706.73
656.75	704.51
657.41	702.56
658.38	700.69
659.13	698.84
659.55	697.24
659.95	696.02
660.65	695
661.61	693.76
662.53	692.07
663.15	690.09
663.48	688.24
663.73	686.76
664.01	685.67
664.31	684.9
664.59	684.38
664.91	683.97
665.26	683.34
665.56	682.19
665.79	680.55
666	678.81
666.14	677.35
666.04	676.15
665.57	674.88
664.85	673.33
664.18	671.65
663.86	670.16
663.86	669.04
663.9	668.21
663.7	667.53
663.3	666.93
662.97	666.44
662.94	665.95
663.11	665.31
663.25	664.53
663.13	663.96
662.79	663.98
662.39	664.57
662.04	665.22
661.69	665.3
661.29	664.61
660.84	663.47
660.34	662.36
659.68	661.56
658.83	661.03
657.93	660.65
657.25	660.35
656.98	660.02
657.02	659.52
657.09	658.84
657.04	658.18
656.94	657.82
657.02	657.7
657.31	657.38
657.55	656.39
657.46	654.82
657.05	653.32
656.59	652.59
656.26	652.77
656.03	653.49
655.82	654.35
655.67	655.25
655.64	656.25
655.73	657.25
655.97	657.99
656.62	658.35
658.03	658.4
660.51	658.34
664.17	658.25
668.94	658.17
674.4	658.11
679.81	658.16
684.67	658.4
689.21	658.74
694.4	658.9
701.52	658.62
711.42	657.93
724.19	657.07
739.09	656.22
754.95	655.36
770.81	654.4
786.21	653.37
800.99	652.44
814.87	651.77
827.39	651.41
838.09	651.45
846.97	652.18
854.42	654.01
861.02	657.16
867.05	661.48
872.43	666.64
876.99	672.45
880.77	678.85
883.94	685.73
886.6	692.72
888.78	699.44
890.54	705.86
892.01	712.46
893.32	719.71
894.55	727.72
895.64	736.15
896.54	744.57
897.42	752.84
898.47	760.99
899.73	769.03
901.07	776.82
902.38	784.3
903.69	791.56
905.05	798.82
906.37	806.11
907.46	813.29
908.1	820.22
908.32	826.97
908.33	833.61
908.23	840
907.96	845.78
907.4	850.62
906.68	854.55
905.91	857.84
905.04	860.74
903.93	863.34
902.62	865.71
901.3	868.12
900.13	870.77
899.01	873.58
897.65	876.12
895.9	878.08
893.97	879.52
892.26	880.85
890.88	882.32
889.58	883.8
887.95	884.98
885.72	885.74
883.11	886.25
880.53	886.65
878.12	886.77
875.59	886.35
872.71	885.44
869.64	884.42
866.57	883.69
863.35	883.23
859.71	882.91
855.92	882.78
852.78	883.11
850.83	883.92
849.6	884.78
847.83	885.07
844.59	884.58
839.87	883.6
834.33	882.6
828.47	881.77
822.29	881.06
815.42	880.46
807.52	880.11
798.59	880.09
788.9	880.12
778.88	879.63
769.09	878.32
760.38	876.39
753.76	874.34
749.92	872.42
748.9	870.46
750.1	868.1
752.59	865.26
755.29	862.12
757.21	858.89
757.71	855.6
756.65	852.26
754.46	849.06
751.86	846.35
749.42	844.17
747.19	842.16
744.94	839.81
742.58	836.95
740.23	833.84
738.02	830.88
735.93	828.16
733.75	825.54
731.29	822.91
728.52	820.35
725.6	817.95
722.71	815.63
719.9	813.23
717.2	810.81
714.71	808.67
712.49	807.08
710.44	805.97
708.35	805.03
706.15	803.98
703.97	802.74
701.97	801.28
700.14	799.51
698.33	797.34
696.45	795.03
694.68	793.05
693.27	791.7
692.25	790.67
691.42	789.34
690.72	787.41
690.25	785.18
690.08	783.31
690.03	782.17
689.76	781.54
689.06	780.91
688.08	780.02
687.17	778.97
686.59	777.99
686.28	777.21
686.06	776.65
685.78	776.29
685.33	776.02
684.5	775.58
683.14	774.73
681.46	773.49
680.08	772.25
679.46	771.37
679.48	770.73
679.49	769.76
678.85	768
677.44	765.54
675.75	763.06
674.63	761.29
674.7	760.4
676.06	759.98
678.13	759.45
680	758.5
680.92	757.18
680.67	755.67
679.59	754.13
678.36	752.74
677.55	751.68
677.27	751.01
677.16	750.58
676.86	750.15
676.27	749.67
675.62	749.3
675.21	749.27
675.17	749.59
675.43	750.05
675.87	750.46
676.38	750.77
676.87	750.99
677.21	751.03
677.34	750.73
677.36	750.13
677.51	749.54
677.95	749.26
678.6	749.18
679.16	748.88
679.39	747.99
679.36	746.54
679.3	744.82
679.26	743.08
679.09	741.4
678.65	739.84
678.01	738.62
677.4	737.93
677.01	737.61
676.8	737.15
676.65	736.09
676.61	734.45
676.8	732.67
677.23	731.18
677.67	730
677.83	728.86
677.68	727.56
677.38	726.1
677.16	724.5
677.01	722.65
676.82	720.39
676.63	717.79
676.6	715.18
676.77	712.88
676.96	710.98
676.85	709.42
676.29	708.19
675.35	707.43
674.25	707.2
673.16	707.22
672.14	707.09
671.21	706.53
670.41	705.56
669.69	704.4
668.92	703.19
667.95	702.05
666.77	701.18
665.57	700.79
664.55	700.85
663.67	700.92
662.74	700.45
661.75	699.24
660.94	697.57
660.54	695.88
660.38	694.36
660.02	692.91
659.12	691.39
657.77	689.94
656.43	688.77
655.38	687.87
654.54	686.97
653.74	685.92
653.27	684.96
653.73	684.49
655.36	684.58
657.59	684.84
659.41	684.75
660.16	684.05
659.96	682.85
659.49	681.39
659.38	679.93
659.88	678.71
660.89	678.04
662.26	678
663.82	678.28
665.5	678.27
667.56	677.49
670.61	676.01
675.4	674.34
682.47	672.93
692.02	671.84
703.92	670.8
717.81	669.65
733.26	668.6
749.59	667.94
765.9	667.72
781.4	667.74
795.84	667.85
809.37	668.09
821.93	668.5
833.09	668.92
842.35	669.12
849.75	669.11
855.85	669.27
861.31	670.08
866.47	671.76
871.28	674.18
875.61	677.25
879.38	681.08
882.58	685.9
885.1	691.69
886.92	698.13
888.33	704.88
889.74	711.77
891.33	718.77
892.87	725.74
893.99	732.42
894.6	738.71
894.95	744.94
895.43	751.72
896.23	759.36
897.2	767.6
898.02	775.85
898.57	783.66
898.99	790.93
899.43	797.73
899.69	803.94
899.49	809.35
898.92	813.84
898.44	817.53
898.4	820.59
898.66	823.05
898.79	824.91
898.46	826.3
897.69	827.51
896.73	828.69
895.68	829.67
894.45	830.2
893.13	830.28
892.05	830.24
891.4	830.36
890.91	830.6
890.13	830.69
888.84	830.58
887.1	830.56
884.97	830.91
882.29	831.51
879.01	831.99
875.42	832.1
872.03	831.97
869.01	831.87
866.08	831.98
863.01	832.28
860.07	832.71
857.72	833.3
855.84	834.05
853.67	834.81
850.35	835.32
845.7	835.41
840.36	835.22
835.21	834.97
830.65	834.65
826.25	834.09
821.25	833.16
815.28	832.14
808.48	831.51
801.22	831.54
793.66	832.08
785.73	832.78
777.32	833.52
768.57	834.42
759.78	835.49
751.42	836.43
744.21	836.78
739.11	836.31
736.94	835.17
737.76	833.59
740.66	831.62
744.21	829.21
747.13	826.4
748.71	823.47
748.87	820.71
747.83	818.18
745.94	815.79
743.61	813.42
741.27	810.97
739.16	808.28
737.31	805.1
735.58	801.35
733.88	797.3
732.17	793.54
730.51	790.46
728.89	788.04
727.2	785.93
725.39	783.91
723.6	782.15
721.98	780.96
720.45	780.29
718.72	779.73
716.68	778.82
714.49	777.43
712.37	775.72
710.36	773.86
708.37	771.86
706.41	769.7
704.69	767.59
703.43	765.89
702.58	764.76
701.74	764.02
700.56	763.29
699.14	762.35
697.88	761.2
697.04	759.93
696.55	758.52
696.15	756.94
695.74	755.3
695.41	753.78
695.29	752.33
695.31	750.71
695.18	748.77
694.75	746.8
693.95	745.33
692.35	744.48
689.21	743.81
684.48	742.86
679.38	741.73
675.65	741.05
674.19	741.33
674.44	742.36
674.91	743.39
674.5	743.76
673.16	743.35
671.7	742.44
670.74	741.33
670.24	740.09
669.71	738.74
668.9	737.35
668	736.07
667.33	734.88
667.03	733.59
666.95	731.98
666.95	729.98
667.07	727.64
667.49	725.01
668.17	722.05
668.88	718.82
669.74	715.72
671.58	713.34
675.13	711.97
679.95	711.3
684.41	710.69
686.93	709.71
687.19	708.4
686.13	707
685.08	705.59
684.8	704.06
685.22	702.37
685.8	700.59
686.01	698.76
685.6	696.83
684.75	694.69
683.89	692.44
683.37	690.3
683.2	688.37
683.12	686.45
682.87	684.29
682.46	681.87
682.11	679.53
682.01	677.54
682.07	675.84
682.01	674.14
681.7	672.28
681.26	670.42
680.85	668.85
680.46	667.64
679.96	666.67
679.3	665.83
678.66	665.18
678.36	664.8
678.52	664.54
679.01	664.07
679.54	663.08
679.87	661.59
679.96	659.84
679.85	658.12
679.63	656.52
679.34	655.13
679.04	654.05
678.85	653.39
678.75	653
678.43	652.6
677.62	652.05
676.4	651.49
675.2	651.17
674.7	651.19
675.31	651.34
676.87	651.35
678.64	651.13
679.73	650.75
679.56	650.34
678.29	649.96
676.75	649.7
675.91	649.79
676.09	650.36
676.75	651.2
676.91	651.79
676.08	651.65
674.54	650.69
672.89	649.25
671.46	647.79
670.35	646.59
669.8	645.87
670.3	645.82
672.11	646.48
674.7	647.61
676.84	648.73
677.45	649.5
676.51	650.07
674.9	650.88
673.66	652.19
673.17	653.71
673.16	654.86
673.2	655.3
673.19	655.26
673.39	655.24
674.03	655.44
675.06	655.68
676.32	655.68
677.76	655.36
679.6	654.89
682.14	654.4
685.75	653.89
690.85	653.4
697.96	653.07
707.55	653.04
719.72	653.15
734.08	653.06
750	652.57
766.94	651.95
784.38	651.67
801.67	651.96
817.93	652.59
832.47	653.15
844.99	653.55
855.7	654.07
864.96	655.1
872.97	656.73
879.79	658.88
885.64	661.54
890.95	664.86
895.97	668.97
900.63	673.8
904.67	679.1
908.08	684.73
911.15	690.74
914.24	697.23
917.4	704.16
920.42	711.43
923.05	718.98
925.25	726.88
927.24	735.1
929.2	743.46
931.18	751.8
933.08	760.13
934.92	768.62
936.73	777.24
938.41	785.6
939.73	793.24
940.68	800.05
941.48	806.46
942.39	812.97
943.39	819.62
944.18	825.92
944.52	831.34
944.38	835.78
943.88	839.56
943.1	843
942.15	846.26
941.25	849.41
940.62	852.54
940.21	855.63
939.62	858.41
938.42	860.51
936.58	861.8
934.41	862.6
932.21	863.43
929.95	864.5
927.4	865.64
924.48	866.61
921.38	867.42
918.42	868.41
915.91	869.88
913.99	871.73
912.52	873.58
911.06	875.03
909.08	875.98
906.28	876.61
902.82	877.17
899.18	877.9
895.84	879
893.03	880.53
890.52	882.25
887.76	883.59
884.25	883.99
879.99	883.42
875.36	882.34
870.74	881.31
866.1	880.59
861.17	880.09
855.74	879.69
849.78	879.46
843.3	879.4
836.13	879.25
827.95	878.58
818.67	877.26
808.62	875.66
798.46	874.33
788.81	873.47
780.15	872.73
773.07	871.59
768.33	869.8
766.39	867.56
767.03	865.17
769.26	862.79
771.76	860.44
773.48	858.15
774	855.96
773.31	853.76
771.59	851.26
769.08	848.25
766.21	844.82
763.4	841.25
760.86	837.74
758.54	834.31
756.36	830.99
754.31	828.01
752.31	825.71
750.2	824.21
747.76	823.24
744.9	822.44
741.86	821.65
739.05	821.03
736.76	820.71
734.83	820.63
732.85	820.52
730.5	820.17
727.8	819.54
724.97	818.57
722.22	817.06
719.57	814.87
717.02	812.19
714.6	809.54
712.29	807.34
709.86	805.57
707.2	803.94
704.62	802.32
702.54	800.88
701.02	799.82
699.69	799.1
698.15	798.41
696.3	797.5
694.41	796.28
692.76	794.78
691.3	792.91
689.71	790.58
687.78	788
685.76	785.73
684.17	784.32
683.25	783.87
682.67	783.93
682.03	783.99
681.57	783.86
681.95	783.65
683.43	783.39
685.4	782.91
686.82	782.04
687.06	780.95
686.34	780.01
685.35	779.48
684.6	779.31
684.17	779.29
683.95	779.34
683.85	779.48
683.75	779.61
683.54	779.46
683.14	778.82
682.65	777.82
682.27	776.79
682.09	775.9
682.05	774.91
681.96	773.44
681.72	771.39
681.44	769.06
681.17	766.8
680.77	764.8
680.11	762.99
679.31	761.34
678.7	759.87
678.5	758.59
678.57	757.39
678.64	756.11
678.54	754.85
678.26	753.8
677.63	752.96
676.52	752.04
675.36	750.82
675.02	749.34
675.98	747.85
677.75	746.45
679.19	745.01
679.39	743.38
678.47	741.63
677.37	740.07
677.03	738.93
677.61	738.1
678.57	737.3
679.26	736.53
679.46	736.22
679.42	736.85
679.48	738.35
679.68	740.05
679.78	741.19
679.67	741.53
679.51	741.47
679.51	741.54
679.7	741.98
679.98	742.63
680.33	743.19
680.81	743.42
681.29	743.15
681.57	742.28
681.56	740.94
681.46	739.53
681.6	738.44
682.09	737.67
682.7	736.85
683.07	735.62
683.05	734.08
682.83	732.75
682.66	732.01
682.49	731.76
682.11	731.51
681.38	730.96
680.31	730.21
678.98	729.59
677.4	729.17
675.52	728.65
673.48	727.77
671.62	726.64
670.35	725.68
670	725.29
670.68	725.52
672.3	726.12
674.44	726.74
676.32	727.15
677.17	727.18
676.72	726.78
675.36	726.01
673.86	725.06
672.81	724.13
672.34	723.24
672.06	722.26
671.61	721.17
670.97	720.19
670.47	719.64
670.32	719.53
670.34	719.5
670.28	719.13
670.1	718.35
670	717.45
670.16	716.66
670.67	715.92
671.43	715.01
672.39	713.86
673.69	712.72
675.57	711.8
678.34	711.11
682.35	710.51
688.21	710
696.59	709.72
707.87	709.73
721.8	709.78
737.74	709.42
754.88	708.52
772.51	707.41
789.98	706.53
806.58	706.07
821.59	705.86
834.54	705.72
845.45	705.73
854.61	706.13
862.33	707.02
868.85	708.33
874.39	710
879.24	712.15
883.64	715.02
887.64	718.78
891.1	723.4
893.97	728.78
896.43	734.81
898.76	741.35
901	748.1
902.96	754.75
904.5	761.33
905.72	768.29
906.88	776.09
908.1	784.71
909.21	793.56
909.83	801.94
909.78	809.53
909.49	816.59
909.74	823.52
910.9	830.43
912.6	837.11
914.07	843.29
914.76	848.88
914.66	853.9
914.15	858.37
913.64	862.31
913.29	865.83
913.02	869.03
912.61	871.85
911.72	874.07
910.19	875.53
908.23	876.45
906.3	877.33
904.77	878.67
903.62	880.54
902.49	882.66
901.08	884.79
899.4	886.82
897.34	888.6
894.28	889.76
889.84	890.14
884.51	890.17
879.55	890.69
875.87	892.3
873.36	894.89
871.09	897.8
868.28	900.43
864.9	902.74
861.61	905.01
859.04	907.34
857.62	909.56
857.63	911.55
858.87	913.31
860.29	914.84
860.29	915.94
857.78	916.3
852.99	915.88
847.19	915.04
841.69	914.28
836.86	913.8
832.16	913.43
826.69	912.9
819.69	912.11
810.86	911.09
800.91	909.95
791.34	908.88
783.28	908.02
776.49	907.4
769.61	906.87
761.37	906.12
751.81	904.84
742.54	903
735.75	900.97
732.84	899.27
733.54	898.18
736.24	897.39
739.15	896.33
741.28	894.6
742.52	892.19
743.04	889.28
742.83	885.92
741.75	882.11
739.89	878.01
737.61	874.03
735.36	870.5
733.28	867.45
731.2	864.6
728.96	861.77
726.63	858.98
724.37	856.34
722.21	853.79
720.01	851.13
717.72	848.36
715.47	845.8
713.39	843.81
711.54	842.4
709.83	841.25
708.15	840.04
706.52	838.76
704.98	837.58
703.49	836.56
701.92	835.48
700.26	834.14
698.66	832.6
697.24	831.12
695.9	829.8
694.23	828.45
691.96	826.84
689.47	825.08
687.55	823.57
686.6	822.56
686.19	821.91
685.47	821.17
683.74	819.95
681.07	818.19
678.23	816.1
676.19	814.07
675.51	812.39
676.18	811.19
677.65	810.28
679.01	809.28
679.44	807.84
678.77	805.98
677.52	804.12
676.45	802.79
675.95	802.17
675.8	801.84
675.55	801.2
674.99	800
674.33	798.51
673.92	797.16
673.86	795.99
673.89	794.69
673.76	793.04
673.4	791.24
672.93	789.67
672.43	788.5
671.91	787.59
671.37	786.75
670.94	786.04
670.73	785.61
670.66	785.41
670.51	785.04
670.21	784.08
669.88	782.46
669.68	780.46
669.61	778.37
669.53	776.22
669.27	773.9
668.9	771.39
668.64	768.82
668.58	766.34
668.55	763.87
668.32	761.34
667.83	758.77
667.32	756.28
666.98	753.84
666.8	751.19
666.55	748.16
666.04	745.01
665.32	742.29
664.58	740.44
663.91	739.35
663.3	738.53
662.73	737.46
662.04	735.9
660.93	733.82
659.39	731.42
657.99	729.15
657.48	727.52
658.09	726.84
659.28	726.88
660.12	726.94
660.04	726.29
659.17	724.69
657.97	722.39
657.45	720.44
656.66	718.1
657.75	717.35
656.64	714.29
659.25	714.59
655.62	709.32
661.27	713.39
649.72	702.6
692.62	743.62
