754.35	780.73
750.42	776.42
740.67	765.66
724.5	747.9
706.57	728.45
693.5	714.58
689.22	710.23
692.12	713.09
696.98	717.21
699.26	717.81
697.82	714.24
694.54	709.12
692.03	705.57
691.52	704.96
692.47	706.54
693.41	708.47
693.28	709.26
692.03	708.48
690.41	706.89
689.37	705.72
689.31	705.75
689.86	706.72
690.28	707.63
690.1	707.64
689.54	706.72
689.16	705.52
689.25	704.58
689.57	703.94
689.63	703.4
689.24	702.89
688.34	702.42
686.9	701.89
685.12	701.07
683.31	699.91
681.78	698.69
680.98	697.98
681.28	698.05
682.47	698.49
683.74	698.43
684.28	697.38
683.93	695.59
683.14	693.78
682.52	692.57
682.31	692.08
682.39	692.11
682.51	692.31
682.49	692.27
682.23	691.62
681.67	690.19
680.83	688.26
679.89	686.31
679.04	684.58
678.24	682.84
677.25	680.71
675.97	678.28
674.74	676.27
674.22	675.49
674.89	675.96
676.58	676.86
678.47	677.2
679.76	676.63
680.13	675.5
679.86	674.37
679.44	673.59
679.25	673.3
679.41	673.39
679.8	673.63
680.21	673.61
680.4	673
680.23	671.89
679.76	670.74
679.17	669.99
678.65	669.54
678.29	668.83
678.06	667.41
677.92	665.38
677.84	663.33
677.83	661.75
677.87	660.72
678	660.09
678.3	659.75
678.81	659.74
679.49	659.93
680.19	659.91
680.76	659.22
681.14	657.77
681.42	655.83
681.69	653.72
681.91	651.55
681.95	649.37
681.73	647.38
681.36	645.87
681.08	644.91
680.96	644.27
680.85	643.61
680.54	642.91
680.09	642.36
679.76	642.15
679.75	642.11
680.01	641.89
680.28	641.35
680.36	640.66
680.27	640.11
680.19	639.75
680.25	639.43
680.43	639.03
680.64	638.74
680.84	638.79
681.06	639.21
681.33	639.76
681.68	640.2
682.14	640.47
682.65	640.54
683.13	640.26
683.57	639.38
684.24	637.9
685.65	636.19
688.33	634.64
692.62	633.29
698.68	631.76
706.5	629.73
716.02	627.44
727.06	625.53
739.16	624.46
751.64	624.05
763.88	623.83
775.63	623.52
786.9	623.36
797.63	623.65
807.62	624.42
816.64	625.35
824.6	626.15
831.64	626.81
837.94	627.52
843.57	628.52
848.65	630.08
853.53	632.6
858.7	636.36
864.29	641.26
869.79	646.86
874.39	652.82
877.62	659.36
879.75	667.21
881.53	676.93
883.59	688.37
886.06	700.67
888.67	712.93
891.06	724.62
893.13	735.71
895.02	746.28
896.91	756.39
898.86	766.03
900.82	775.39
902.68	784.76
904.4	794.32
905.98	804.09
907.52	814.09
909.14	824.4
910.96	835.02
912.99	845.58
915.11	855.49
917.21	864.3
919.23	872.09
921.15	879.29
922.92	886.18
924.55	892.7
926.14	898.62
927.79	903.98
929.47	909.01
930.98	913.86
932.15	918.36
932.95	922.23
933.52	925.47
934.01	928.47
934.35	931.58
934.41	934.78
934.13	937.7
933.67	940.11
933.2	942.18
932.76	944.28
932.22	946.56
931.48	948.9
930.67	951.1
929.97	953.18
929.33	955.27
928.35	957.35
926.6	959.2
923.93	960.63
920.69	961.7
917.45	962.61
914.52	963.48
911.58	964.2
907.99	964.82
903.29	965.64
897.54	966.97
891.14	968.68
884.37	970.15
877.08	970.84
868.89	970.8
859.61	970.56
849.53	970.58
839.34	970.72
829.91	970.47
822.33	969.62
817.58	968.52
815.73	967.64
815.49	966.93
814.98	965.87
813.1	964.02
810	961.37
806.51	958.13
803.26	954.49
800.35	950.55
797.69	946.52
795.3	942.72
793.39	939.35
792.1	936.24
791.4	933.06
791	929.78
790.42	926.78
789.19	924.58
787.11	923.35
784.41	922.76
781.61	922.31
779.18	921.65
777.22	920.68
775.48	919.39
773.66	917.86
771.62	916.29
769.4	915.02
767.06	914.19
764.54	913.56
761.76	912.57
758.81	910.9
755.98	908.79
753.42	906.83
751.05	905.35
748.58	904.19
745.88	902.93
743.1	901.44
740.45	899.93
737.99	898.64
735.58	897.62
733.16	896.79
730.79	896.21
728.61	896.02
726.65	896.1
724.85	896.1
723.22	895.76
721.77	895.32
720.54	895.29
719.46	895.87
718.38	896.65
717.05	896.89
715.31	896.23
713.48	895.12
712.19	894.21
711.78	893.55
712.01	892.4
712.26	889.92
712.05	886.02
711.29	881.42
710.23	877.07
709.18	873.55
708.29	870.89
707.56	868.75
706.81	866.66
705.86	864.19
704.72	861.27
703.6	858.29
702.73	855.89
702.15	854.4
701.69	853.55
701.09	852.6
700.02	850.83
698.2	847.99
695.96	844.54
694.29	841.4
694.04	839.33
695.08	838.45
696.43	838.32
696.97	838.15
696.29	837.16
694.84	834.95
693.5	831.72
692.9	828.17
692.96	825
692.97	822.37
692.27	819.95
690.79	817.37
689.01	814.65
687.39	812.14
686.15	810.1
685.26	808.49
684.67	807.07
684.54	805.76
685.27	804.64
686.98	803.66
689.04	802.5
690.39	800.77
690.38	798.38
689.3	795.57
688.02	792.62
687.13	789.66
686.58	786.77
686	784.19
685.23	782.3
684.48	781.14
683.92	780.23
683.47	778.95
682.93	777.04
682.31	774.85
681.84	772.87
681.72	771.23
681.85	769.69
681.95	768.03
681.88	766.48
681.75	765.6
681.75	765.76
681.82	766.95
681.8	768.86
681.67	771.26
681.67	774.01
681.94	776.84
682.34	779.39
682.51	781.55
682.22	783.65
681.63	786.21
681.04	789.4
680.61	792.77
680.25	795.66
679.87	797.73
679.51	799.14
679.27	800.13
679.17	800.73
679.11	800.85
679.01	800.6
678.85	800.38
678.68	800.46
678.55	800.69
678.55	800.63
678.7	800
678.97	798.94
679.24	797.8
679.43	796.74
679.57	795.69
679.77	794.46
680.11	792.96
680.47	791.07
680.7	788.56
680.73	785.2
680.68	781.01
680.75	776.3
680.99	771.33
681.29	766.06
681.39	760.23
681.23	753.81
681.09	747.19
681.26	740.92
681.68	735.14
681.95	729.62
681.73	724.21
681.04	719.19
680.09	715.07
679.1	712.15
678.03	710.24
676.75	708.88
675.27	707.71
673.93	706.52
673.05	705.08
672.63	702.98
672.3	699.9
671.71	695.89
670.91	691.35
670.2	686.75
669.98	682.31
670.29	677.96
670.45	673.55
669.56	669.12
667.36	665.07
664.68	661.92
663.13	660.19
664.17	660.16
667.83	661.48
672.49	663.06
675.95	663.58
677	662.27
676.1	659.43
674.72	656.14
674.18	653.37
674.86	651.47
676.24	650.31
677.56	649.83
678.36	650.16
678.69	651.32
678.82	652.75
679.05	653.6
679.55	653.37
680.28	652.24
681.09	650.84
681.81	649.55
682.44	648.28
683.24	646.78
684.6	645.1
686.76	643.54
689.82	642.32
693.86	641.29
699.14	640.17
706.13	638.81
715.18	637.31
726.13	635.75
738.3	634.06
750.78	632.3
762.95	630.78
774.76	629.98
786.4	629.95
797.94	630.17
809.15	629.98
819.66	629.17
829.18	628.14
837.65	627.39
845.15	627.06
851.89	626.99
858.11	627.22
863.94	628.16
869.3	630.33
873.85	633.96
877.34	639
879.92	645.48
882.27	653.67
885.05	663.74
888.37	675.31
891.85	687.51
895.1	699.54
898.18	711.07
901.38	722.15
904.9	732.75
908.59	742.73
912.11	752.08
915.35	761.19
918.45	770.56
921.65	780.36
924.94	790.18
928.12	799.43
931.09	807.85
934.01	815.58
937.14	822.93
940.5	830.03
943.84	837
946.82	844.02
949.2	851.28
950.96	858.68
952.26	865.88
953.4	872.6
954.81	878.99
956.99	885.49
960.2	892.31
964.06	899.11
967.74	905.32
970.44	910.56
971.9	914.82
972.36	918.21
972.4	920.77
972.61	922.63
973.28	924.18
974.2	925.91
974.71	927.87
974.06	929.54
971.75	930.1
967.68	929.19
962.65	927.46
958.45	926.35
956.93	927.07
958.36	929.64
960.99	932.94
962.37	935.68
961.09	937.25
957.51	937.9
953	938.31
948.77	939.08
945.13	940.51
941.5	942.44
936.98	944.45
930.98	946.11
923.44	947.25
914.79	948.05
905.51	948.79
895.95	949.58
886.31	950.23
876.92	950.46
868.53	950.1
862.13	949.15
858.23	947.57
856.08	945.07
854.41	941.56
852.92	937.6
852.45	933.99
853.72	930.82
856.2	927.23
858.44	922.24
859.28	915.76
858.64	908.71
857.3	902.21
856.01	896.66
854.97	891.79
853.84	887.16
852.22	882.76
849.93	878.8
847.02	875.32
843.64	872.07
840.1	868.9
836.98	866.08
834.83	863.99
833.64	862.55
832.67	861.15
831.16	859.34
828.88	857.23
826.23	855.29
823.66	853.77
821.21	852.4
818.6	850.7
815.71	848.44
812.81	845.87
810.31	843.53
808.36	841.81
806.59	840.73
804.51	839.87
801.88	838.66
798.89	836.65
795.81	833.8
792.62	830.55
789.21	827.65
785.77	825.58
782.77	824.25
780.78	823.02
780.06	821.36
780.38	819.21
781.03	816.89
781.15	814.57
780.22	812.1
778.42	809.26
776.38	806.31
774.67	803.87
773.27	802.34
771.78	801.54
769.96	800.88
768.08	800.02
766.58	799.04
765.6	798.17
764.79	797.38
763.59	796.39
761.72	794.94
759.44	793.06
757.43	790.95
756.24	788.69
755.75	786.11
755.35	783.25
754.59	780.59
753.57	778.87
752.74	778.39
752.35	778.79
752.26	779.37
752.11	779.71
751.65	779.72
750.84	779.43
749.74	778.73
748.38	777.55
746.82	776.08
745.18	774.72
743.63	773.67
742.29	772.79
741.21	771.7
740.33	770.16
739.5	768.18
738.51	765.88
737.26	763.38
735.78	760.86
734.25	758.66
732.9	757.21
731.88	756.75
731.18	757.16
730.63	758.05
729.97	758.97
728.97	759.6
727.55	759.77
725.95	759.55
724.66	759.3
724.06	759.48
724.05	760.36
724.1	761.6
723.59	762.38
722.31	761.93
720.69	760.18
719.45	757.68
718.96	755.15
718.96	752.99
718.84	751.22
718.13	749.84
716.8	748.89
715.29	748.37
714.23	748.15
713.99	748.01
714.38	747.82
714.73	747.51
714.44	747.04
713.43	746.24
712.05	744.93
710.81	743.06
709.96	740.85
709.33	738.6
708.47	736.49
706.92	734.41
704.66	732.29
702.47	730.31
701.56	728.76
702.63	727.63
705.16	726.44
707.67	724.76
708.77	722.75
708.04	720.99
706.13	719.83
704.14	718.95
702.88	717.6
702.48	715.19
702.42	711.75
702.09	707.77
701.2	703.83
699.91	700.36
698.6	697.57
697.62	695.49
697.09	693.98
696.87	692.64
696.74	691.13
696.58	689.4
696.48	687.64
696.56	685.93
696.76	683.93
696.83	681.26
696.57	677.87
696.06	674.3
695.53	671.24
695.16	669.13
694.95	668
694.78	667.64
694.48	667.73
693.84	667.77
692.79	667.27
691.54	665.94
690.4	664.03
689.49	662.09
688.63	660.59
687.52	659.53
686.18	658.59
684.96	657.5
684.26	656.35
684.1	655.4
684.02	654.68
683.46	653.92
682.24	652.87
680.84	651.76
680	651.16
680.06	651.3
680.67	651.75
681.16	651.77
681.08	651.08
680.49	650.13
679.71	649.59
679	649.73
678.42	650.26
677.99	650.68
677.77	650.63
677.79	649.99
677.87	648.74
677.61	646.87
676.78	644.53
675.77	642.22
675.34	640.47
675.88	639.37
677.08	638.62
678.33	637.88
679.15	637.08
679.48	636.32
679.55	635.61
679.75	634.92
680.32	634.23
681.08	633.58
681.58	632.85
681.46	631.8
680.76	630.2
679.81	628.09
678.98	625.79
678.42	623.61
678.1	621.69
678.17	620.12
679.11	619.08
681.54	618.71
685.68	618.8
691.18	618.69
697.47	617.75
704.32	615.92
712.02	613.9
721.17	612.68
732.19	612.75
745.07	613.73
759.3	614.76
774.13	615.18
788.79	614.99
802.67	614.55
815.44	614.13
827.02	613.74
837.55	613.35
847.26	613.01
856.2	612.86
864.15	612.99
870.83	613.58
876.22	615.03
880.8	617.82
885.17	622.08
889.66	627.43
894.07	633.26
898.02	639.34
901.37	646.02
904.38	653.76
907.42	662.63
910.66	672.2
913.92	682.06
916.91	692.14
919.38	702.57
921.31	713.22
922.81	723.61
924.15	733.32
925.55	742.36
927.05	751.04
928.5	759.6
929.65	767.97
930.54	776.08
931.53	784.11
932.97	792.39
934.86	800.99
936.8	809.5
938.45	817.41
939.7	824.53
940.76	831.06
941.91	837.3
943.23	843.28
944.47	848.85
945.31	853.92
945.59	858.63
945.36	863.09
944.81	867.22
944.04	870.79
943.05	873.66
941.81	875.97
940.29	877.96
938.51	879.69
936.47	881.1
934.14	882.22
931.44	883.12
928.27	883.85
924.63	884.32
920.56	884.48
916.09	884.58
911	885.1
904.84	886.35
897.08	888.15
887.36	889.99
876.03	891.44
864.05	892.4
852.45	892.75
842	892.26
833.31	890.86
827	888.97
823.38	887.46
822.18	887
822.56	887.5
823.57	888.09
824.4	887.79
824.59	886.23
824.04	883.66
822.88	880.52
821.46	877.08
820.18	873.51
819.3	870.01
818.74	866.81
818	863.85
816.39	860.74
813.6	857.05
810.03	852.75
806.65	848.3
804.12	844.27
802.26	840.95
800.26	838.25
797.5	835.93
794.09	833.71
790.64	831.25
787.62	828.2
785.06	824.53
782.63	820.71
779.89	817.48
776.75	815.37
773.47	814.24
770.36	813.38
767.55	812.08
765.08	810.15
762.89	807.87
760.76	805.6
758.29	803.47
755.31	801.57
752.21	800.02
749.61	798.81
747.74	797.5
746.33	795.63
744.95	793.2
743.36	790.93
741.5	789.65
739.45	789.63
737.5	790.39
736.03	791.15
735.27	791.42
735.06	791.16
734.91	790.49
734.34	789.52
733.21	788.37
731.85	787.24
730.75	786.34
730.18	785.82
729.92	785.64
729.46	785.78
728.4	786.34
726.88	787.48
725.43	789.2
724.51	791.17
724.07	792.93
723.75	794.27
723.05	795.22
721.74	795.84
720.03	796.1
718.51	796.03
717.63	795.83
717.29	795.76
717.03	795.91
716.47	796.1
715.52	796.04
714.36	795.57
713.19	794.86
712.1	794.15
710.94	793.56
709.38	793
707.27	792.45
704.8	792
702.41	791.72
700.53	791.54
699.28	791.37
698.54	791.28
698.27	791.51
698.47	792.07
698.89	792.56
699	792.44
698.32	791.57
696.93	790.47
695.46	789.85
694.51	789.83
694.22	789.76
694.25	788.86
694.16	787.02
693.71	784.91
692.84	783.24
691.66	782.16
690.41	781.23
689.46	779.88
688.95	777.88
688.63	775.35
688.01	772.6
686.79	769.98
685.15	767.87
683.62	766.43
682.68	765.44
682.3	764.37
681.98	762.77
681.28	760.71
680.13	758.66
678.8	757
677.57	755.73
676.51	754.67
675.51	753.85
674.4	753.47
672.95	753.57
671.07	753.71
669.03	753.26
667.28	751.92
666.15	749.93
665.49	747.83
664.84	745.99
663.78	744.53
662.3	743.35
660.8	742.31
659.72	741.16
659.13	739.49
658.64	737.03
657.79	733.95
656.49	730.94
655.15	728.73
654.14	727.44
653.48	726.52
652.84	725.2
651.85	723.19
650.45	720.74
649.03	718.31
648.12	716.17
647.96	714.4
648.29	713.12
648.55	712.46
648.25	712.38
647.38	712.55
646.33	712.59
645.58	712.34
645.25	711.81
645.18	710.98
645.05	709.55
644.55	707.19
643.75	703.92
643.03	700.25
642.72	696.78
642.7	693.82
642.57	691.35
642.01	689.27
641.06	687.56
640.02	686.14
639.01	684.67
637.76	682.77
635.81	680.32
633.18	677.71
630.59	675.47
629.12	673.85
629.39	672.61
631	671.41
632.71	670.28
633.41	669.57
632.9	669.49
631.84	669.76
631.08	669.92
631.05	669.77
631.49	669.42
631.79	668.87
631.53	667.87
630.86	666.14
630.34	663.8
630.38	661.36
630.9	659.31
631.44	657.75
631.7	656.52
631.8	655.42
632.08	654.3
632.64	652.9
633.16	650.92
633.32	648.28
633.28	645.45
633.6	643.07
634.54	641.44
635.74	640.2
636.54	638.82
636.52	637.16
635.87	635.66
635.16	634.83
634.86	634.66
635	634.75
635.27	634.71
635.4	634.49
635.29	634.26
635.08	634.13
634.97	634.03
634.99	633.89
635.08	633.74
635.15	633.65
635.15	633.55
635.24	633.32
635.76	632.93
637.01	632.49
638.98	632.07
641.39	631.56
644.16	630.8
647.78	629.87
653.12	629.02
660.92	628.42
671.22	627.92
683.41	627.27
696.63	626.47
710.19	625.96
723.68	626.13
736.92	626.92
749.81	627.76
762.26	628.12
774.15	627.94
785.24	627.58
795.17	627.44
803.66	627.66
810.94	628.34
817.59	629.74
823.99	632.03
830.01	635.15
835.06	638.79
838.75	642.84
841.27	647.7
843.34	653.98
845.76	662.01
848.83	671.44
852.17	681.53
855.14	691.83
857.38	702.36
859.13	713.31
860.85	724.54
862.79	735.58
865.02	746.17
867.76	756.42
871.14	766.53
874.94	776.39
878.52	785.68
881.29	794.29
883.17	802.44
884.61	810.44
886.15	818.34
887.99	825.96
889.95	833.2
891.7	840.25
893.29	847.47
895.26	855.18
898.01	863.29
901.35	871.43
904.55	879.14
906.94	886.03
908.36	891.75
909.17	896.12
909.95	899.46
911.07	902.56
912.47	906.24
913.72	910.67
914.29	915.25
913.87	919.15
912.51	922
910.64	924.09
908.87	925.99
907.6	928.08
906.72	930.33
905.71	932.58
904.09	934.71
901.67	936.69
898.68	938.49
895.52	940.18
892.43	942.01
889.3	944.22
885.8	946.57
881.66	948.33
876.99	948.78
872.23	948.02
867.69	946.99
863.04	946.66
857.51	947.21
850.58	948.18
842.45	949.11
833.65	949.94
824.49	950.99
814.99	952.42
805.24	954.06
795.74	955.61
787.36	956.87
780.89	957.92
776.71	958.8
774.56	959.4
773.66	959.54
773.11	959.16
772.25	958.26
770.8	956.7
768.78	954.17
766.54	950.56
764.71	946.17
763.87	941.52
764	936.74
764.24	931.5
763.54	925.58
761.54	919.44
758.86	914.15
756.51	910.55
754.93	908.63
753.71	907.53
752.15	906.24
749.85	904.2
746.91	901.26
743.54	897.46
739.81	893
735.76	888.39
731.67	884.24
728	880.97
725.15	878.47
723.27	876.22
722.13	873.79
721.2	871.2
719.93	868.74
718.02	866.64
715.66	864.81
713.34	863.04
711.44	861.19
709.86	859.16
708.11	856.82
705.97	854.18
703.77	851.64
702.03	849.76
700.84	848.84
699.75	848.62
698.18	848.54
695.92	848.3
693.4	848.11
691.27	848.45
689.91	849.57
689.15	851.25
688.52	853.14
687.71	855.11
686.83	857.16
686.17	859.15
685.89	860.72
685.82	861.52
685.7	861.59
685.41	861.34
685.01	861.18
684.64	861.19
684.24	861.16
683.57	860.99
682.5	860.8
681.08	860.81
679.51	860.99
677.96	861.11
676.62	861.17
675.68	861.41
675.04	861.99
674.42	862.68
673.54	862.95
672.43	862.47
671.42	861.42
670.83	860.16
670.68	858.85
670.69	857.32
670.55	855.43
670.15	853.31
669.58	851.26
668.92	849.35
668.15	847.34
667.29	845.05
666.64	842.76
666.53	841
666.87	840.02
667.17	839.51
666.92	838.93
666.15	838.04
665.37	836.95
665.01	835.85
665	834.76
664.98	833.65
664.68	832.61
664.21	831.68
663.82	830.64
663.58	829.12
663.34	826.98
662.79	824.51
661.77	822.08
660.46	819.75
659.19	817.19
658.16	814.09
657.27	810.58
656.3	807.18
655.13	804.24
653.8	801.54
652.49	798.58
651.56	795.24
651.48	791.97
652.4	789.29
653.88	787.23
655.25	785.34
656.1	783.24
656.4	780.83
656.24	778.11
655.74	774.92
655.26	771.2
655.21	767.33
655.77	764
656.59	761.64
657.06	759.98
656.76	758.3
655.79	756.09
654.67	753.55
653.85	751.36
653.35	750
652.93	749.38
652.4	749
651.8	748.51
651.29	747.93
650.87	747.44
650.39	747.09
649.78	746.75
649.23	746.23
648.94	745.39
648.81	744.07
648.53	742.11
647.97	739.55
647.41	736.68
647.24	733.86
647.57	731.26
648.07	728.76
648.27	726.18
647.96	723.56
647.49	721.19
647.43	719.34
648.04	718
649.02	717
649.84	716.23
650.22	715.64
650.29	714.99
650.32	713.87
650.5	711.93
650.86	709.29
651.37	706.52
651.98	704.17
652.57	702.44
652.98	701.17
653.1	700.23
653	699.76
652.79	699.86
652.46	700.25
651.9	700.24
651.21	699.32
650.59	697.54
650.17	695.33
649.76	693.03
648.96	690.68
647.61	688.4
646.1	686.66
645.08	685.98
644.97	686.26
645.53	686.74
646.15	686.57
646.26	685.44
645.75	683.66
645.03	681.65
644.63	679.55
644.81	677.33
645.37	675.02
645.82	672.82
645.77	670.72
645.19	668.4
644.46	665.58
644	662.35
643.89	659.14
643.98	656.38
644.23	654.24
644.92	652.63
646.34	651.32
648.28	649.98
650.12	648.38
651.25	646.51
651.5	644.75
651.23	643.69
650.98	643.76
651.09	644.74
651.53	645.73
652.09	645.72
652.62	644.35
653.18	642.19
653.86	640.1
654.66	638.56
655.53	637.43
656.52	636.36
657.83	635.24
659.66	634.15
662.22	633.07
665.78	631.9
670.8	630.7
677.73	629.77
686.7	629.37
697.48	629.36
709.59	629.31
722.53	628.84
735.64	627.84
748.34	626.48
760.51	624.96
772.49	623.48
784.65	622.26
796.85	621.57
808.46	621.61
818.81	622.31
827.62	623.33
835.09	624.37
841.58	625.46
847.47	627.06
852.99	629.62
858.24	633.3
863.11	638.13
867.41	644.32
871	652.25
873.98	662.12
876.65	673.61
879.39	686.02
882.47	698.75
885.82	711.49
889.02	724.05
891.53	736.08
893.23	747.26
894.68	757.66
896.67	767.7
899.52	777.72
902.91	787.62
906.16	797.05
908.77	805.87
910.77	814.4
912.73	823.12
915.15	832.06
918	840.77
920.78	848.84
923.06	856.34
924.75	863.69
926.15	871.02
927.59	878.03
929.2	884.38
930.87	890.06
932.41	895.38
933.69	900.58
934.7	905.58
935.52	910.21
936.1	914.5
936.29	918.6
935.93	922.51
934.97	925.97
933.83	928.83
933.27	931.44
933.85	934.49
935.44	938.21
937.21	942.03
938.18	945
937.88	946.74
936.61	947.72
935.06	948.69
933.53	949.91
931.45	950.88
927.83	950.95
922.48	950.2
916.47	949.48
911.37	949.62
907.95	950.78
905.69	952.52
903.27	954.28
899.51	955.77
894.05	956.94
887.44	957.94
880.5	959.04
873.68	960.54
866.68	962.48
858.84	964.5
849.75	966.06
839.54	966.93
828.82	967.36
818.31	967.82
808.78	968.45
800.98	968.96
795.49	968.98
792.35	968.38
790.87	967.24
789.82	965.5
788.15	962.87
785.55	959.22
782.52	954.84
779.8	950.25
777.67	945.7
775.96	940.95
774.41	935.68
773.02	930.03
772	924.64
771.63	920.25
772.29	917.23
774.12	915.4
776.53	914.11
778.29	912.61
778.3	910.3
776.38	906.92
773.37	902.71
770.4	898.28
768.07	894.34
766.11	891.26
763.87	888.79
761.05	886.39
757.98	883.71
755.24	880.86
753.17	878.1
751.6	875.49
750.13	872.84
748.44	870.04
746.42	867.26
744.16	864.85
741.89	863.03
739.92	861.7
738.45	860.58
737.37	859.4
736.32	858.03
734.79	856.41
732.59	854.6
730.16	852.93
728.23	851.81
727.14	851.22
726.43	850.4
725.26	848.28
723.34	844.36
721.14	839.19
719.4	833.97
718.41	829.76
717.82	826.91
717.23	825.11
716.9	823.8
717.35	822.43
718.56	820.55
719.71	817.92
719.9	814.66
719.04	811.26
717.9	808.23
717.35	805.64
717.66	803.09
718.4	800.12
719.04	796.7
719.42	793.24
719.7	790.11
719.99	787.25
720.18	784.36
720.16	781.28
719.98	778.22
719.9	775.47
720.06	773.08
720.36	770.89
720.56	768.73
720.6	766.68
720.61	764.87
720.73	763.31
720.91	761.86
721.03	760.46
721.11	759.21
721.29	758.11
721.69	756.95
722.18	755.44
722.48	753.59
722.47	751.77
722.31	750.35
722.24	749.27
722.33	748.16
722.42	746.78
722.34	745.4
722.13	744.52
721.98	744.3
721.98	744.36
722.11	744.09
722.21	743.14
722.26	741.53
722.51	739.46
723.25	737.05
724.43	734.34
725.71	731.52
726.74	728.97
727.4	726.91
727.74	725.16
727.87	723.32
727.86	721.22
727.81	719.11
727.8	717.3
727.82	715.91
727.72	714.8
727.29	713.97
726.6	713.72
726.01	714.42
725.98	716.15
726.54	718.55
727.3	721.26
727.73	724.1
727.61	726.98
727.1	729.57
726.59	731.42
726.31	732.33
726.19	732.6
725.96	732.75
725.29	732.9
724.02	732.7
722.33	731.89
720.67	730.76
719.47	729.99
718.76	729.9
718.22	730.12
717.51	730.01
716.54	729.31
715.51	728.33
714.9	727.55
715.1	727.03
716.09	726.53
717.36	725.87
718.27	725.25
718.38	724.93
717.66	724.92
716.47	724.9
715.39	724.47
714.84	723.35
714.84	721.45
714.98	718.78
714.8	715.62
714.15	712.46
713.28	709.76
712.55	707.64
712.17	705.8
712.02	703.94
711.84	702.19
711.43	700.97
710.71	700.5
709.78	700.39
708.74	699.9
707.77	698.48
706.97	696.18
706.26	693.35
705.39	690.22
704.09	686.75
702.37	683
700.52	679.34
698.97	676.13
697.92	673.37
697.19	670.65
696.48	667.65
695.69	664.52
695.03	661.76
694.77	659.65
694.98	658.04
695.43	656.54
695.86	654.97
696.14	653.41
696.29	651.89
696.42	650.25
696.57	648.21
696.41	645.69
695.48	642.98
693.93	640.69
692.67	639.33
692.59	638.97
693.65	639.13
694.64	639.01
693.77	637.76
690.01	635.01
684.23	631.34
678.87	628.14
676.15	626.62
676.47	626.82
678.25	627.57
679.43	627.55
679.03	626.36
677.68	624.73
676.81	623.61
677.29	623.26
678.91	623.17
680.86	622.8
682.47	622.14
683.6	621.46
684.42	620.82
685.21	619.93
686.13	618.56
687.21	616.91
688.33	615.42
689.34	614.24
690.21	613.05
691.26	611.39
693.1	609.13
696.37	606.59
701.48	604.17
708.57	602.16
717.64	600.72
728.56	600
740.98	600.15
754.28	601.05
767.81	602.28
780.97	603.38
793.39	604.15
805.03	604.69
816.08	605.12
826.62	605.37
836.54	605.32
845.62	605.06
853.8	604.84
861.03	604.73
867.28	604.53
872.54	604.16
876.93	604.11
880.71	605.29
884.16	608.33
887.46	613.18
890.7	619.24
893.93	626.1
897.17	633.81
900.36	642.74
903.38	653.04
906.18	664.57
908.83	677.11
911.45	690.39
914.04	703.95
916.45	717.05
918.53	728.97
920.31	739.55
921.91	749.2
923.49	758.49
925.12	767.5
926.76	775.96
928.35	783.7
929.96	791.08
931.68	798.68
933.44	806.75
934.95	814.97
935.95	822.79
936.52	829.9
937.05	836.23
937.89	841.71
939.01	846.15
940.04	849.58
940.68	852.49
940.91	855.65
940.99	859.42
941.13	863.49
941.34	867.18
941.45	870.1
941.22	872.42
940.49	874.5
939.23	876.48
937.58	878.19
935.75	879.5
933.85	880.46
931.79	881.21
929.35	881.71
926.39	881.92
922.94	882.08
919.2	882.75
915.33	884.35
911.17	886.73
906.43	889.28
900.9	891.45
894.68	893.21
888.16	894.89
881.67	896.8
875.14	898.92
868.07	901.09
860.09	903.1
851.66	904.77
844.12	905.82
838.84	905.87
836.22	904.79
835.42	902.8
835.09	900.33
834.51	897.7
833.89	894.9
833.83	891.68
834.4	887.85
835.04	883.42
834.97	878.54
833.91	873.34
832.27	868.02
830.76	862.91
829.76	858.29
828.97	854.22
827.74	850.49
825.59	846.96
822.65	843.76
819.56	841.13
816.89	839.01
814.69	837.01
812.58	834.75
810.23	832.27
807.58	829.97
804.81	828.06
802.11	826.35
799.54	824.48
797.15	822.37
794.91	820.19
792.73	818.03
790.41	815.6
787.89	812.64
785.35	809.34
783.19	806.3
781.68	803.98
780.64	802.24
779.61	800.55
778.24	798.65
776.56	796.85
774.94	795.61
773.7	794.96
772.87	794.52
772.21	793.97
771.51	793.47
770.69	793.35
769.77	793.6
768.82	793.68
767.94	792.98
767.2	791.42
766.61	789.45
766.08	787.63
765.46	786.19
764.66	785.02
763.76	783.92
762.8	782.76
761.78	781.42
760.71	779.81
759.71	777.97
758.92	776.08
758.44	774.26
758.22	772.42
758.03	770.31
757.58	767.82
756.69	765.27
755.42	763.1
753.93	761.44
752.39	759.9
750.93	758.01
749.47	755.62
747.93	753.01
746.39	750.69
745.16	748.89
744.41	747.6
744	746.75
743.58	746.33
742.89	746.23
741.86	746.08
740.56	745.39
739.07	743.97
737.51	742.08
736.02	740.19
734.68	738.62
733.39	737.45
732.22	736.77
731.51	736.85
731.67	737.73
732.68	738.89
733.9	739.48
734.54	739.08
734.22	738.06
733.14	737.21
731.72	736.92
730.33	736.89
729.15	736.53
728.4	735.61
728.17	734.21
728.29	732.44
728.28	730.25
727.76	727.73
726.77	725.39
725.79	723.87
725.24	723.38
725.12	723.51
725.04	723.62
724.59	723.51
723.73	723.44
722.75	723.72
722.04	724.32
721.81	724.99
721.99	725.67
722.3	726.7
722.38	728.52
722.01	731.3
721.27	734.83
720.42	738.79
719.76	742.91
719.35	746.89
719.02	750.32
718.56	752.82
717.95	754.44
717.38	755.72
717.01	757.13
716.7	758.65
716.14	759.84
715.12	760.4
713.77	760.54
712.56	760.78
711.94	761.46
711.99	762.38
712.34	762.97
712.54	762.7
712.32	761.26
711.68	758.46
710.85	754.31
710.12	749.23
709.7	744.05
709.56	739.6
709.48	736.12
709.23	733.06
708.84	729.55
708.51	725.11
708.39	719.84
708.34	714.12
708.01	708.26
707.14	702.41
705.78	696.69
704.35	691.36
703.52	686.77
703.72	683.11
704.73	680.37
705.76	678.41
706.1	677.01
705.59	675.89
704.56	674.59
703.49	672.65
702.55	670
701.58	667.06
700.38	664.43
698.85	662.48
697.15	661.28
695.55	660.75
694.15	660.82
692.79	661.32
691.46	661.95
690.49	662.31
690.31	662.17
690.99	661.56
692.02	660.65
692.67	659.47
692.5	657.9
691.68	655.98
690.83	654.06
690.49	652.63
690.77	651.81
691.36	651.29
691.88	650.69
692.17	649.99
692.3	649.43
692.37	649.16
692.4	649.02
692.41	648.78
692.42	648.48
692.41	648.25
692.25	648.09
691.8	647.75
691.05	647.05
690.23	646.12
689.65	645.23
689.45	644.4
689.44	643.36
689.32	641.92
689.02	640.39
688.72	639.34
688.69	639.12
688.93	639.48
689.22	639.91
689.42	640.19
689.58	640.5
689.79	641.04
690.06	641.55
690.3	641.43
690.45	640.3
690.55	638.41
690.69	636.35
690.83	634.52
690.91	632.98
691.01	631.62
691.45	630.49
692.67	629.75
694.97	629.39
698.45	629.25
703.22	629.24
709.52	629.5
717.68	630.2
727.88	631.14
739.91	631.8
753.24	631.81
767.28	631.38
781.51	631.09
795.47	631.32
808.78	631.82
821.26	632.12
832.93	631.95
843.86	631.43
854.01	630.7
863.14	629.77
871.01	628.65
877.67	627.8
883.46	627.97
888.76	629.72
893.73	632.98
898.34	637.23
902.47	642.09
906.01	647.58
908.95	653.93
911.43	661.29
913.81	669.59
916.47	678.8
919.43	688.93
922.29	699.85
924.55	711.08
925.98	722.03
927.01	732.5
928.57	742.77
931.4	753.23
935.43	763.82
939.69	774.11
943.03	783.73
945.04	792.66
946.22	801.16
947.42	809.37
949.16	817.35
951.4	825.31
953.68	833.51
955.58	841.96
956.91	850.09
957.73	857.11
958.44	862.73
959.53	867.51
961.19	872.27
963.07	877.24
964.52	881.96
965.09	885.83
964.88	888.85
964.4	891.53
964.06	894.24
963.8	896.76
963.18	898.57
961.93	899.49
960.24	899.96
958.55	900.54
956.96	901.43
955.16	902.42
952.68	903.29
949.36	904.11
945.33	904.98
940.77	905.85
935.81	906.56
930.47	907.14
924.71	907.88
918.34	908.94
911.07	910.13
902.68	911.03
893.21	911.44
882.89	911.54
872.14	911.65
861.6	911.92
852.05	912.2
844.3	912.27
838.99	912.09
836.25	911.73
835.44	911.2
835.41	910.28
835.06	908.82
833.89	906.86
832.04	904.51
829.98	901.77
828.08	898.51
826.61	894.82
825.86	891.11
825.83	887.78
826.08	884.69
825.81	881.35
824.47	877.42
822.06	873.24
819.08	869.48
816.04	866.47
813.14	863.84
810.28	860.91
807.22	857.31
803.78	853.3
799.99	849.46
795.97	846.18
791.52	843.35
786.14	840.58
780.05	837.82
774.4	835.4
770.06	833.48
766.81	831.87
763.82	830.3
760.56	828.8
757.18	827.52
754.25	826.6
752.34	826.02
751.63	825.62
751.74	825.15
751.78	824.22
750.89	822.52
748.82	820.01
746.1	817.17
743.54	814.76
741.6	813.29
740.06	812.68
738.42	812.35
736.44	811.81
734.36	811.03
732.62	810.33
731.38	809.95
730.38	809.85
729.2	809.92
727.68	810.15
725.99	810.48
724.4	810.52
723.04	809.64
721.83	807.5
720.63	804.44
719.31	801.22
717.74	798.38
715.69	795.95
713.19	793.78
710.77	792.07
709.03	791.15
707.99	790.88
707.09	790.46
705.72	789.11
703.85	786.87
701.9	784.64
700.24	783.39
698.82	783.28
697.3	783.61
695.51	783.53
693.61	782.65
691.83	781.16
690.18	779.45
688.46	777.84
686.54	776.54
684.61	775.64
682.94	775.04
681.63	774.43
680.46	773.45
679.18	772.08
677.75	770.61
676.33	769.37
675.08	768.35
674.04	767.24
673.08	765.82
672.1	764.2
671.02	762.65
669.74	761.17
667.87	759.32
664.8	756.56
660.35	752.98
655.24	749.38
650.81	746.73
648.1	745.39
647.16	744.91
647.2	744.5
647.23	743.56
646.66	741.95
645.47	739.99
644.06	738.21
642.87	737.08
642.02	736.63
641.38	736.32
640.73	735.35
640	733.35
639.23	730.78
638.54	728.59
637.95	727.4
637.43	726.97
637.01	726.55
636.76	725.59
636.74	724.14
636.89	722.57
637.23	721.24
638.37	720.43
641.09	720.41
645.34	721.13
649.81	722.04
652.79	722.35
653.44	721.71
652.32	720.53
650.84	719.69
650.14	719.66
650.37	720.04
650.8	719.95
650.71	718.96
649.95	717.59
648.99	716.77
648.35	716.88
648.19	717.42
648.32	717.53
648.46	716.77
648.42	715.3
648.14	713.55
647.66	711.92
647.19	710.59
647.01	709.56
647.29	708.58
647.89	707.25
648.42	705.25
648.54	702.71
648.24	700.23
647.9	698.34
647.85	697.07
648.16	695.97
648.58	694.59
648.87	692.94
649	691.4
649.15	690.18
649.52	689.05
650.18	687.63
651.02	685.9
651.87	684.23
652.53	682.92
652.9	681.91
653.03	680.98
653.1	680.12
653.29	679.7
653.51	679.95
653.38	680.7
652.56	681.47
651.2	682.03
649.94	682.51
649.32	683.06
649.26	683.46
649.19	683.36
648.56	682.78
647.42	682.26
646.24	682.34
645.52	682.93
645.29	683.36
645.24	682.89
644.97	681.38
644.42	679.34
643.92	677.45
643.86	676.06
644.34	675.02
645.16	674.11
646.04	673.21
646.73	672.21
647.11	670.99
647.24	669.47
647.3	667.86
647.4	666.53
647.42	665.6
647.13	664.88
646.46	664.09
645.62	663.27
644.81	662.67
644.1	662.42
643.42	662.33
642.95	662.15
643.21	661.9
644.66	661.81
647.06	662.03
649.47	662.44
650.94	662.81
651.24	663.13
650.97	663.5
650.95	663.81
651.55	663.6
652.57	662.45
653.61	660.5
654.51	658.45
655.42	656.96
656.67	656.1
658.67	655.5
661.95	654.91
667.15	654.47
674.65	654.34
684.31	654.29
695.58	653.79
707.83	652.57
720.72	650.91
734.09	649.42
747.66	648.44
760.94	647.83
773.45	647.27
785.03	646.68
795.75	646.34
805.82	646.49
815.32	647.1
824.14	647.91
832.14	648.78
839.17	649.8
845.22	651.21
850.37	653.29
854.8	656.43
858.73	661.21
862.41	668.11
866.02	677.08
869.58	687.42
873.03	698.35
876.4	709.51
879.82	721
883.37	732.84
886.9	744.61
890.19	755.75
893.14	766.04
895.85	775.8
898.44	785.4
900.96	794.93
903.36	804.21
905.63	813.18
907.86	822.08
910.1	831.28
912.28	840.82
914.3	850.37
916.13	859.56
917.96	868.28
919.92	876.63
921.96	884.62
923.87	892.11
925.56	899.03
927.23	905.55
929.2	911.9
931.56	918.1
934.03	923.93
936.17	929.29
937.74	934.37
938.84	939.41
939.61	944.16
940.06	947.92
940.23	950.31
940.21	951.75
939.97	953.18
939.32	955.21
938.06	957.68
936.34	959.92
934.54	961.47
933.09	962.44
932.27	963.32
932.1	964.51
932.21	966.06
932	967.8
930.97	969.5
929.04	970.91
926.43	971.89
923.44	972.47
920.27	972.99
916.95	973.8
913.39	974.97
909.4	976.18
904.76	977.13
899.39	977.91
893.4	978.95
886.93	980.54
880.05	982.45
872.7	984.2
864.75	985.49
856.12	986.44
846.78	987.33
836.86	988.29
826.79	989.26
817.58	990.3
810.52	991.57
806.48	992.99
805.16	994.04
805.22	993.99
805.07	992.49
803.94	989.83
802.12	986.59
800.43	983.06
799.46	979.03
799.1	974.1
798.88	968.3
798.37	962.12
797.44	956.15
796.21	950.6
794.87	945.45
793.5	940.67
792.03	936.38
790.24	932.6
788.01	929.12
785.42	925.67
782.86	922.19
780.71	918.86
778.95	915.74
777.11	912.61
774.72	909.29
771.82	905.95
768.99	903.09
766.68	900.96
764.79	899.33
762.72	897.65
759.97	895.62
756.65	893.32
753.36	890.9
750.66	888.32
748.59	885.49
746.75	882.68
744.72	880.48
742.34	879.26
739.8	878.73
737.4	878.06
735.43	876.65
733.96	874.63
732.79	872.51
731.55	870.63
730.04	868.81
728.44	866.79
727.11	864.64
726.23	862.75
725.59	861.33
724.79	860.19
723.61	859.02
722.14	857.64
720.63	856.06
719.26	854.32
717.97	852.5
716.8	850.84
716.14	849.74
716.51	849.35
717.93	849.23
719.55	848.66
720.26	847.17
719.59	845.05
718.11	842.99
716.83	841.49
716.38	840.43
716.55	839.36
716.75	838.05
716.56	836.65
716.01	835.38
715.33	834.12
714.65	832.59
713.89	830.64
712.69	828.38
710.87	825.97
708.74	823.53
707.01	821.12
705.99	818.73
705.37	816.33
704.6	813.87
703.42	811.26
702.03	808.48
700.79	805.77
699.86	803.54
699.14	802.12
698.39	801.36
697.52	800.74
696.67	799.83
696.03	798.61
695.59	797.31
695.06	796.05
694.23	794.74
693.12	793.33
692	791.99
691.06	790.9
690.26	789.99
689.41	788.95
688.41	787.55
687.44	785.88
686.73	784.18
686.33	782.49
685.99	780.65
685.43	778.62
684.6	776.82
683.76	775.77
683.14	775.56
682.7	775.57
682.16	774.99
681.29	773.45
680.19	771.24
679.14	768.93
678.23	766.88
677.46	765.21
676.84	763.99
676.41	763.25
676.14	762.78
675.88	762.11
675.42	760.78
674.76	758.8
674.04	756.69
673.44	754.93
672.88	753.55
672.26	752.07
671.67	750.13
671.3	747.82
671.33	745.59
671.62	743.79
671.85	742.38
671.81	741.17
671.58	740.05
671.4	739.09
671.35	738.24
671.2	737.28
670.68	736.03
669.79	734.61
668.8	733.32
668.23	732.37
668.52	731.67
669.72	731.01
671.4	730.36
672.82	729.95
673.45	729.96
673.35	730.22
673.02	730.3
672.99	729.93
673.46	729.17
674.17	728.13
674.72	726.86
674.95	725.4
675.07	723.98
675.39	722.82
675.89	721.94
676.28	721.04
676.31	719.82
676.12	718.23
676.13	716.42
676.61	714.52
677.37	712.56
677.96	710.7
678.13	709.34
678.04	708.87
678.03	709.25
678.16	709.78
678.14	709.61
677.71	708.4
676.99	706.53
676.42	704.55
676.29	702.69
676.46	700.78
676.55	698.84
676.3	697.2
675.79	696.19
675.28	695.67
674.92	695.04
674.71	693.89
674.5	692.43
674.19	691.24
673.78	690.71
673.39	690.69
673.18	690.72
673.17	690.49
673.21	689.95
673.12	689.11
672.86	687.87
672.66	686.22
672.78	684.49
673.24	683.2
673.82	682.61
674.2	682.44
674.32	682.16
674.37	681.46
674.59	680.52
675.07	679.61
675.63	678.77
675.92	677.81
675.64	676.59
674.9	675.33
674.27	674.43
674.41	674.04
675.4	673.91
676.71	673.65
677.6	673.06
677.58	672.15
676.8	670.92
675.91	669.3
675.29	667.17
674.67	664.53
673.83	661.64
673.45	658.91
674.98	656.65
679.73	654.93
687.98	653.63
698.93	652.5
711.29	651.22
724.06	649.65
736.84	647.99
749.7	646.75
762.98	646.36
777.19	646.87
792.4	647.8
807.78	648.48
821.8	648.56
833.24	648.31
841.94	648.34
848.79	649.12
854.95	650.8
861.05	653.3
866.94	656.49
872.1	660.19
876.25	664.31
879.61	669.08
882.67	675.05
885.79	682.82
889.04	692.5
892.21	703.6
895.06	715.4
897.59	727.46
899.97	739.64
902.42	751.81
904.99	763.54
907.61	774.36
910.26	784.27
913.03	793.75
915.96	803.36
919.05	813.23
922.18	823.09
925.21	832.7
928	842.09
930.44	851.33
932.53	860.18
934.5	868.25
936.63	875.44
939.04	882.19
941.54	889.07
943.83	896.26
945.8	903.42
947.65	910.17
949.61	916.52
951.72	922.82
953.81	929.32
955.64	935.9
957.1	942.34
958.28	948.57
959.35	954.57
960.39	960.07
961.28	964.52
961.85	967.54
962.03	969.29
961.89	970.37
961.5	971.32
960.86	972.25
959.93	973.02
958.75	973.67
957.41	974.44
955.9	975.41
953.99	976.38
951.51	977.16
948.63	977.91
945.69	979.06
942.78	980.72
939.51	982.48
935.43	983.74
930.5	984.38
925.21	984.81
919.95	985.47
914.35	986.27
907.44	986.75
898.67	986.7
888.74	986.54
879.06	986.78
870.35	987.2
862.09	987.02
853.22	985.68
843.38	983.46
833.63	981.19
826.01	979.57
822.25	978.72
822.65	978.28
825.75	977.88
829.19	977.26
831	976.19
830.56	974.38
828.65	971.66
826.8	968.24
826.21	964.51
827	960.78
828.26	957.08
828.94	953.48
828.58	950.3
827.51	947.97
826.31	946.65
825.25	946.05
824.21	945.74
823	945.48
821.61	945.23
820.11	944.92
818.37	944.35
816.22	943.45
813.7	942.52
811.12	942.05
808.77	942.22
806.61	942.6
804.32	942.57
801.74	941.91
799.04	940.99
796.49	940.33
794.07	940.07
791.55	939.89
788.98	939.47
786.57	938.75
784.25	937.76
781.79	936.51
779.22	935.08
776.99	933.7
775.44	932.55
774.4	931.56
773.32	930.4
771.77	928.88
769.85	927.17
767.94	925.71
766.31	924.73
765.01	924
763.96	923.04
763.07	921.58
762.24	919.9
761.32	918.53
760.16	917.71
758.73	917.23
757.17	916.64
755.68	915.62
754.37	914.04
753.16	911.7
751.84	908.43
750.23	904.34
748.34	899.99
746.38	896.1
744.63	892.91
743.19	889.98
741.91	886.65
740.6	882.64
739.28	878.3
738.11	874.22
737.11	870.71
736.06	867.72
734.77	865.09
733.31	862.8
731.99	860.84
730.93	858.95
730.03	856.79
729.14	854.25
728.28	851.57
727.53	848.99
726.81	846.43
725.98	843.62
725.06	840.53
724.42	837.68
724.52	835.65
725.54	834.52
727.13	833.74
728.53	832.72
729.07	831.27
728.61	829.56
727.53	827.68
726.43	825.37
725.62	822.42
725.15	818.93
724.87	815.34
724.63	811.93
724.27	808.68
723.63	805.44
722.75	802.29
721.76	799.45
720.77	797.01
719.74	794.8
718.63	792.65
717.56	790.57
716.69	788.57
716.01	786.36
715.28	783.51
714.24	779.87
712.94	775.93
711.68	772.48
710.68	769.95
709.89	768.04
709.16	765.99
708.47	763.31
707.95	760.01
707.55	756.35
706.99	752.36
706.05	747.98
705.13	743.53
704.9	739.77
705.58	737.24
706.62	735.65
707.23	734.11
706.98	731.92
706.11	729.12
705.2	726.32
704.63	723.92
704.38	721.82
704.18	719.7
703.86	717.44
703.44	715.17
703.06	713
702.81	710.81
702.72	708.5
702.77	706.15
702.87	703.88
702.85	701.64
702.6	699.24
702.21	696.72
701.98	694.57
702.17	693.28
702.64	692.74
702.93	692.23
702.6	690.94
701.68	688.6
700.61	685.49
699.8	682
699.31	678.24
698.88	674.2
698.36	670.06
697.86	666.27
697.52	663.13
697.2	660.52
696.66	658.17
695.86	655.93
695.16	653.94
694.86	652.27
694.84	650.69
694.61	648.79
693.72	646.38
692.2	643.58
690.43	640.76
688.86	638.36
687.84	636.71
687.71	635.99
688.51	636.04
689.69	636.35
690.37	636.23
689.9	635.2
688.36	633.36
686.41	631.35
684.69	629.92
683.46	629.39
682.57	629.48
681.85	629.65
681.17	629.57
680.52	629.16
679.94	628.33
679.4	626.97
678.87	625.11
678.41	623.11
678.12	621.46
678.05	620.28
678.03	619.22
677.82	617.78
677.38	615.89
676.93	613.91
676.73	612.28
676.79	611.12
676.9	610.31
676.88	609.74
676.8	609.42
676.77	609.27
676.72	609.14
676.5	608.94
676.16	608.74
675.95	608.59
676.02	608.25
676.19	607.24
676.26	605.34
676.32	603.02
676.69	601.16
677.56	600.37
678.77	600.51
680.06	600.99
681.26	601.39
682.42	601.86
683.71	602.76
685.19	604.16
686.66	605.73
687.85	607.03
688.7	607.93
689.37	608.54
690.04	608.94
690.78	609.18
691.63	609.36
692.73	609.69
694.29	610.31
696.51	611.01
699.68	611.35
704.24	611.13
710.71	610.59
719.37	610.27
730.05	610.46
742.13	610.95
754.85	611.33
767.71	611.39
780.55	611.15
793.23	610.6
805.41	609.67
816.75	608.56
827.1	607.81
836.55	608.01
845.24	609.11
853.19	610.41
860.28	611.11
866.44	611.05
871.74	610.83
876.18	611.21
879.54	612.54
881.8	614.91
883.61	618.83
886.09	625.19
890.12	634.46
895.72	645.92
901.99	657.98
907.68	669.32
911.97	679.68
914.89	689.64
917.12	699.79
919.31	710.29
921.64	721
923.91	731.85
925.92	742.9
927.64	754.02
929.17	764.87
930.64	775.13
932.17	784.75
933.78	793.87
935.38	802.47
936.84	810.39
938.16	817.52
939.51	824.07
940.96	830.29
942.37	836.26
943.58	841.72
944.66	846.48
945.78	850.65
947.04	854.59
948.29	858.44
949.26	862.04
949.81	865.11
950.01	867.67
950.01	869.89
949.87	871.78
949.5	873.1
948.81	873.64
947.86	873.68
946.81	873.74
945.74	874.18
944.48	874.86
942.68	875.4
940.1	875.73
936.79	876.19
932.91	877.21
928.44	878.83
923.15	880.69
916.79	882.39
909.29	883.84
900.67	885.22
891	886.71
880.47	888.33
869.68	889.95
859.58	891.44
851.05	892.58
844.46	892.99
839.48	892.32
835.27	890.41
830.95	887.51
826.32	884.19
822.13	881.09
819.77	878.59
820.03	876.53
821.73	874.02
822.43	869.89
820.65	863.59
817.04	855.69
813.53	847.57
811.45	840.6
810.62	835.34
809.87	831.29
808.18	827.44
805.53	823.06
802.69	818.17
800.48	813.34
799.15	809.06
798.29	805.47
797.31	802.48
795.98	800.06
794.42	798.13
792.79	796.4
791.01	794.4
789.02	791.92
787.02	789.25
785.29	786.96
783.84	785.3
782.34	784.1
780.47	783.15
778.19	782.71
775.63	783.31
772.89	785.16
770.03	787.71
767.23	789.99
764.78	791.35
762.91	791.86
761.52	792
760.34	792.15
759.09	792.33
757.74	792.49
756.48	792.76
755.54	793.3
754.91	793.94
754.41	794.17
753.8	793.59
752.98	792.3
752.05	790.82
751.06	789.57
749.98	788.54
748.77	787.48
747.55	786.23
746.56	784.84
745.9	783.42
745.4	781.89
744.83	780.17
744.25	778.33
743.86	776.61
743.73	775.12
743.56	773.69
743.02	772.15
742.12	770.55
741.2	769.1
740.54	767.88
740.07	766.7
739.54	765.27
738.82	763.49
738.04	761.59
737.38	759.88
736.89	758.58
736.53	757.79
736.24	757.53
735.95	757.68
735.62	757.8
735.17	757.16
734.59	755.23
733.91	752.18
733.18	748.93
732.41	746.46
731.52	745.07
730.37	744.29
728.81	743.38
726.87	741.85
724.7	739.58
722.56	736.61
720.58	733.07
718.75	729.28
717.07	725.72
715.72	722.72
715	720.13
715.08	717.44
715.99	714.3
717.64	710.85
719.76	707.51
721.75	704.5
722.91	701.69
723.01	698.9
722.47	696.17
721.94	693.62
721.68	691.22
721.45	688.8
720.91	686.48
719.97	684.72
718.97	683.87
718.43	683.76
718.76	683.71
719.91	683.07
721.4	681.86
722.64	680.71
723.2	680.17
723	680.19
722.33	680.22
721.67	679.76
721.44	678.67
721.65	676.99
721.9	674.81
721.76	672.29
721.22	669.86
720.58	668.08
720.11	667.17
719.76	666.7
719.26	665.89
718.5	664.34
717.66	662.26
716.96	660.14
716.38	658.19
715.72	656.19
714.84	653.94
713.8	651.71
712.74	650.1
711.64	649.53
710.38	649.87
708.96	650.61
707.59	651.4
706.49	652.11
705.63	652.71
704.81	653.06
703.88	653.14
702.91	653.11
702.03	653.22
701.22	653.44
700.42	653.4
699.58	652.75
698.83	651.56
698.24	650.24
697.66	649.01
696.71	647.58
695.33	645.64
694.08	643.43
693.64	641.65
694.13	640.71
694.99	640.4
695.52	640.13
695.4	639.55
694.84	638.72
694.22	637.9
693.75	637.13
693.39	636.3
692.98	635.36
692.41	634.43
691.72	633.57
691.02	632.68
690.41	631.68
689.95	630.85
689.57	630.67
689.2	631.4
688.76	632.76
688.2	634.14
687.47	635.17
686.54	636.09
685.51	637.44
684.56	639.53
683.77	642.05
683.13	644.37
682.58	646.01
682.09	646.87
681.68	647.12
681.27	647.05
680.76	646.93
680.07	646.94
679.21	646.98
678.13	646.62
676.84	645.47
675.57	643.77
674.87	642.34
675.25	641.89
676.67	642.28
678.32	642.53
679.23	641.61
679.07	639.3
678.28	636.27
677.64	633.51
677.56	631.65
677.96	630.74
678.5	630.54
678.93	630.78
679.2	631.22
679.39	631.6
679.63	631.78
680.07	631.89
680.83	632.27
681.82	633.12
682.72	634.32
683.31	635.54
683.64	636.59
684.06	637.53
684.81	638.4
685.82	638.92
686.84	638.53
687.95	636.95
689.62	634.49
692.52	631.85
697.12	629.56
703.59	627.76
712.04	626.4
722.59	625.56
735.18	625.29
749.44	625.38
764.77	625.33
780.55	624.83
796.33	624.06
811.76	623.49
826.53	623.36
840.34	623.4
853.07	623.11
864.74	622.23
875.45	620.88
885.18	619.32
893.88	617.78
901.53	616.54
908.27	616.11
914.32	617.1
919.87	619.82
924.96	624.11
929.58	629.58
933.8	636.1
937.81	643.8
941.82	652.77
945.85	662.77
949.7	673.47
953.19	684.73
956.34	696.63
959.27	709.15
962.06	721.82
964.59	734.03
966.81	745.45
968.92	756.23
971.24	766.64
973.78	776.67
976.26	785.97
978.49	794.32
980.67	801.96
982.98	809.24
985.11	816.16
986.58	822.42
987.42	827.93
988.31	833.08
989.89	838.5
991.97	844.5
993.79	850.86
994.83	857.05
995.14	862.71
995.19	867.8
995.42	872.51
996.04	876.96
997.12	881.14
998.47	885.06
999.61	888.82
1000	892.49
999.39	895.98
997.99	899.13
996.24	901.83
994.45	904.07
992.55	905.8
990.29	906.94
987.48	907.58
984.15	908.18
980.44	909.34
976.38	911.36
971.93	913.96
966.99	916.52
961.53	918.62
955.49	920.28
948.67	921.78
940.8	923.23
931.8	924.47
921.77	925.33
910.88	925.86
899.18	926.21
886.74	926.54
873.97	926.96
861.88	927.73
851.83	929.25
844.8	931.66
840.76	934.65
838.78	937.55
837.61	939.68
836.37	940.71
834.71	940.55
832.65	939.15
830.35	936.5
827.99	932.78
825.87	928.55
824.18	924.34
822.76	920.32
821.09	916.16
818.71	911.56
815.58	906.8
812.05	902.57
808.5	899.37
804.99	897.06
801.4	895.06
797.68	892.9
793.96	890.47
790.33	887.86
786.63	885.21
782.6	882.69
778.21	880.55
773.81	878.96
769.93	877.77
766.75	876.49
763.99	874.7
761.31	872.51
758.62	870.54
756.11	869.34
753.93	868.86
751.97	868.53
749.97	867.86
747.82	866.79
745.61	865.47
743.46	863.96
741.34	862.12
739.09	859.91
736.76	857.59
734.7	855.41
733.1	853.38
731.75	851.27
730.15	849
727.97	846.81
725.35	844.99
722.61	843.49
720.01	841.96
717.72	840.18
715.92	838.35
714.96	836.8
714.99	835.58
715.58	834.43
715.86	833.14
715.09	831.89
713.24	830.96
710.94	830.29
708.91	829.44
707.48	828.02
706.54	826.18
705.79	824.43
704.98	823.12
704.05	822.09
703.05	820.86
702.1	819.2
701.33	817.24
700.77	815.2
700.29	813.06
699.72	810.7
699.01	808.17
698.28	805.86
697.66	804.08
697.22	802.74
696.88	801.43
696.51	799.81
696.02	797.83
695.37	795.51
694.61	792.79
693.84	789.64
693.17	786.41
692.62	783.77
692.05	782.18
691.25	781.3
690.14	780.23
688.9	778.22
687.74	775.26
686.72	771.99
685.64	769.03
684.29	766.53
682.79	764.25
681.45	761.96
680.44	759.59
679.63	757.11
678.7	754.46
677.53	751.62
676.28	748.75
675.14	746.09
673.94	743.55
672.41	740.83
670.7	737.85
669.4	735.04
668.87	732.97
668.8	731.83
668.56	731.16
667.71	730.32
666.41	728.97
665.17	727.21
664.33	725.27
663.77	723.17
663.25	720.86
662.75	718.57
662.55	716.68
662.82	715.31
663.34	714.15
663.71	712.78
663.65	711.13
663.23	709.5
662.71	708.09
662.28	706.65
662	704.76
661.78	702.37
661.51	699.89
661.11	697.8
660.48	696.17
659.6	694.67
658.58	692.98
657.6	691.17
656.72	689.53
655.83	688.28
654.86	687.37
654.12	686.64
653.94	685.99
654.18	685.45
654.14	685.02
653.15	684.71
651.34	684.6
649.52	684.81
648.51	685.22
648.39	685.37
648.55	684.65
648.33	682.91
647.61	680.64
646.68	678.59
645.83	677.17
645.04	676.21
644.22	675.45
643.45	675.02
642.97	675.36
642.84	676.72
642.82	678.79
642.63	680.87
642.27	682.35
642.03	683.04
642.17	683.07
642.56	682.57
642.86	681.65
642.83	680.48
642.6	679.29
642.38	678.2
642.15	677.04
641.57	675.6
640.54	673.98
639.52	672.7
639.19	672.15
639.65	672.1
640.33	671.8
640.5	670.66
639.95	668.71
639.06	666.49
638.29	664.52
637.82	663.02
637.57	662.07
637.45	661.68
637.43	661.72
637.4	661.8
637.16	661.45
636.63	660.44
635.99	658.95
635.61	657.22
635.72	655.23
636.16	652.83
636.33	649.97
635.34	646.9
632.57	643.98
628.39	641.54
624.12	639.83
621.27	639.08
620.51	639.41
621.31	640.57
622.36	641.81
622.63	642.28
621.93	641.6
620.84	640.18
620.05	638.83
619.75	638
619.64	637.53
619.42	637.02
619.11	636.41
618.9	635.95
618.93	635.84
619.13	635.8
619.44	635.27
619.9	634.02
620.66	632.33
621.72	630.72
623.03	629.45
624.82	628.59
627.47	628.34
631.11	629.05
635.59	630.78
640.78	632.87
646.72	634.28
653.69	634.37
661.91	633.26
671.43	631.5
682.11	629.43
694.06	627.05
707.67	624.49
723.08	622.23
739.51	620.78
755.5	620.33
769.87	620.64
782.42	621.3
793.81	622.06
804.74	622.81
815.34	623.4
825.22	623.61
833.96	623.48
841.52	623.52
848.13	624.53
854.08	627.11
859.42	631.29
864.01	636.73
867.82	643.12
871.11	650.57
874.44	659.36
878.22	669.58
882.44	680.92
886.81	692.87
891.08	704.89
895.15	716.49
898.97	727.34
902.47	737.41
905.7	747.14
908.9	757.09
912.39	767.5
916.19	777.98
919.91	787.81
923.08	796.65
925.59	804.8
927.83	812.95
930.31	821.55
933.28	830.47
936.49	839.31
939.46	847.73
941.8	855.66
943.47	863.14
944.78	870.15
946.19	876.78
947.98	883.31
949.99	889.95
951.61	896.56
952.31	902.68
952.33	908.1
952.53	913.14
953.52	918.2
955.03	923.15
956.22	927.45
956.45	930.68
955.75	933.09
954.71	935.41
953.83	938.08
953.17	940.89
952.46	943.29
951.48	945.18
950.1	946.96
948.03	948.98
944.93	951.05
940.9	952.69
936.53	953.8
932.57	954.79
929.26	956.16
926.09	957.95
922.31	959.87
917.54	961.69
911.97	963.45
906.07	965.25
900.1	967.05
894.1	968.74
888.22	970.39
882.61	972.18
876.91	974.09
870.12	975.77
861.22	976.84
850.04	977.24
837.48	977.33
824.88	977.37
813.3	977.29
803.43	976.84
795.8	976.09
790.84	975.46
788.46	975.18
787.8	974.91
787.58	973.89
786.76	971.74
785.02	968.75
782.74	965.6
780.53	962.63
778.86	959.59
777.8	956.01
777.12	951.79
776.42	947.23
775.33	942.57
773.65	937.68
771.46	932.29
769.13	926.5
767.01	920.88
765.17	916.03
763.28	912.15
760.94	909.07
758.07	906.55
754.99	904.53
752	902.85
749.02	901.07
745.68	898.7
741.77	895.66
737.51	892.47
733.35	889.82
729.6	888.04
726.18	886.94
722.84	886.07
719.55	885.08
716.53	883.71
714	881.72
711.85	879.01
709.64	875.8
707.17	872.58
704.73	869.79
702.8	867.38
701.5	864.86
700.47	861.92
699.24	858.86
697.69	856.32
696.01	854.61
694.39	853.41
692.88	852.18
691.33	850.75
689.6	849.39
687.64	848.29
685.46	847.27
683.24	846.02
681.17	844.66
679.37	843.64
677.73	843.25
676.08	843.18
674.46	842.87
673.05	841.98
671.9	840.57
670.75	838.82
669.22	836.71
667.24	834.25
665.22	831.72
663.77	829.54
663.06	827.85
662.66	826.27
662.02	824.33
660.92	822.12
659.62	820.31
658.7	819.56
658.73	819.81
659.83	820.23
661.55	819.95
662.98	818.69
663.32	816.79
662.32	814.73
660.43	812.71
658.44	810.74
657.01	808.71
656.26	806.42
655.81	803.63
655.09	800.24
653.85	796.62
652.34	793.49
651.09	791.38
650.49	790.15
650.4	789.17
650.36	787.93
649.99	786.47
649.31	785.26
648.6	784.58
648.09	784.32
647.75	784.11
647.42	783.7
646.88	783.01
646.09	781.95
645.2	780.41
644.41	778.45
643.89	776.4
643.56	774.78
643.17	773.82
642.45	773.33
641.39	772.96
640.23	772.53
639.24	771.97
638.49	771.09
637.79	769.45
636.97	766.75
636.15	763.38
635.72	760.25
635.97	758.13
636.69	757.01
637.36	756.25
637.6	755.25
637.49	753.92
637.44	752.5
637.77	751.14
638.42	749.84
639.16	748.57
639.76	747.39
640.11	746.28
640.2	745.07
640.1	743.63
639.99	742.12
640.03	740.95
640.21	740.32
640.29	739.85
640.07	738.89
639.64	737.16
639.34	735.02
639.33	733.1
639.33	731.59
638.97	730.27
638.22	728.89
637.47	727.52
637.2	726.35
637.52	725.3
638.02	723.95
638.22	721.99
637.93	719.55
637.35	717.12
636.72	715.02
636.17	713.16
635.74	711.3
635.37	709.41
635.02	707.7
634.6	706.43
634.05	705.63
633.51	705.25
633.53	705.21
634.61	705.28
636.58	704.88
638.6	703.44
639.76	700.89
639.85	697.99
639.49	695.85
639.4	695.11
639.84	695.44
640.45	695.88
640.74	695.64
640.62	694.58
640.36	693.03
640.23	691.35
640.17	689.69
639.94	688.23
639.45	687.2
638.94	686.78
638.64	686.79
638.59	686.82
638.6	686.55
638.51	686.01
638.24	685.4
637.58	684.73
636.35	683.87
634.84	682.9
633.94	682.28
634.28	682.3
635.67	682.62
637.19	682.43
638.09	681.18
638.39	679.15
638.78	677.13
639.88	675.67
641.66	674.72
643.58	673.9
645.16	673.1
646.35	672.58
647.45	672.51
648.7	672.62
650.06	672.36
651.28	671.37
652.11	669.82
652.47	668.14
652.51	666.68
652.49	665.52
652.67	664.68
653.12	664.21
653.72	664.09
654.29	664.05
654.78	663.76
655.3	663.16
656.01	662.49
656.84	662.06
657.51	661.86
657.74	661.6
657.57	660.99
657.36	659.94
657.48	658.49
657.96	656.77
658.68	655.12
659.7	654.07
661.41	654.09
664.34	655.07
668.86	656.25
675	656.68
682.69	655.88
691.93	654.19
702.82	652.38
715.24	650.99
728.7	649.97
742.5	648.98
756.03	647.84
768.94	646.58
781.01	645.27
792.06	643.86
801.99	642.32
810.77	640.81
818.6	639.71
825.87	639.34
833.01	639.75
840.13	640.79
846.94	642.4
852.93	644.76
857.65	648.09
861.09	652.48
863.7	657.99
866.14	664.85
868.87	673.41
871.89	683.72
874.89	695.23
877.57	707.06
879.97	718.62
882.29	729.93
884.64	741.34
886.9	752.96
888.91	764.55
890.76	775.8
892.83	786.63
895.51	797.13
898.76	807.26
902.2	816.9
905.48	826.04
908.57	834.97
911.7	843.98
915.03	853.03
918.38	861.75
921.4	869.89
923.78	877.62
925.52	885.38
926.86	893.34
928.18	901.13
929.79	908.17
931.84	914.16
934.26	919.25
936.72	923.81
938.85	928.04
940.45	931.96
941.77	935.51
943.3	938.68
945.34	941.53
947.74	944.1
950.04	946.47
951.86	948.82
953.14	951.25
953.96	953.64
954.42	955.66
954.57	957.21
954.5	958.57
954.26	960.18
953.81	962.23
953.03	964.49
951.91	966.65
950.56	968.71
949.04	970.92
947.27	973.38
944.98	975.75
941.99	977.43
938.41	978.11
934.52	977.85
930.21	976.71
924.56	974.37
916.5	970.53
906.12	965.67
894.95	961.21
884.78	958.53
876.15	957.89
868.09	958.4
859.13	958.77
848.87	958.3
838.47	957.07
830.03	955.53
825.2	954.1
824.36	953.15
826.75	952.94
830.77	953.32
834.46	953.37
836.24	952
835.81	948.95
834.25	945.18
833.27	941.95
833.92	939.56
835.9	937.01
837.99	933.02
839.06	927.21
838.77	920.4
837.51	913.77
835.92	908.02
834.48	903.13
833.34	898.93
832.32	895.45
831.07	892.84
829.26	891.01
826.93	889.61
824.46	888.26
822.24	886.77
820.32	885.1
818.31	883.28
815.82	881.47
812.85	879.94
809.82	878.92
807.14	878.3
804.79	877.73
802.42	876.92
799.75	875.93
796.89	875.07
794.13	874.45
791.6	873.69
789.09	872.23
786.4	869.91
783.57	867.24
780.81	865.02
778.33	863.7
776.13	863.16
774.09	862.95
772.11	862.78
770.17	862.55
768.3	862.21
766.54	861.73
764.91	861.31
763.47	861.44
762.19	862.65
760.96	865.03
759.65	868.12
758.28	871.28
756.97	874.1
755.8	876.47
754.74	878.35
753.68	879.57
752.58	880
751.55	879.83
750.68	879.37
749.89	878.71
748.89	877.6
747.52	875.79
745.95	873.46
744.65	871.23
743.89	869.67
743.46	868.92
742.89	868.77
741.9	868.92
740.66	869.17
739.5	869.13
738.49	868.17
737.4	865.77
736	862.06
734.36	857.84
732.69	853.96
731.05	850.69
729.28	847.74
727.36	844.84
725.49	842.04
723.85	839.5
722.42	837.14
721.08	834.75
719.76	832.24
718.4	829.7
716.97	827.19
715.57	824.61
714.51	821.72
714.16	818.43
714.71	814.9
715.85	811.38
716.87	807.92
717.16	804.35
716.57	800.6
715.56	796.79
714.76	793.15
714.48	789.61
714.44	785.95
714.16	782.08
713.45	778.31
712.54	775.01
711.85	772.12
711.47	769.11
711.21	765.52
710.83	761.43
710.33	757.44
709.88	754
709.56	751.05
709.3	748.22
708.93	745.28
708.41	742.41
707.83	739.81
707.3	737.4
706.83	734.78
706.34	731.73
705.77	728.35
705.08	724.94
704.22	721.7
703.25	718.65
702.39	715.88
701.85	713.57
701.69	711.77
701.64	710.15
701.31	708.28
700.56	706.04
699.61	703.89
698.81	702.47
698.18	701.94
697.51	701.94
696.86	701.98
696.53	701.87
696.76	701.62
697.34	701.13
697.84	700.15
697.98	698.47
697.85	696.27
697.68	693.98
697.51	691.87
697.12	689.9
696.47	688.03
695.89	686.48
695.75	685.58
696.01	685.31
696.21	685.22
695.92	684.74
695.24	683.61
694.65	682.02
694.55	680.28
694.81	678.5
694.99	676.64
694.78	674.8
694.29	673.29
693.79	672.31
693.47	671.72
693.33	671.15
693.32	670.39
693.47	669.5
693.72	668.52
693.83	667.21
693.5	665.28
692.59	662.82
691.19	660.48
689.58	658.88
687.92	658.07
686.2	657.49
684.4	656.65
682.8	655.65
681.92	654.94
682.13	654.73
683.16	654.77
684.22	654.79
684.49	654.83
683.66	655.06
682.05	655.38
680.34	655.37
679.23	654.74
679.04	653.68
679.59	652.67
680.31	652.01
680.65	651.66
680.42	651.53
679.86	651.72
679.36	652.45
679.19	653.67
679.36	655.08
679.66	656.4
679.81	657.57
679.71	658.69
679.44	659.77
679.15	660.58
679.01	660.95
679.12	661
679.47	660.99
679.9	661.09
680.18	661.2
680.17	661.21
679.98	661.36
679.93	662.12
680.28	663.74
681.02	665.95
681.92	668.11
682.75	669.76
683.5	670.87
684.19	671.59
684.83	671.97
685.43	671.9
686.06	671.4
686.81	670.79
687.66	670.43
688.43	670.33
688.97	670.1
689.38	669.29
690.1	667.77
691.68	665.82
694.54	663.78
698.87	661.92
704.78	660.36
712.46	659.1
722.16	657.95
733.89	656.49
747.19	654.3
761.32	651.39
775.61	648.35
789.62	645.89
803.06	644.3
815.69	643.28
827.47	642.49
838.55	641.99
849.01	642.14
858.62	643.02
866.89	644.23
873.57	645.38
878.86	646.52
883.32	648.2
887.46	650.94
891.43	654.84
895.14	659.64
898.52	665.16
901.73	671.44
904.98	678.53
908.22	686.24
911.14	694.42
913.41	703.21
915.12	713.08
916.74	724.24
918.83	736.25
921.78	748.24
925.81	759.51
930.78	769.89
935.97	779.6
940.45	788.88
943.67	797.87
945.87	806.65
947.81	815.28
950.08	823.68
952.73	831.56
955.39	838.63
957.78	844.92
959.92	850.82
961.97	856.61
963.91	862.05
965.49	866.59
966.54	870
967.2	872.73
967.84	875.56
968.7	878.85
969.65	882.4
970.34	885.78
970.57	888.76
970.48	891.37
970.31	893.57
970.14	895.23
969.74	896.3
968.8	897.05
967.24	897.76
965.24	898.41
963.05	898.62
960.76	898.13
958.29	897.29
955.39	896.81
951.71	897.15
947.04	898.05
941.4	898.76
934.96	898.79
927.79	898.26
919.73	897.72
910.47	897.57
900.01	897.79
888.97	898.17
878.51	898.59
869.84	898.96
863.63	899.15
859.83	898.96
857.92	898.3
857.21	897.23
857.08	895.77
857.04	893.73
856.72	890.88
855.88	887.25
854.47	883.19
852.85	879.09
851.59	875.15
851.08	871.25
851.12	867.25
851.11	863.19
850.52	859.26
849.16	855.5
847.18	851.72
844.93	847.77
842.68	843.75
840.52	839.99
838.31	836.68
835.86	833.68
833.14	830.71
830.31	827.62
827.54	824.49
824.78	821.33
821.75	817.99
818.4	814.39
815.01	810.82
811.99	807.83
809.31	805.7
806.48	804.07
803.12	802.34
799.34	800.25
795.79	798.12
793.26	796.52
792.14	795.69
792.06	795.38
792.05	795.18
791.32	794.82
789.72	794.26
787.69	793.49
785.76	792.55
784.32	791.71
783.44	791.43
783	791.98
782.72	793.12
782.33	794.34
781.73	795.3
781.09	796.2
780.58	797.36
780.18	798.74
779.71	799.8
779.05	799.97
778.23	799.19
777.41	797.87
776.6	796.46
775.75	795.11
774.86	793.77
774.06	792.48
773.41	791.37
772.82	790.48
772.07	789.55
771.08	788.27
770.02	786.64
769.18	785.01
768.71	783.79
768.4	783.11
767.93	782.88
767.11	782.89
766.04	782.86
764.99	782.47
764.13	781.37
763.4	779.52
762.6	777.35
761.58	775.59
760.33	774.67
758.9	774.41
757.39	774.27
755.9	773.93
754.59	773.51
753.54	773.25
752.6	773.02
751.48	772.31
750.06	770.71
748.51	768.31
747.1	765.59
745.83	762.97
744.47	760.62
742.82	758.53
740.9	756.76
738.59	755.05
735.21	752.69
730.23	748.98
724.21	744.18
718.84	739.51
715.58	736.22
714.6	734.48
714.73	733.31
714.57	731.6
713.52	729.07
711.86	726.29
710.26	724.03
709.3	722.62
709.16	721.95
709.45	721.64
709.41	721.2
708.49	720.18
706.78	718.26
704.95	715.51
703.69	712.4
703.28	709.55
703.43	707.28
703.55	705.46
703.19	703.76
702.3	702
701.18	700.23
700.21	698.53
699.52	696.82
699.03	694.98
698.57	693.05
698.07	691.22
697.59	689.52
697.22	687.73
697	685.57
696.9	683.12
696.85	680.88
696.75	679.3
696.52	678.33
696.18	677.48
695.92	676.37
695.99	675.08
696.42	673.96
696.92	673.12
697.11	672.33
696.84	671.33
696.37	670.16
696.08	669.11
696.09	668.25
696.14	667.37
695.82	666.21
695	664.78
693.97	663.34
693.21	662.09
692.96	661.04
693.07	660.13
693.14	659.37
692.91	658.84
692.36	658.51
691.62	658.13
690.83	657.58
690.04	656.97
689.25	656.51
688.38	656.11
687.38	655.39
686.29	654.17
685.27	652.82
684.39	652.03
683.57	652.06
682.6	652.34
681.41	652
680.11	650.67
678.93	648.92
677.93	647.58
676.96	647
675.72	646.76
674.11	646.27
672.36	645.35
670.8	644.3
669.58	643.39
668.58	642.72
667.83	642.26
667.57	642.06
668.11	642.1
669.5	642.23
671.54	642.29
673.94	642.22
676.32	642
678.34	641.5
679.83	640.52
680.8	639.02
681.37	637.27
681.67	635.77
681.87	634.84
682.12	634.26
682.49	633.5
683	632.28
683.59	630.87
684.15	629.83
684.37	629.35
683.98	629.01
683.05	628.32
682.03	627.25
681.44	626.22
681.71	625.59
683.05	625.29
685.3	624.91
687.92	624.23
690.17	623.51
691.51	623.29
691.82	623.95
691.44	625.59
691.03	628.08
691.2	631.17
692.15	634.4
693.49	637.12
694.54	638.78
694.9	639.34
694.73	639.22
694.52	638.91
694.6	638.56
694.95	638.12
695.49	637.65
696.38	637.41
698.04	637.47
700.93	637.48
705.39	636.93
711.64	635.71
719.92	634.4
730.42	633.77
743.08	634.06
757.49	634.8
772.97	635.41
788.81	635.76
804.41	636.18
819.38	637.02
833.63	638.27
847.19	639.65
860.12	640.97
872.25	642.18
883.18	643.33
892.53	644.39
900.36	645.48
907.05	646.89
913.01	648.96
918.31	651.77
922.86	655.12
926.66	658.87
930.04	663.34
933.4	669.17
936.96	676.79
940.65	685.96
944.24	696.04
947.55	706.51
950.54	717.28
953.28	728.42
955.85	739.79
958.35	750.94
960.81	761.52
963.14	771.41
965.17	780.77
966.77	789.75
967.99	798.53
969.12	807.35
970.47	816.43
972.09	825.64
973.82	834.42
975.41	842.06
976.79	848.35
978.07	853.78
979.4	859.16
980.79	864.89
982.18	870.77
983.44	876.31
984.37	881.18
984.74	885.42
984.4	889.12
983.49	892.31
982.49	894.97
981.91	897.18
981.85	899.12
981.73	901.01
980.8	902.93
978.95	905.08
977.09	907.79
976.35	911.17
976.96	914.82
977.93	917.94
977.79	919.96
975.85	920.96
972.6	921.55
969.16	922.28
966.18	923.25
963.44	924.32
960.24	925.52
956.09	927.12
951.06	929.22
945.38	931.45
939.13	933.15
932.11	933.9
924.01	933.84
914.69	933.41
904.15	932.92
892.56	932.46
880.16	932.07
867.35	931.89
854.85	931.93
843.77	931.84
835.31	931.11
830.09	929.58
827.7	927.7
826.84	926.08
826.04	924.97
824.54	924.02
822.32	922.54
819.44	919.87
815.71	915.62
811.51	910.16
808.42	904.62
808.19	900.3
811	897.65
814.88	895.89
817.1	893.53
816.19	889.6
812.77	884.47
808.79	879.5
805.89	875.93
804.32	873.85
803.1	872.27
801.07	870.13
797.89	867.24
794.12	864.31
790.58	862.05
787.64	860.44
785.01	858.77
782.13	856.39
778.69	853.27
774.84	849.89
771.02	846.83
767.57	844.33
764.5	842.33
761.63	840.62
758.77	838.83
755.85	836.5
752.9	833.44
749.92	829.95
746.91	826.72
743.96	824.38
741.25	823
738.9	822.12
736.82	821.23
734.79	820.09
732.53	818.73
729.89	817.12
726.95	815.24
724.06	813.26
721.61	811.55
719.72	810.49
718.14	810.04
716.45	809.78
714.27	809.26
711.44	808.35
708.18	807.24
705.13	806.23
702.97	805.55
702.12	805.2
702.48	805.06
703.39	804.79
703.94	803.86
703.49	801.77
702.05	798.53
700.2	794.82
698.62	791.55
697.61	789.23
696.91	787.67
696.03	786.3
694.74	784.74
693.21	782.99
691.74	781.17
690.38	779.18
688.89	776.88
687.06	774.41
684.96	772.33
682.85	771.17
680.89	771.03
679	771.54
677.03	772.25
675.04	772.94
673.18	773.51
671.5	773.77
669.8	773.44
667.82	772.4
665.53	770.82
663.18	769.02
661.05	767.17
659.14	765.33
657.26	763.58
655.27	762.07
653.22	760.83
651.27	759.54
649.41	757.78
647.55	755.43
645.63	752.83
643.7	750.48
641.85	748.61
640.07	747.11
638.28	745.73
636.44	744.38
634.68	743.02
633.11	741.49
631.69	739.66
630.26	737.62
628.73	735.87
627.17	734.94
625.65	734.87
624.07	735.12
622.26	735.06
620.25	734.53
618.39	733.84
617.05	733.25
616.14	732.65
615.15	731.75
613.73	730.65
612.19	729.82
611.12	729.65
610.71	729.97
610.55	730.19
610.09	729.85
609.18	728.91
608.09	727.54
607.17	725.87
606.45	723.96
605.76	722.05
604.91	720.48
603.94	719.5
603.06	719
602.42	718.67
601.91	718.24
601.26	717.64
600.52	716.9
600.02	715.98
600	714.83
600.36	713.72
600.91	713.23
601.76	713.62
603.16	714.29
605.01	714.02
606.74	711.98
607.77	708.49
607.96	704.77
607.67	701.81
607.46	699.71
607.72	697.88
608.46	695.83
609.45	693.58
610.31	691.37
610.84	689.29
611.05	687.24
611.16	685.3
611.42	683.75
611.95	682.88
612.68	682.68
613.41	682.84
614.02	683.04
614.55	683.1
615.13	682.93
615.84	682.53
616.59	682.03
617.26	681.72
617.82	681.84
618.35	682.23
618.99	682.38
619.74	681.82
620.5	680.64
621.17	679.4
621.68	678.56
622.09	678
622.51	677.25
623	676.1
623.54	674.82
623.95	673.79
624.09	672.94
624.11	671.88
624.38	670.35
625.14	668.58
626.28	666.96
627.45	665.66
628.31	664.43
628.82	663
629.19	661.36
629.66	659.72
630.31	658.22
631	656.79
631.51	655.28
631.72	653.82
631.66	652.73
631.42	652.19
631.05	652.08
630.55	652.23
630.07	652.75
629.94	653.82
630.31	655.2
631.01	656.18
631.62	656.1
631.85	655.03
631.71	653.63
631.4	652.51
631.07	651.64
630.87	650.68
630.97	649.52
631.5	648.56
632.35	648.17
633.18	648.29
633.67	648.4
633.79	647.99
633.77	646.92
633.76	645.33
633.85	643.39
634.45	641.26
636.27	639.15
640.15	637.28
646.46	635.77
655.01	634.55
665.55	633.6
678.14	633.07
692.85	633.15
709.06	633.76
725.37	634.45
740.36	634.72
753.53	634.49
765.37	634.18
776.68	634.3
787.75	634.95
798.27	635.83
807.78	636.72
816.22	637.73
823.79	639.16
830.59	640.96
836.47	642.85
841.32	644.71
845.38	647.03
849.1	650.65
852.73	656.2
856.18	663.71
859.26	672.79
862.01	683.07
864.78	694.38
867.84	706.46
871.09	718.84
874.2	730.95
877	742.5
879.62	753.41
882.31	763.61
885.11	772.93
887.84	781.41
890.35	789.58
892.72	798.26
895.18	807.9
897.89	818.25
900.6	828.59
902.79	838.33
904.45	847.59
906.25	856.9
908.92	866.62
912.49	876.49
916.21	885.97
919.03	894.63
919.94	902.14
918.47	908.26
915.3	913.13
912.12	917.51
910.61	922.42
911.31	928.3
913.34	934.41
915.24	939.33
916.16	942.12
916.3	943.14
916.41	943.67
916.94	944.75
917.7	946.54
918.22	948.61
918.25	950.66
917.91	952.77
917.34	955.08
916.47	957.41
915.12	959.4
913.31	960.99
911.31	962.47
909.35	964.11
907.52	965.92
906.04	967.82
905.36	970.04
905.65	972.94
906.15	976.44
905.55	979.87
902.84	982.47
898.01	984.1
891.88	985.4
885.35	987.14
878.64	989.47
871.32	992
862.88	994.28
853.18	996.24
842.71	997.95
832.23	999.3
822.13	1000
812.47	999.99
803.37	999.63
795.46	999.35
789.57	999.19
786.11	998.81
784.64	997.93
784.17	996.61
783.66	995.02
782.54	993.02
780.63	990.12
778.08	985.92
775.52	980.63
773.89	975.02
773.72	969.71
774.49	964.79
775.03	959.9
774.41	954.79
772.56	949.46
770.07	944.06
767.61	938.74
765.52	933.7
763.79	929.18
762.21	925.39
760.55	922.2
758.64	919.31
756.47	916.52
754.17	913.97
751.94	911.96
749.88	910.5
747.9	909.22
745.81	907.61
743.48	905.46
740.95	902.92
738.32	900.23
735.69	897.39
733.13	894.35
730.66	891.28
728.26	888.59
725.84	886.52
723.27	884.76
720.54	882.72
717.85	880.05
715.47	877.05
713.49	874.4
711.76	872.61
709.97	871.61
707.92	870.87
705.78	869.79
703.88	868.01
702.38	865.46
701.11	862.43
699.75	859.48
698.17	857.13
696.62	855.55
695.32	854.27
694.26	852.62
693.24	850.24
692.3	847.47
691.67	844.89
691.47	842.79
691.53	840.92
691.49	838.99
691.14	837.08
690.53	835.53
689.82	834.4
689.15	833.31
688.51	831.73
687.78	829.59
686.9	827.3
685.88	825.34
684.83	823.82
683.88	822.47
683.04	821
682.18	819.32
681.23	817.54
680.26	815.76
679.58	814.06
679.66	812.65
680.78	811.66
682.54	810.97
684	810.19
684.36	808.95
683.47	807.29
681.87	805.58
680.29	804.13
679.11	802.79
678.26	801.12
677.47	798.89
676.57	796.35
675.57	793.88
674.56	791.58
673.65	789.33
672.93	787.12
672.43	785.23
672.06	783.91
671.61	783.04
670.94	782.11
670.14	780.84
669.46	779.43
669.02	778.35
668.71	777.66
668.31	776.84
667.78	775.25
667.28	772.85
667	770.23
666.84	768.08
666.52	766.6
665.87	765.52
665.03	764.46
664.26	763.31
663.7	762.19
663.21	761.18
662.61	760.27
661.88	759.42
661.16	758.56
660.55	757.45
660.03	755.71
659.6	753.23
659.36	750.42
659.39	747.97
659.61	746.18
659.8	744.69
659.85	742.83
659.86	740.34
660.07	737.64
660.57	735.42
661.21	733.97
661.78	733.14
662.2	732.58
662.49	732.2
662.68	731.99
662.7	731.84
662.51	731.44
662.17	730.66
661.84	729.77
661.56	729.25
661.24	729.31
660.78	729.6
660.26	729.48
659.87	728.55
659.72	726.82
659.71	724.53
659.69	721.99
659.63	719.56
659.67	717.69
659.88	716.62
660.13	716.11
660.14	715.53
659.8	714.45
659.16	712.94
658.41	711.48
657.69	710.38
657.07	709.39
656.65	708
656.46	705.92
656.49	703.36
656.82	700.77
657.77	698.43
659.54	696.26
661.87	694.15
664.04	692.14
665.33	690.3
665.5	688.52
664.92	686.59
664.27	684.51
664.03	682.53
664.13	680.9
664.17	679.53
663.8	678.14
663.08	676.62
662.37	675.18
662	674.12
661.98	673.51
662.15	673.18
662.42	672.98
662.86	672.85
663.58	672.65
664.55	672.12
665.61	670.98
666.54	669.3
667.25	667.49
667.85	665.97
668.52	664.86
669.25	664.03
669.85	663.5
670.16	663.44
670.22	663.96
670.22	664.68
670.29	664.92
670.37	664.21
670.38	662.75
670.3	661.12
670.19	659.65
670.04	658.26
669.79	656.78
669.49	655.47
669.28	654.8
669.27	654.91
669.42	655.3
669.55	655.27
669.58	654.57
669.66	653.51
670.03	652.52
670.75	651.71
671.64	650.93
672.52	650.07
673.42	649.25
674.61	648.56
676.35	647.9
678.8	647.15
682.23	646.37
687.12	645.81
694.03	645.5
703.07	645.16
713.91	644.55
726.14	643.82
739.58	643.55
754.03	644.08
768.95	645.14
783.5	646.03
797.01	646.21
809.45	645.77
821.16	645.08
832.36	644.39
842.83	643.61
852.17	642.71
860.12	642.02
866.81	642.06
872.55	643.2
877.63	645.47
882.2	648.81
886.27	653.32
889.95	659.13
893.3	666.19
896.26	674.38
898.83	683.81
901.4	694.99
904.67	708.16
909	722.72
913.9	737.28
918.28	750.61
921.32	762.39
923.08	773.15
924.37	783.43
926.06	793.32
928.5	802.6
931.43	811.33
934.37	819.98
936.97	829
939.16	838.49
941.14	848.2
943.13	857.9
945.27	867.56
947.57	877.09
949.95	886.16
952.27	894.33
954.39	901.57
956.3	908.29
958.08	914.98
959.83	921.66
961.56	927.96
963.18	933.54
964.65	938.51
966.03	943.18
967.49	947.65
969.11	951.66
970.75	954.93
972.02	957.43
972.7	959.46
973.12	961.41
973.75	963.41
974.66	965.39
975.4	967.21
975.38	968.81
974.38	970.14
972.66	971.11
970.65	971.83
968.69	972.64
966.93	973.97
965.26	975.91
963.38	978.13
960.98	980.3
958.02	982.49
954.71	984.98
951.3	987.83
947.76	990.61
943.71	992.76
938.75	994.15
932.68	995.07
925.61	995.79
917.65	996.26
908.78	996.23
898.85	995.71
887.8	995.11
875.86	994.8
863.53	994.76
851.62	994.68
841.13	994.51
833.02	994.54
827.75	995.07
825.01	995.86
823.87	996.26
823.15	995.72
821.96	994.12
819.93	991.58
817.3	988.08
814.71	983.54
812.74	978.08
811.55	972.14
810.81	966.21
809.86	960.39
808.17	954.41
805.75	948.14
803.04	941.89
800.44	936.27
798.19	931.66
796.55	927.97
795.73	924.79
795.68	921.82
795.92	919.07
795.67	916.65
794.41	914.52
792.23	912.58
789.69	910.85
787.24	909.44
784.93	908.29
782.62	907.13
780.31	905.65
778.2	903.76
776.42	901.57
774.79	899.17
772.97	896.47
770.86	893.39
768.68	890.06
766.76	886.8
765.2	883.83
763.74	881.06
762.05	878.33
760.14	875.69
758.29	873.45
756.79	871.78
755.65	870.33
754.65	868.5
753.6	865.95
752.53	862.98
751.55	860.22
750.65	858.04
749.63	856.32
748.37	854.69
747.02	852.97
745.88	851.15
745.07	849.27
744.34	847.35
743.39	845.48
742.18	843.96
740.99	842.99
740.09	842.43
739.53	841.74
739.12	840.38
738.74	838.15
738.43	835.26
738.31	832.04
738.4	828.74
738.54	825.62
738.57	823.01
738.3	821.08
737.24	819.43
734.71	817.2
730.7	813.89
726.34	810
723.3	806.75
722.55	804.95
723.6	804.28
724.97	803.67
725.37	802.27
724.51	800.08
723.03	797.61
721.88	795.31
721.92	793.32
723.75	791.78
727.33	790.95
731.63	790.77
735.04	790.65
736.44	789.75
735.9	787.74
734.47	785.04
733.2	782.43
732.33	780.28
731.44	778.45
730.13	776.69
728.43	775
726.72	773.47
725.25	771.92
724	769.95
722.95	767.4
722.3	764.76
722.37	762.76
723.17	761.58
724.21	760.71
724.83	759.5
724.73	757.75
724.04	755.73
723.15	753.69
722.25	751.56
721.35	749.13
720.45	746.49
719.56	743.99
718.69	741.95
717.74	740.33
716.6	738.97
715.36	737.83
714.29	737.05
713.59	736.69
713.12	736.46
712.62	735.96
712.01	734.97
711.5	733.62
711.18	732.17
710.93	730.85
710.52	729.75
709.95	729.01
709.41	728.81
709.03	729.15
708.7	729.73
708.24	730.14
707.61	730.14
707.01	729.75
706.63	728.98
706.4	727.69
706.04	725.66
705.39	722.87
704.55	719.62
703.8	716.28
703.25	713.11
702.8	710.19
702.28	707.55
701.55	705.28
700.58	703.48
699.42	702.13
698.24	701.13
697.24	700.39
696.59	699.83
696.29	699.3
696.14	698.43
695.89	696.8
695.47	694.38
695.04	691.66
694.73	689.27
694.48	687.52
694.18	686.19
693.84	684.9
693.65	683.58
693.69	682.5
693.82	681.81
693.73	681.3
693.3	680.54
692.65	679.27
691.95	677.61
691.26	675.89
690.56	674.38
689.83	673.12
689.15	672.11
688.55	671.34
687.92	670.76
686.99	670.05
685.72	668.92
684.45	667.43
683.55	665.95
682.94	664.76
682.2	663.81
681.16	662.95
680.13	662.28
679.52	662
679.39	662.13
679.43	662.33
679.44	662.2
679.61	661.55
680.27	660.47
681.28	658.99
681.99	656.87
681.86	653.92
680.98	650.4
679.94	647.08
679.31	644.8
679.17	643.83
679.15	643.67
678.89	643.58
678.42	643.14
678.01	642.39
677.82	641.57
677.64	640.81
677.23	640.25
676.64	640.08
676.17	640.33
675.99	640.69
675.99	640.6
675.94	639.64
675.85	638.02
676	636.35
676.56	635.07
677.33	634
677.92	632.65
678.15	630.79
678.18	628.65
678.29	626.63
678.5	624.86
678.67	623.02
678.94	621.57
679.57	619.07
681.6	618.41
684.91	615.15
690.73	616.89
697.4	611.94
707.62	618.9
717.05	606.14
735.17	648.55
