306.8	300
311.82	300
318.11	300
325.75	300
334.78	300
345.26	300
357.25	300
370.71	300
385.59	300
401.8	300
419.18	300
437.57	300
456.79	300
476.63	300
496.87	300
517.32	300
537.77	300
558.02	300
577.86	300
597.12	300
615.66	300
633.35	300
650.1	300
665.86	300
680.6	300
694.28	300
706.9	300
718.46	300
729	300
738.54	300
747.16	300
754.89	300
761.8	300
767.94	300
773.36	300
778.11	306.8
782.24	311.82
785.81	318.11
788.88	325.75
791.5	334.78
793.72	345.26
795.55	357.25
797.02	370.71
798.17	385.59
799.03	401.8
799.63	419.18
799.98	437.57
800.1	456.79
800.01	476.63
799.72	496.87
799.23	517.32
798.55	537.77
797.68	558.02
796.64	577.86
795.44	597.12
794.09	615.66
792.58	633.35
790.88	650.1
789.01	665.86
786.98	680.6
784.81	694.28
782.49	706.9
780	718.46
777.36	729
774.56	738.54
771.62	747.16
768.55	754.89
765.35	761.8
762.02	767.94
758.58	773.36
755.02	778.11
751.34	782.24
747.52	785.81
743.57	788.88
739.48	791.5
735.25	793.72
730.87	795.55
726.35	797.02
721.67	798.17
716.81	799.03
711.74	799.63
706.45	799.98
700.91	800.1
695.12	800.01
689.06	799.72
682.7	799.23
676.04	798.55
669.04	797.68
661.71	796.64
654.04	795.44
646.06	794.09
637.77	792.58
629.19	790.88
620.36	789.01
611.31	786.98
602.1	784.81
592.81	782.49
583.51	780
574.29	777.36
565.22	774.56
556.36	771.62
547.78	768.55
539.52	765.35
531.64	762.02
524.19	758.58
517.2	755.02
510.7	751.34
504.68	747.52
499.15	743.57
494.08	739.48
489.48	735.25
485.33	730.87
481.6	726.35
478.26	721.67
475.29	716.81
472.65	711.74
470.29	706.45
468.21	700.91
466.39	695.12
464.8	689.06
463.42	682.7
462.21	676.04
461.15	669.04
460.21	661.71
459.36	654.04
458.6	646.06
457.92	637.77
457.29	629.19
456.68	620.36
456.05	611.31
455.42	602.1
454.8	592.81
454.19	583.51
453.54	574.29
452.84	565.22
452.08	556.36
451.28	547.78
450.44	539.52
449.54	531.64
448.54	524.19
447.46	517.2
446.33	510.7
445.15	504.68
443.91	499.15
442.58	494.08
441.18	489.48
439.75	485.33
438.29	481.6
436.8	478.26
435.26	475.29
433.67	472.65
432.04	470.29
430.38	468.21
428.72	466.39
427.04	464.8
425.35	463.42
423.67	462.21
422	461.15
420.34	460.21
418.68	459.36
417.01	458.6
415.35	457.92
413.71	457.29
412.08	456.68
410.48	456.05
408.9	455.42
407.32	454.8
405.73	454.19
404.12	453.54
402.52	452.84
400.97	452.08
399.43	451.28
397.91	450.44
396.37	449.54
394.82	448.54
393.24	447.46
391.66	446.33
390.08	445.15
388.51	443.91
386.96	442.58
385.42	441.18
383.9	439.75
382.39	438.29
380.91	436.8
379.43	435.26
377.97	433.67
376.53	432.04
375.11	430.38
373.72	428.72
372.35	427.04
370.99	425.35
369.63	423.67
368.27	422
366.9	420.34
365.54	418.68
364.21	417.01
362.9	415.35
361.58	413.71
360.22	412.08
358.83	410.48
357.44	408.9
356.06	407.32
354.69	405.73
353.31	404.12
351.95	402.52
350.61	400.97
349.31	399.43
348.02	397.91
346.73	396.37
345.44	394.82
344.18	393.24
342.97	391.66
341.78	390.08
340.62	388.51
339.48	386.96
338.36	385.42
337.26	383.9
336.19	382.39
335.15	380.91
334.13	379.43
333.17	377.97
332.26	376.53
331.42	375.11
330.67	373.72
329.92	372.35
329.17	370.99
328.42	369.63
327.68	368.27
326.93	366.9
326.18	365.54
325.43	364.21
324.68	362.9
323.94	361.58
323.19	360.22
322.44	358.83
321.69	357.44
320.94	356.06
320.2	354.69
319.45	353.31
318.7	351.95
317.95	350.61
317.2	349.31
316.46	348.02
315.71	346.73
314.96	345.44
314.21	344.18
313.46	342.97
312.72	341.78
311.97	340.62
311.22	339.48
310.47	338.36
309.72	337.26
308.98	336.19
308.23	335.15
307.48	334.13
306.73	333.17
305.98	332.26
305.24	331.42
304.49	330.67
303.74	329.92
302.99	329.17
302.24	328.42
301.5	327.68
300.75	326.93
306.8	300
311.82	300
318.11	300
325.75	300
334.78	300
345.26	300
357.25	300
370.71	300
385.59	300
401.8	300
419.18	300
437.57	300
456.79	300
476.63	300
496.87	300
517.32	300
537.77	300
558.02	300
577.86	300
597.12	300
615.66	300
633.35	300
650.1	300
665.86	300
680.6	300
694.28	300
706.9	300
718.46	300
729	300
738.54	306.8
747.16	311.82
754.89	318.11
761.8	325.75
767.94	334.78
773.36	345.26
778.11	357.25
782.24	370.71
785.81	385.59
788.88	401.8
791.5	419.18
793.72	437.57
795.55	456.79
797.02	476.63
798.17	496.87
799.03	517.32
799.63	537.77
799.98	558.02
800.1	577.86
800.01	597.12
799.72	615.66
799.23	633.35
798.55	650.1
797.68	665.86
796.64	680.6
795.44	694.28
794.09	706.9
792.58	718.46
790.88	729
789.01	738.54
786.98	747.16
784.81	754.89
782.49	761.8
780	767.94
777.36	773.36
774.56	778.11
771.62	782.24
768.55	785.81
765.35	788.88
762.02	791.5
758.58	793.72
755.02	795.55
751.34	797.02
747.52	798.17
743.57	799.03
739.48	799.63
735.25	799.98
730.87	800.1
726.35	800.01
721.67	799.72
716.81	799.23
711.74	798.55
706.45	797.68
700.91	796.64
695.12	795.44
689.06	794.09
682.7	792.58
676.04	790.88
669.04	789.01
661.71	786.98
654.04	784.81
646.06	782.49
637.77	780
629.19	777.36
620.36	774.56
611.31	771.62
602.1	768.55
592.81	765.35
583.51	762.02
574.29	758.58
565.22	755.02
556.36	751.34
547.78	747.52
539.52	743.57
531.64	739.48
524.19	735.25
517.2	730.87
510.7	726.35
504.68	721.67
499.15	716.81
494.08	711.74
489.48	706.45
485.33	700.91
481.6	695.12
478.26	689.06
475.29	682.7
472.65	676.04
470.29	669.04
468.21	661.71
466.39	654.04
464.8	646.06
463.42	637.77
462.21	629.19
461.15	620.36
460.21	611.31
459.36	602.1
458.6	592.81
457.92	583.51
457.29	574.29
456.68	565.22
456.05	556.36
455.42	547.78
454.8	539.52
454.19	531.64
453.54	524.19
452.84	517.2
452.08	510.7
451.28	504.68
450.44	499.15
449.54	494.08
448.54	489.48
447.46	485.33
446.33	481.6
445.15	478.26
443.91	475.29
442.58	472.65
441.18	470.29
439.75	468.21
438.29	466.39
436.8	464.8
435.26	463.42
433.67	462.21
432.04	461.15
430.38	460.21
428.72	459.36
427.04	458.6
425.35	457.92
423.67	457.29
422	456.68
420.34	456.05
418.68	455.42
417.01	454.8
415.35	454.19
413.71	453.54
412.08	452.84
410.48	452.08
408.9	451.28
407.32	450.44
405.73	449.54
404.12	448.54
402.52	447.46
400.97	446.33
399.43	445.15
397.91	443.91
396.37	442.58
394.82	441.18
393.24	439.75
391.66	438.29
390.08	436.8
388.51	435.26
386.96	433.67
385.42	432.04
383.9	430.38
382.39	428.72
380.91	427.04
379.43	425.35
377.97	423.67
376.53	422
375.11	420.34
373.72	418.68
372.35	417.01
370.99	415.35
369.63	413.71
368.27	412.08
366.9	410.48
365.54	408.9
364.21	407.32
362.9	405.73
361.58	404.12
360.22	402.52
358.83	400.97
357.44	399.43
356.06	397.91
354.69	396.37
353.31	394.82
351.95	393.24
350.61	391.66
349.31	390.08
348.02	388.51
346.73	386.96
345.44	385.42
344.18	383.9
342.97	382.39
341.78	380.91
340.62	379.43
339.48	377.97
338.36	376.53
337.26	375.11
336.19	373.72
335.15	372.35
334.13	370.99
333.17	369.63
332.26	368.27
331.42	366.9
330.67	365.54
329.92	364.21
329.17	362.9
328.42	361.58
327.68	360.22
326.93	358.83
326.18	357.44
325.43	356.06
324.68	354.69
323.94	353.31
323.19	351.95
322.44	350.61
321.69	349.31
320.94	348.02
320.2	346.73
319.45	345.44
318.7	344.18
317.95	342.97
317.2	341.78
316.46	340.62
315.71	339.48
314.96	338.36
314.21	337.26
313.46	336.19
312.72	335.15
311.97	334.13
311.22	333.17
310.47	332.26
309.72	331.42
308.98	330.67
308.23	329.92
307.48	329.17
306.73	328.42
305.98	327.68
305.24	326.93
304.49	326.18
303.74	325.43
302.99	324.68
302.24	323.94
301.5	323.19
300.75	322.44
306.8	300
311.82	300
318.11	300
325.75	300
334.78	300
345.26	300
357.25	300
370.71	300
385.59	300
401.8	300
419.18	300
437.57	300
456.79	300
476.63	300
496.87	300
517.32	300
537.77	300
558.02	300
577.86	300
597.12	300
615.66	300
633.35	300
650.1	300
665.86	300
680.6	300
694.28	300
706.9	300
718.46	300
729	300
738.54	300
747.16	300
754.89	300
761.8	306.8
767.94	311.82
773.36	318.11
778.11	325.75
782.24	334.78
785.81	345.26
788.88	357.25
791.5	370.71
793.72	385.59
795.55	401.8
797.02	419.18
798.17	437.57
799.03	456.79
799.63	476.63
799.98	496.87
800.1	517.32
800.01	537.77
799.72	558.02
799.23	577.86
798.55	597.12
797.68	615.66
796.64	633.35
795.44	650.1
794.09	665.86
792.58	680.6
790.88	694.28
789.01	706.9
786.98	718.46
784.81	729
782.49	738.54
780	747.16
777.36	754.89
774.56	761.8
771.62	767.94
768.55	773.36
765.35	778.11
762.02	782.24
758.58	785.81
755.02	788.88
751.34	791.5
747.52	793.72
743.57	795.55
739.48	797.02
735.25	798.17
730.87	799.03
726.35	799.63
721.67	799.98
716.81	800.1
711.74	800.01
706.45	799.72
700.91	799.23
695.12	798.55
689.06	797.68
682.7	796.64
676.04	795.44
669.04	794.09
661.71	792.58
654.04	790.88
646.06	789.01
637.77	786.98
629.19	784.81
620.36	782.49
611.31	780
602.1	777.36
592.81	774.56
583.51	771.62
574.29	768.55
565.22	765.35
556.36	762.02
547.78	758.58
539.52	755.02
531.64	751.34
524.19	747.52
517.2	743.57
510.7	739.48
504.68	735.25
499.15	730.87
494.08	726.35
489.48	721.67
485.33	716.81
481.6	711.74
478.26	706.45
475.29	700.91
472.65	695.12
470.29	689.06
468.21	682.7
466.39	676.04
464.8	669.04
463.42	661.71
462.21	654.04
461.15	646.06
460.21	637.77
459.36	629.19
458.6	620.36
457.92	611.31
457.29	602.1
456.68	592.81
456.05	583.51
455.42	574.29
454.8	565.22
454.19	556.36
453.54	547.78
452.84	539.52
452.08	531.64
451.28	524.19
450.44	517.2
449.54	510.7
448.54	504.68
447.46	499.15
446.33	494.08
445.15	489.48
443.91	485.33
442.58	481.6
441.18	478.26
439.75	475.29
438.29	472.65
436.8	470.29
435.26	468.21
433.67	466.39
432.04	464.8
430.38	463.42
428.72	462.21
427.04	461.15
425.35	460.21
423.67	459.36
422	458.6
420.34	457.92
418.68	457.29
417.01	456.68
415.35	456.05
413.71	455.42
412.08	454.8
410.48	454.19
408.9	453.54
407.32	452.84
405.73	452.08
404.12	451.28
402.52	450.44
400.97	449.54
399.43	448.54
397.91	447.46
396.37	446.33
394.82	445.15
393.24	443.91
391.66	442.58
390.08	441.18
388.51	439.75
386.96	438.29
385.42	436.8
383.9	435.26
382.39	433.67
380.91	432.04
379.43	430.38
377.97	428.72
376.53	427.04
375.11	425.35
373.72	423.67
372.35	422
370.99	420.34
369.63	418.68
368.27	417.01
366.9	415.35
365.54	413.71
364.21	412.08
362.9	410.48
361.58	408.9
360.22	407.32
358.83	405.73
357.44	404.12
356.06	402.52
354.69	400.97
353.31	399.43
351.95	397.91
350.61	396.37
349.31	394.82
348.02	393.24
346.73	391.66
345.44	390.08
344.18	388.51
342.97	386.96
341.78	385.42
340.62	383.9
339.48	382.39
338.36	380.91
337.26	379.43
336.19	377.97
335.15	376.53
334.13	375.11
333.17	373.72
332.26	372.35
331.42	370.99
330.67	369.63
329.92	368.27
329.17	366.9
328.42	365.54
327.68	364.21
326.93	362.9
326.18	361.58
325.43	360.22
324.68	358.83
323.94	357.44
323.19	356.06
322.44	354.69
321.69	353.31
320.94	351.95
320.2	350.61
319.45	349.31
318.7	348.02
317.95	346.73
317.2	345.44
316.46	344.18
315.71	342.97
314.96	341.78
314.21	340.62
313.46	339.48
312.72	338.36
311.97	337.26
311.22	336.19
310.47	335.15
309.72	334.13
308.98	333.17
308.23	332.26
307.48	331.42
306.73	330.67
305.98	329.92
305.24	329.17
304.49	328.42
303.74	327.68
302.99	326.93
302.24	326.18
301.5	325.43
300.75	324.68
306.8	300
311.82	300
318.11	300
325.75	300
334.78	300
345.26	300
357.25	300
370.71	300
385.59	300
401.8	300
419.18	300
437.57	300
456.79	300
476.63	300
496.87	300
517.32	300
537.77	300
558.02	300
577.86	300
597.12	300
615.66	300
633.35	300
650.1	300
665.86	300
680.6	300
694.28	300
706.9	300
718.46	300
729	300
738.54	300
747.16	306.8
754.89	311.82
761.8	318.11
767.94	325.75
773.36	334.78
778.11	345.26
782.24	357.25
785.81	370.71
788.88	385.59
791.5	401.8
793.72	419.18
795.55	437.57
797.02	456.79
798.17	476.63
799.03	496.87
799.63	517.32
799.98	537.77
800.1	558.02
800.01	577.86
799.72	597.12
799.23	615.66
798.55	633.35
797.68	650.1
796.64	665.86
795.44	680.6
794.09	694.28
792.58	706.9
790.88	718.46
789.01	729
786.98	738.54
784.81	747.16
782.49	754.89
780	761.8
777.36	767.94
774.56	773.36
771.62	778.11
768.55	782.24
765.35	785.81
762.02	788.88
758.58	791.5
755.02	793.72
751.34	795.55
747.52	797.02
743.57	798.17
739.48	799.03
735.25	799.63
730.87	799.98
726.35	800.1
721.67	800.01
716.81	799.72
711.74	799.23
706.45	798.55
700.91	797.68
695.12	796.64
689.06	795.44
682.7	794.09
676.04	792.58
669.04	790.88
661.71	789.01
654.04	786.98
646.06	784.81
637.77	782.49
629.19	780
620.36	777.36
611.31	774.56
602.1	771.62
592.81	768.55
583.51	765.35
574.29	762.02
565.22	758.58
556.36	755.02
547.78	751.34
539.52	747.52
531.64	743.57
524.19	739.48
517.2	735.25
510.7	730.87
504.68	726.35
499.15	721.67
494.08	716.81
489.48	711.74
485.33	706.45
481.6	700.91
478.26	695.12
475.29	689.06
472.65	682.7
470.29	676.04
468.21	669.04
466.39	661.71
464.8	654.04
463.42	646.06
462.21	637.77
461.15	629.19
460.21	620.36
459.36	611.31
458.6	602.1
457.92	592.81
457.29	583.51
456.68	574.29
456.05	565.22
455.42	556.36
454.8	547.78
454.19	539.52
453.54	531.64
452.84	524.19
452.08	517.2
451.28	510.7
450.44	504.68
449.54	499.15
448.54	494.08
447.46	489.48
446.33	485.33
445.15	481.6
443.91	478.26
442.58	475.29
441.18	472.65
439.75	470.29
438.29	468.21
436.8	466.39
435.26	464.8
433.67	463.42
432.04	462.21
430.38	461.15
428.72	460.21
427.04	459.36
425.35	458.6
423.67	457.92
422	457.29
420.34	456.68
418.68	456.05
417.01	455.42
415.35	454.8
413.71	454.19
412.08	453.54
410.48	452.84
408.9	452.08
407.32	451.28
405.73	450.44
404.12	449.54
402.52	448.54
400.97	447.46
399.43	446.33
397.91	445.15
396.37	443.91
394.82	442.58
393.24	441.18
391.66	439.75
390.08	438.29
388.51	436.8
386.96	435.26
385.42	433.67
383.9	432.04
382.39	430.38
380.91	428.72
379.43	427.04
377.97	425.35
376.53	423.67
375.11	422
373.72	420.34
372.35	418.68
370.99	417.01
369.63	415.35
368.27	413.71
366.9	412.08
365.54	410.48
364.21	408.9
362.9	407.32
361.58	405.73
360.22	404.12
358.83	402.52
357.44	400.97
356.06	399.43
354.69	397.91
353.31	396.37
351.95	394.82
350.61	393.24
349.31	391.66
348.02	390.08
346.73	388.51
345.44	386.96
344.18	385.42
342.97	383.9
341.78	382.39
340.62	380.91
339.48	379.43
338.36	377.97
337.26	376.53
336.19	375.11
335.15	373.72
334.13	372.35
333.17	370.99
332.26	369.63
331.42	368.27
330.67	366.9
329.92	365.54
329.17	364.21
328.42	362.9
327.68	361.58
326.93	360.22
326.18	358.83
325.43	357.44
324.68	356.06
323.94	354.69
323.19	353.31
322.44	351.95
321.69	350.61
320.94	349.31
320.2	348.02
319.45	346.73
318.7	345.44
317.95	344.18
317.2	342.97
316.46	341.78
315.71	340.62
314.96	339.48
314.21	338.36
313.46	337.26
312.72	336.19
311.97	335.15
311.22	334.13
310.47	333.17
309.72	332.26
308.98	331.42
308.23	330.67
307.48	329.92
306.73	329.17
305.98	328.42
305.24	327.68
304.49	326.93
303.74	326.18
302.99	325.43
302.24	324.68
301.5	323.94
300.75	323.19
306.8	300
311.82	300
318.11	300
325.75	300
334.78	300
345.26	300
357.25	300
370.71	300
385.59	300
401.8	300
419.18	300
437.57	300
456.79	300
476.63	300
496.87	300
517.32	300
537.77	300
558.02	300
577.86	300
597.12	300
615.66	300
633.35	300
650.1	300
665.86	300
680.6	300
694.28	300
706.9	300
718.46	300
729	300
738.54	300
747.16	300
754.89	300
761.8	306.8
767.94	311.82
773.36	318.11
778.11	325.75
782.24	334.78
785.81	345.26
788.88	357.25
791.5	370.71
793.72	385.59
795.55	401.8
797.02	419.18
798.17	437.57
799.03	456.79
799.63	476.63
799.98	496.87
800.1	517.32
800.01	537.77
799.72	558.02
799.23	577.86
798.55	597.12
797.68	615.66
796.64	633.35
795.44	650.1
794.09	665.86
792.58	680.6
790.88	694.28
789.01	706.9
786.98	718.46
784.81	729
782.49	738.54
780	747.16
777.36	754.89
774.56	761.8
771.62	767.94
768.55	773.36
765.35	778.11
762.02	782.24
758.58	785.81
755.02	788.88
751.34	791.5
747.52	793.72
743.57	795.55
739.48	797.02
735.25	798.17
730.87	799.03
726.35	799.63
721.67	799.98
716.81	800.1
711.74	800.01
706.45	799.72
700.91	799.23
695.12	798.55
689.06	797.68
682.7	796.64
676.04	795.44
669.04	794.09
661.71	792.58
654.04	790.88
646.06	789.01
637.77	786.98
629.19	784.81
620.36	782.49
611.31	780
602.1	777.36
592.81	774.56
583.51	771.62
574.29	768.55
565.22	765.35
556.36	762.02
547.78	758.58
539.52	755.02
531.64	751.34
524.19	747.52
517.2	743.57
510.7	739.48
504.68	735.25
499.15	730.87
494.08	726.35
489.48	721.67
485.33	716.81
481.6	711.74
478.26	706.45
475.29	700.91
472.65	695.12
470.29	689.06
468.21	682.7
466.39	676.04
464.8	669.04
463.42	661.71
462.21	654.04
461.15	646.06
460.21	637.77
459.36	629.19
458.6	620.36
457.92	611.31
457.29	602.1
456.68	592.81
456.05	583.51
455.42	574.29
454.8	565.22
454.19	556.36
453.54	547.78
452.84	539.52
452.08	531.64
451.28	524.19
450.44	517.2
449.54	510.7
448.54	504.68
447.46	499.15
446.33	494.08
445.15	489.48
443.91	485.33
442.58	481.6
441.18	478.26
439.75	475.29
438.29	472.65
436.8	470.29
435.26	468.21
433.67	466.39
432.04	464.8
430.38	463.42
428.72	462.21
427.04	461.15
425.35	460.21
423.67	459.36
422	458.6
420.34	457.92
418.68	457.29
417.01	456.68
415.35	456.05
413.71	455.42
412.08	454.8
410.48	454.19
408.9	453.54
407.32	452.84
405.73	452.08
404.12	451.28
402.52	450.44
400.97	449.54
399.43	448.54
397.91	447.46
396.37	446.33
394.82	445.15
393.24	443.91
391.66	442.58
390.08	441.18
388.51	439.75
386.96	438.29
385.42	436.8
383.9	435.26
382.39	433.67
380.91	432.04
379.43	430.38
377.97	428.72
376.53	427.04
375.11	425.35
373.72	423.67
372.35	422
370.99	420.34
369.63	418.68
368.27	417.01
366.9	415.35
365.54	413.71
364.21	412.08
362.9	410.48
361.58	408.9
360.22	407.32
358.83	405.73
357.44	404.12
356.06	402.52
354.69	400.97
353.31	399.43
351.95	397.91
350.61	396.37
349.31	394.82
348.02	393.24
346.73	391.66
345.44	390.08
344.18	388.51
342.97	386.96
341.78	385.42
340.62	383.9
339.48	382.39
338.36	380.91
337.26	379.43
336.19	377.97
335.15	376.53
334.13	375.11
333.17	373.72
332.26	372.35
331.42	370.99
330.67	369.63
329.92	368.27
329.17	366.9
328.42	365.54
327.68	364.21
326.93	362.9
326.18	361.58
325.43	360.22
324.68	358.83
323.94	357.44
323.19	356.06
322.44	354.69
321.69	353.31
320.94	351.95
320.2	350.61
319.45	349.31
318.7	348.02
317.95	346.73
317.2	345.44
316.46	344.18
315.71	342.97
314.96	341.78
314.21	340.62
313.46	339.48
312.72	338.36
311.97	337.26
311.22	336.19
310.47	335.15
309.72	334.13
308.98	333.17
308.23	332.26
307.48	331.42
306.73	330.67
305.98	329.92
305.24	329.17
304.49	328.42
303.74	327.68
302.99	326.93
302.24	326.18
301.5	325.43
300.75	324.68
306.8	300
311.82	300
318.11	300
325.75	300
334.78	300
345.26	300
357.25	300
370.71	300
385.59	300
401.8	300
419.18	300
437.57	300
456.79	300
476.63	300
496.87	300
517.32	300
537.77	300
558.02	300
577.86	300
597.12	300
615.66	300
633.35	300
650.1	300
665.86	300
680.6	300
694.28	300
706.9	300
718.46	300
729	300
738.54	300
747.16	300
754.89	300
761.8	300
767.94	300
773.36	300
778.11	300
782.24	300
785.81	306.8
788.88	311.82
791.5	318.11
793.72	325.75
795.55	334.78
797.02	345.26
798.17	357.25
799.03	370.71
799.63	385.59
799.98	401.8
800.1	419.18
800.01	437.57
799.72	456.79
799.23	476.63
798.55	496.87
797.68	517.32
796.64	537.77
795.44	558.02
794.09	577.86
792.58	597.12
790.88	615.66
789.01	633.35
786.98	650.1
784.81	665.86
782.49	680.6
780	694.28
777.36	706.9
774.56	718.46
771.62	729
768.55	738.54
765.35	747.16
762.02	754.89
758.58	761.8
755.02	767.94
751.34	773.36
747.52	778.11
743.57	782.24
739.48	785.81
735.25	788.88
730.87	791.5
726.35	793.72
721.67	795.55
716.81	797.02
711.74	798.17
706.45	799.03
700.91	799.63
695.12	799.98
689.06	800.1
682.7	800.01
676.04	799.72
669.04	799.23
661.71	798.55
654.04	797.68
646.06	796.64
637.77	795.44
629.19	794.09
620.36	792.58
611.31	790.88
602.1	789.01
592.81	786.98
583.51	784.81
574.29	782.49
565.22	780
556.36	777.36
547.78	774.56
539.52	771.62
531.64	768.55
524.19	765.35
517.2	762.02
510.7	758.58
504.68	755.02
499.15	751.34
494.08	747.52
489.48	743.57
485.33	739.48
481.6	735.25
478.26	730.87
475.29	726.35
472.65	721.67
470.29	716.81
468.21	711.74
466.39	706.45
464.8	700.91
463.42	695.12
462.21	689.06
461.15	682.7
460.21	676.04
459.36	669.04
458.6	661.71
457.92	654.04
457.29	646.06
456.68	637.77
456.05	629.19
455.42	620.36
454.8	611.31
454.19	602.1
453.54	592.81
452.84	583.51
452.08	574.29
451.28	565.22
450.44	556.36
449.54	547.78
448.54	539.52
447.46	531.64
446.33	524.19
445.15	517.2
443.91	510.7
442.58	504.68
441.18	499.15
439.75	494.08
438.29	489.48
436.8	485.33
435.26	481.6
433.67	478.26
432.04	475.29
430.38	472.65
428.72	470.29
427.04	468.21
425.35	466.39
423.67	464.8
422	463.42
420.34	462.21
418.68	461.15
417.01	460.21
415.35	459.36
413.71	458.6
412.08	457.92
410.48	457.29
408.9	456.68
407.32	456.05
405.73	455.42
404.12	454.8
402.52	454.19
400.97	453.54
399.43	452.84
397.91	452.08
396.37	451.28
394.82	450.44
393.24	449.54
391.66	448.54
390.08	447.46
388.51	446.33
386.96	445.15
385.42	443.91
383.9	442.58
382.39	441.18
380.91	439.75
379.43	438.29
377.97	436.8
376.53	435.26
375.11	433.67
373.72	432.04
372.35	430.38
370.99	428.72
369.63	427.04
368.27	425.35
366.9	423.67
365.54	422
364.21	420.34
362.9	418.68
361.58	417.01
360.22	415.35
358.83	413.71
357.44	412.08
356.06	410.48
354.69	408.9
353.31	407.32
351.95	405.73
350.61	404.12
349.31	402.52
348.02	400.97
346.73	399.43
345.44	397.91
344.18	396.37
342.97	394.82
341.78	393.24
340.62	391.66
339.48	390.08
338.36	388.51
337.26	386.96
336.19	385.42
335.15	383.9
334.13	382.39
333.17	380.91
332.26	379.43
331.42	377.97
330.67	376.53
329.92	375.11
329.17	373.72
328.42	372.35
327.68	370.99
326.93	369.63
326.18	368.27
325.43	366.9
324.68	365.54
323.94	364.21
323.19	362.9
322.44	361.58
321.69	360.22
320.94	358.83
320.2	357.44
319.45	356.06
318.7	354.69
317.95	353.31
317.2	351.95
316.46	350.61
315.71	349.31
314.96	348.02
314.21	346.73
313.46	345.44
312.72	344.18
311.97	342.97
311.22	341.78
310.47	340.62
309.72	339.48
308.98	338.36
308.23	337.26
307.48	336.19
306.73	335.15
305.98	334.13
305.24	333.17
304.49	332.26
303.74	331.42
302.99	330.67
302.24	329.92
301.5	329.17
300.75	328.42
306.8	300
311.82	300
318.11	300
325.75	300
334.78	300
345.26	300
357.25	300
370.71	300
385.59	300
401.8	300
419.18	300
437.57	300
456.79	300
476.63	300
496.87	300
517.32	300
537.77	300
558.02	300
577.86	300
597.12	300
615.66	300
633.35	300
650.1	300
665.86	300
680.6	300
694.28	300
706.9	300
718.46	300
729	300
738.54	300
747.16	300
754.89	300
761.8	306.8
767.94	311.82
773.36	318.11
778.11	325.75
782.24	334.78
785.81	345.26
788.88	357.25
791.5	370.71
793.72	385.59
795.55	401.8
797.02	419.18
798.17	437.57
799.03	456.79
799.63	476.63
799.98	496.87
800.1	517.32
800.01	537.77
799.72	558.02
799.23	577.86
798.55	597.12
797.68	615.66
796.64	633.35
795.44	650.1
794.09	665.86
792.58	680.6
790.88	694.28
789.01	706.9
786.98	718.46
784.81	729
782.49	738.54
780	747.16
777.36	754.89
774.56	761.8
771.62	767.94
768.55	773.36
765.35	778.11
762.02	782.24
758.58	785.81
755.02	788.88
751.34	791.5
747.52	793.72
743.57	795.55
739.48	797.02
735.25	798.17
730.87	799.03
726.35	799.63
721.67	799.98
716.81	800.1
711.74	800.01
706.45	799.72
700.91	799.23
695.12	798.55
689.06	797.68
682.7	796.64
676.04	795.44
669.04	794.09
661.71	792.58
654.04	790.88
646.06	789.01
637.77	786.98
629.19	784.81
620.36	782.49
611.31	780
602.1	777.36
592.81	774.56
583.51	771.62
574.29	768.55
565.22	765.35
556.36	762.02
547.78	758.58
539.52	755.02
531.64	751.34
524.19	747.52
517.2	743.57
510.7	739.48
504.68	735.25
499.15	730.87
494.08	726.35
489.48	721.67
485.33	716.81
481.6	711.74
478.26	706.45
475.29	700.91
472.65	695.12
470.29	689.06
468.21	682.7
466.39	676.04
464.8	669.04
463.42	661.71
462.21	654.04
461.15	646.06
460.21	637.77
459.36	629.19
458.6	620.36
457.92	611.31
457.29	602.1
456.68	592.81
456.05	583.51
455.42	574.29
454.8	565.22
454.19	556.36
453.54	547.78
452.84	539.52
452.08	531.64
451.28	524.19
450.44	517.2
449.54	510.7
448.54	504.68
447.46	499.15
446.33	494.08
445.15	489.48
443.91	485.33
442.58	481.6
441.18	478.26
439.75	475.29
438.29	472.65
436.8	470.29
435.26	468.21
433.67	466.39
432.04	464.8
430.38	463.42
428.72	462.21
427.04	461.15
425.35	460.21
423.67	459.36
422	458.6
420.34	457.92
418.68	457.29
417.01	456.68
415.35	456.05
413.71	455.42
412.08	454.8
410.48	454.19
408.9	453.54
407.32	452.84
405.73	452.08
404.12	451.28
402.52	450.44
400.97	449.54
399.43	448.54
397.91	447.46
396.37	446.33
394.82	445.15
393.24	443.91
391.66	442.58
390.08	441.18
388.51	439.75
386.96	438.29
385.42	436.8
383.9	435.26
382.39	433.67
380.91	432.04
379.43	430.38
377.97	428.72
376.53	427.04
375.11	425.35
373.72	423.67
372.35	422
370.99	420.34
369.63	418.68
368.27	417.01
366.9	415.35
365.54	413.71
364.21	412.08
362.9	410.48
361.58	408.9
360.22	407.32
358.83	405.73
357.44	404.12
356.06	402.52
354.69	400.97
353.31	399.43
351.95	397.91
350.61	396.37
349.31	394.82
348.02	393.24
346.73	391.66
345.44	390.08
344.18	388.51
342.97	386.96
341.78	385.42
340.62	383.9
339.48	382.39
338.36	380.91
337.26	379.43
336.19	377.97
335.15	376.53
334.13	375.11
333.17	373.72
332.26	372.35
331.42	370.99
330.67	369.63
329.92	368.27
329.17	366.9
328.42	365.54
327.68	364.21
326.93	362.9
326.18	361.58
325.43	360.22
324.68	358.83
323.94	357.44
323.19	356.06
322.44	354.69
321.69	353.31
320.94	351.95
320.2	350.61
319.45	349.31
318.7	348.02
317.95	346.73
317.2	345.44
316.46	344.18
315.71	342.97
314.96	341.78
314.21	340.62
313.46	339.48
312.72	338.36
311.97	337.26
311.22	336.19
310.47	335.15
309.72	334.13
308.98	333.17
308.23	332.26
307.48	331.42
306.73	330.67
305.98	329.92
305.24	329.17
304.49	328.42
303.74	327.68
302.99	326.93
302.24	326.18
301.5	325.43
300.75	324.68
306.8	300
311.82	300
318.11	300
325.75	300
334.78	300
345.26	300
357.25	300
370.71	300
385.59	300
401.8	300
419.18	300
437.57	300
456.79	300
476.63	300
496.87	300
517.32	300
537.77	300
558.02	300
577.86	300
597.12	300
615.66	300
633.35	300
650.1	300
665.86	300
680.6	300
694.28	300
706.9	300
718.46	300
729	300
738.54	306.8
747.16	311.82
754.89	318.11
761.8	325.75
767.94	334.78
773.36	345.26
778.11	357.25
782.24	370.71
785.81	385.59
788.88	401.8
791.5	419.18
793.72	437.57
795.55	456.79
797.02	476.63
798.17	496.87
799.03	517.32
799.63	537.77
799.98	558.02
800.1	577.86
800.01	597.12
799.72	615.66
799.23	633.35
798.55	650.1
797.68	665.86
796.64	680.6
795.44	694.28
794.09	706.9
792.58	718.46
790.88	729
789.01	738.54
786.98	747.16
784.81	754.89
782.49	761.8
780	767.94
777.36	773.36
774.56	778.11
771.62	782.24
768.55	785.81
765.35	788.88
762.02	791.5
758.58	793.72
755.02	795.55
751.34	797.02
747.52	798.17
743.57	799.03
739.48	799.63
735.25	799.98
730.87	800.1
726.35	800.01
721.67	799.72
716.81	799.23
711.74	798.55
706.45	797.68
700.91	796.64
695.12	795.44
689.06	794.09
682.7	792.58
676.04	790.88
669.04	789.01
661.71	786.98
654.04	784.81
646.06	782.49
637.77	780
629.19	777.36
620.36	774.56
611.31	771.62
602.1	768.55
592.81	765.35
583.51	762.02
574.29	758.58
565.22	755.02
556.36	751.34
547.78	747.52
539.52	743.57
531.64	739.48
524.19	735.25
517.2	730.87
510.7	726.35
504.68	721.67
499.15	716.81
494.08	711.74
489.48	706.45
485.33	700.91
481.6	695.12
478.26	689.06
475.29	682.7
472.65	676.04
470.29	669.04
468.21	661.71
466.39	654.04
464.8	646.06
463.42	637.77
462.21	629.19
461.15	620.36
460.21	611.31
459.36	602.1
458.6	592.81
457.92	583.51
457.29	574.29
456.68	565.22
456.05	556.36
455.42	547.78
454.8	539.52
454.19	531.64
453.54	524.19
452.84	517.2
452.08	510.7
451.28	504.68
450.44	499.15
449.54	494.08
448.54	489.48
447.46	485.33
446.33	481.6
445.15	478.26
443.91	475.29
442.58	472.65
441.18	470.29
439.75	468.21
438.29	466.39
436.8	464.8
435.26	463.42
433.67	462.21
432.04	461.15
430.38	460.21
428.72	459.36
427.04	458.6
425.35	457.92
423.67	457.29
422	456.68
420.34	456.05
418.68	455.42
417.01	454.8
415.35	454.19
413.71	453.54
412.08	452.84
410.48	452.08
408.9	451.28
407.32	450.44
405.73	449.54
404.12	448.54
402.52	447.46
400.97	446.33
399.43	445.15
397.91	443.91
396.37	442.58
394.82	441.18
393.24	439.75
391.66	438.29
390.08	436.8
388.51	435.26
386.96	433.67
385.42	432.04
383.9	430.38
382.39	428.72
380.91	427.04
379.43	425.35
377.97	423.67
376.53	422
375.11	420.34
373.72	418.68
372.35	417.01
370.99	415.35
369.63	413.71
368.27	412.08
366.9	410.48
365.54	408.9
364.21	407.32
362.9	405.73
361.58	404.12
360.22	402.52
358.83	400.97
357.44	399.43
356.06	397.91
354.69	396.37
353.31	394.82
351.95	393.24
350.61	391.66
349.31	390.08
348.02	388.51
346.73	386.96
345.44	385.42
344.18	383.9
342.97	382.39
341.78	380.91
340.62	379.43
339.48	377.97
338.36	376.53
337.26	375.11
336.19	373.72
335.15	372.35
334.13	370.99
333.17	369.63
332.26	368.27
331.42	366.9
330.67	365.54
329.92	364.21
329.17	362.9
328.42	361.58
327.68	360.22
326.93	358.83
326.18	357.44
325.43	356.06
324.68	354.69
323.94	353.31
323.19	351.95
322.44	350.61
321.69	349.31
320.94	348.02
320.2	346.73
319.45	345.44
318.7	344.18
317.95	342.97
317.2	341.78
316.46	340.62
315.71	339.48
314.96	338.36
314.21	337.26
313.46	336.19
312.72	335.15
311.97	334.13
311.22	333.17
310.47	332.26
309.72	331.42
308.98	330.67
308.23	329.92
307.48	329.17
306.73	328.42
305.98	327.68
305.24	326.93
304.49	326.18
303.74	325.43
302.99	324.68
302.24	323.94
301.5	323.19
300.75	322.44
306.8	300
311.82	300
318.11	300
325.75	300
334.78	300
345.26	300
357.25	300
370.71	300
385.59	300
401.8	300
419.18	300
437.57	300
456.79	300
476.63	300
496.87	300
517.32	300
537.77	300
558.02	300
577.86	300
597.12	300
615.66	300
633.35	300
650.1	300
665.86	300
680.6	300
694.28	300
706.9	300
718.46	300
729	300
738.54	300
747.16	300
754.89	300
761.8	300
767.94	300
773.36	306.8
778.11	311.82
782.24	318.11
785.81	325.75
788.88	334.78
791.5	345.26
793.72	357.25
795.55	370.71
797.02	385.59
798.17	401.8
799.03	419.18
799.63	437.57
799.98	456.79
800.1	476.63
800.01	496.87
799.72	517.32
799.23	537.77
798.55	558.02
797.68	577.86
796.64	597.12
795.44	615.66
794.09	633.35
792.58	650.1
790.88	665.86
789.01	680.6
786.98	694.28
784.81	706.9
782.49	718.46
780	729
777.36	738.54
774.56	747.16
771.62	754.89
768.55	761.8
765.35	767.94
762.02	773.36
758.58	778.11
755.02	782.24
751.34	785.81
747.52	788.88
743.57	791.5
739.48	793.72
735.25	795.55
730.87	797.02
726.35	798.17
721.67	799.03
716.81	799.63
711.74	799.98
706.45	800.1
700.91	800.01
695.12	799.72
689.06	799.23
682.7	798.55
676.04	797.68
669.04	796.64
661.71	795.44
654.04	794.09
646.06	792.58
637.77	790.88
629.19	789.01
620.36	786.98
611.31	784.81
602.1	782.49
592.81	780
583.51	777.36
574.29	774.56
565.22	771.62
556.36	768.55
547.78	765.35
539.52	762.02
531.64	758.58
524.19	755.02
517.2	751.34
510.7	747.52
504.68	743.57
499.15	739.48
494.08	735.25
489.48	730.87
485.33	726.35
481.6	721.67
478.26	716.81
475.29	711.74
472.65	706.45
470.29	700.91
468.21	695.12
466.39	689.06
464.8	682.7
463.42	676.04
462.21	669.04
461.15	661.71
460.21	654.04
459.36	646.06
458.6	637.77
457.92	629.19
457.29	620.36
456.68	611.31
456.05	602.1
455.42	592.81
454.8	583.51
454.19	574.29
453.54	565.22
452.84	556.36
452.08	547.78
451.28	539.52
450.44	531.64
449.54	524.19
448.54	517.2
447.46	510.7
446.33	504.68
445.15	499.15
443.91	494.08
442.58	489.48
441.18	485.33
439.75	481.6
438.29	478.26
436.8	475.29
435.26	472.65
433.67	470.29
432.04	468.21
430.38	466.39
428.72	464.8
427.04	463.42
425.35	462.21
423.67	461.15
422	460.21
420.34	459.36
418.68	458.6
417.01	457.92
415.35	457.29
413.71	456.68
412.08	456.05
410.48	455.42
408.9	454.8
407.32	454.19
405.73	453.54
404.12	452.84
402.52	452.08
400.97	451.28
399.43	450.44
397.91	449.54
396.37	448.54
394.82	447.46
393.24	446.33
391.66	445.15
390.08	443.91
388.51	442.58
386.96	441.18
385.42	439.75
383.9	438.29
382.39	436.8
380.91	435.26
379.43	433.67
377.97	432.04
376.53	430.38
375.11	428.72
373.72	427.04
372.35	425.35
370.99	423.67
369.63	422
368.27	420.34
366.9	418.68
365.54	417.01
364.21	415.35
362.9	413.71
361.58	412.08
360.22	410.48
358.83	408.9
357.44	407.32
356.06	405.73
354.69	404.12
353.31	402.52
351.95	400.97
350.61	399.43
349.31	397.91
348.02	396.37
346.73	394.82
345.44	393.24
344.18	391.66
342.97	390.08
341.78	388.51
340.62	386.96
339.48	385.42
338.36	383.9
337.26	382.39
336.19	380.91
335.15	379.43
334.13	377.97
333.17	376.53
332.26	375.11
331.42	373.72
330.67	372.35
329.92	370.99
329.17	369.63
328.42	368.27
327.68	366.9
326.93	365.54
326.18	364.21
325.43	362.9
324.68	361.58
323.94	360.22
323.19	358.83
322.44	357.44
321.69	356.06
320.94	354.69
320.2	353.31
319.45	351.95
318.7	350.61
317.95	349.31
317.2	348.02
316.46	346.73
315.71	345.44
314.96	344.18
314.21	342.97
313.46	341.78
312.72	340.62
311.97	339.48
311.22	338.36
310.47	337.26
309.72	336.19
308.98	335.15
308.23	334.13
307.48	333.17
306.73	332.26
305.98	331.42
305.24	330.67
304.49	329.92
303.74	329.17
302.99	328.42
302.24	327.68
301.5	326.93
300.75	326.18
306.8	300
311.82	300
318.11	300
325.75	300
334.78	300
345.26	300
357.25	300
370.71	300
385.59	300
401.8	300
419.18	300
437.57	300
456.79	300
476.63	300
496.87	300
517.32	300
537.77	300
558.02	300
577.86	300
597.12	300
615.66	300
633.35	300
650.1	300
665.86	300
680.6	300
694.28	300
706.9	300
718.46	300
729	300
738.54	300
747.16	300
754.89	300
761.8	300
767.94	306.8
773.36	311.82
778.11	318.11
782.24	325.75
785.81	334.78
788.88	345.26
791.5	357.25
793.72	370.71
795.55	385.59
797.02	401.8
798.17	419.18
799.03	437.57
799.63	456.79
799.98	476.63
800.1	496.87
800.01	517.32
799.72	537.77
799.23	558.02
798.55	577.86
797.68	597.12
796.64	615.66
795.44	633.35
794.09	650.1
792.58	665.86
790.88	680.6
789.01	694.28
786.98	706.9
784.81	718.46
782.49	729
780	738.54
777.36	747.16
774.56	754.89
771.62	761.8
768.55	767.94
765.35	773.36
762.02	778.11
758.58	782.24
755.02	785.81
751.34	788.88
747.52	791.5
743.57	793.72
739.48	795.55
735.25	797.02
730.87	798.17
726.35	799.03
721.67	799.63
716.81	799.98
711.74	800.1
706.45	800.01
700.91	799.72
695.12	799.23
689.06	798.55
682.7	797.68
676.04	796.64
669.04	795.44
661.71	794.09
654.04	792.58
646.06	790.88
637.77	789.01
629.19	786.98
620.36	784.81
611.31	782.49
602.1	780
592.81	777.36
583.51	774.56
574.29	771.62
565.22	768.55
556.36	765.35
547.78	762.02
539.52	758.58
531.64	755.02
524.19	751.34
517.2	747.52
510.7	743.57
504.68	739.48
499.15	735.25
494.08	730.87
489.48	726.35
485.33	721.67
481.6	716.81
478.26	711.74
475.29	706.45
472.65	700.91
470.29	695.12
468.21	689.06
466.39	682.7
464.8	676.04
463.42	669.04
462.21	661.71
461.15	654.04
460.21	646.06
459.36	637.77
458.6	629.19
457.92	620.36
457.29	611.31
456.68	602.1
456.05	592.81
455.42	583.51
454.8	574.29
454.19	565.22
453.54	556.36
452.84	547.78
452.08	539.52
451.28	531.64
450.44	524.19
449.54	517.2
448.54	510.7
447.46	504.68
446.33	499.15
445.15	494.08
443.91	489.48
442.58	485.33
441.18	481.6
439.75	478.26
438.29	475.29
436.8	472.65
435.26	470.29
433.67	468.21
432.04	466.39
430.38	464.8
428.72	463.42
427.04	462.21
425.35	461.15
423.67	460.21
422	459.36
420.34	458.6
418.68	457.92
417.01	457.29
415.35	456.68
413.71	456.05
412.08	455.42
410.48	454.8
408.9	454.19
407.32	453.54
405.73	452.84
404.12	452.08
402.52	451.28
400.97	450.44
399.43	449.54
397.91	448.54
396.37	447.46
394.82	446.33
393.24	445.15
391.66	443.91
390.08	442.58
388.51	441.18
386.96	439.75
385.42	438.29
383.9	436.8
382.39	435.26
380.91	433.67
379.43	432.04
377.97	430.38
376.53	428.72
375.11	427.04
373.72	425.35
372.35	423.67
370.99	422
369.63	420.34
368.27	418.68
366.9	417.01
365.54	415.35
364.21	413.71
362.9	412.08
361.58	410.48
360.22	408.9
358.83	407.32
357.44	405.73
356.06	404.12
354.69	402.52
353.31	400.97
351.95	399.43
350.61	397.91
349.31	396.37
348.02	394.82
346.73	393.24
345.44	391.66
344.18	390.08
342.97	388.51
341.78	386.96
340.62	385.42
339.48	383.9
338.36	382.39
337.26	380.91
336.19	379.43
335.15	377.97
334.13	376.53
333.17	375.11
332.26	373.72
331.42	372.35
330.67	370.99
329.92	369.63
329.17	368.27
328.42	366.9
327.68	365.54
326.93	364.21
326.18	362.9
325.43	361.58
324.68	360.22
323.94	358.83
323.19	357.44
322.44	356.06
321.69	354.69
320.94	353.31
320.2	351.95
319.45	350.61
318.7	349.31
317.95	348.02
317.2	346.73
316.46	345.44
315.71	344.18
314.96	342.97
314.21	341.78
313.46	340.62
312.72	339.48
311.97	338.36
311.22	337.26
310.47	336.19
309.72	335.15
308.98	334.13
308.23	333.17
307.48	332.26
306.73	331.42
305.98	330.67
305.24	329.92
304.49	329.17
303.74	328.42
302.99	327.68
302.24	326.93
301.5	326.18
300.75	325.43
