25600
26112
26752
27584
28672
30016
31552
33280
35200
37184
39232
41280
43200
44992
46592
48000
49152
50048
50688
51072
51200
51136
50880
50432
49856
49152
48320
47488
46592
45696
44736
43840
42944
42112
41344
40704
40128
39616
39168
38784
38528
38336
38272
38208
38208
38272
38400
38528
38720
38912
39104
39232
39360
39424
39424
39360
39232
39040
38720
38400
38016
37568
37120
36608
36160
35776
35392
35072
34752
34560
34432
34368
34304
34304
34304
34368
34496
34624
34752
34880
35072
35200
35328
35456
35520
35584
35584
35584
35520
35456
35328
35200
35072
34880
34688
34496
34240
33984
33728
33408
33152
32896
32640
32384
32128
31808
31552
31296
31104
30848
30592
30400
30208
30016
29824
29632
29504
29376
29248
29120
28992
28864
28800
28672
28608
28544
28480
28416
28352
28288
28224
28160
28096
28096
28032
27968
27904
27840
27840
27776
27712
27648
27584
27520
27456
27392
27328
27264
27200
27136
27008
26880
26816
26688
26624
26560
26432
26304
26176
26048
25984
25920
25856
25728
25664
25600
25600
25600
25600
25600
25664
25792
25856
25664
25600
25984
26752
27648
28672
30016
31552
33280
35200
37184
39232
41280
43200
44992
46592
48000
49152
50048
50688
51072
51200
51136
50880
50432
49856
49152
48320
47488
46592
45696
44736
43840
42944
42112
41344
40704
40128
39616
39168
38784
38528
38336
38272
38208
38208
38272
38400
38528
38720
38912
39104
39232
39360
39424
39424
39360
39232
39040
38720
38400
38016
37568
37120
36608
36160
35776
35392
35072
34752
34560
34432
34368
34304
34304
34304
34368
34496
34624
34752
34880
35072
35200
35328
35456
35520
35584
35584
35584
35520
35456
35328
35200
35072
34880
34688
34496
34240
33984
33728
33408
33152
32896
32640
32384
32128
31808
31552
31296
31104
30848
30592
30400
30208
30016
29824
29632
29504
29376
29248
29120
28992
28864
28800
28672
28608
28544
28480
28416
28352
28288
28224
28160
28096
28096
28032
27968
27904
27840
27840
27776
27712
27648
27584
27520
27456
27392
27328
27264
27200
27136
27008
26880
26816
26688
26624
26560
26432
26304
26176
26048
25984
25920
25856
25728
25664
25600
25600
25600
25600
25600
25664
25792
25856
25664
25600
25984
26752
27648
28672
30016
31552
33280
35200
37184
39232
41280
43200
44992
46592
48000
49152
50048
50688
51072
51200
51136
50880
50432
49856
49152
48320
47488
46592
45696
44736
43840
42944
42112
41344
40704
40128
39616
39168
38784
38528
38336
38272
38208
38208
38272
38400
38528
38720
38912
39104
39232
39360
39424
39424
39360
39232
39040
38720
38400
38016
37568
37120
36608
36160
35776
35392
35072
34752
34560
34432
34368
34304
34304
34304
34368
34496
34624
34752
34880
35072
35200
35328
35456
35520
35584
35584
35584
35520
35456
35328
35200
35072
34880
34688
34496
34240
33984
33728
33408
33152
32896
32640
32384
32128
31808
31552
31296
31104
30848
30592
30400
30208
30016
29824
29632
29504
29376
29248
29120
28992
28864
28800
28672
28608
28544
28480
28416
28352
28288
28224
28160
28096
28096
28032
27968
27904
27840
27840
27776
27712
27648
27584
27520
27456
27392
27328
27264
27200
27136
27008
26880
26816
26688
26624
26560
26432
26304
26176
26048
25984
25920
25856
25728
25664
25600
25600
25600
25600
25600
25664
25792
25856
25664
25600
25984
26752
27648
28672
30016
31552
33280
35200
37184
39232
41280
43200
44992
46592
48000
49152
50048
50688
51072
51200
51136
50880
50432
49856
49152
48320
47488
46592
45696
44736
43840
42944
42112
41344
40704
40128
39616
39168
38784
38528
38336
38272
38208
38208
38272
38400
38528
38720
38912
39104
39232
39360
39424
39424
39360
39232
39040
38720
38400
38016
37568
37120
36608
36160
35776
35392
35072
34752
34560
34432
34368
34304
34304
34304
34368
34496
34624
34752
34880
35072
35200
35328
35456
35520
35584
35584
35584
35520
35456
35328
35200
35072
34880
34688
34496
34240
33984
33728
33408
33152
32896
32640
32384
32128
31808
31552
31296
31104
30848
30592
30400
30208
30016
29824
29632
29504
29376
29248
29120
28992
28864
28800
28672
28608
28544
28480
28416
28352
28288
28224
28160
28096
28096
28032
27968
27904
27840
27840
27776
27712
27648
27584
27520
27456
27392
27328
27264
27200
27136
27008
26880
26816
26688
26624
26560
26432
26304
26176
26048
25984
25920
25856
25728
25664
25600
25600
25600
25600
25600
25664
25792
25856
25664
25600
25984
26752
27648
28672
30016
31552
33280
35200
37184
39232
41280
43200
44992
46592
48000
49152
50048
50688
51072
51200
51136
50880
50432
49856
49152
48320
47488
46592
45696
44736
43840
42944
42112
41344
40704
40128
39616
39168
38784
38528
38336
38272
38208
38208
38272
38400
38528
38720
38912
39104
39232
39360
39424
39424
39360
39232
39040
38720
38400
38016
37568
37120
36608
36160
35776
35392
35072
34752
34560
34432
34368
34304
34304
34304
34368
34496
34624
34752
34880
35072
35200
35328
35456
35520
35584
35584
35584
35520
35456
35328
35200
35072
34880
34688
34496
34240
33984
33728
33408
33152
32896
32640
32384
32128
31808
31552
31296
31104
30848
30592
30400
30208
30016
29824
29632
29504
29376
29248
29120
28992
28864
28800
28672
28608
28544
28480
28416
28352
28288
28224
28160
28096
28096
28032
27968
27904
27840
27840
27776
27712
27648
27584
27520
27456
27392
27328
27264
27200
27136
27008
26880
26816
26688
26624
26560
26432
26304
26176
26048
25984
25920
25856
25728
25664
25600
25600
25600
25600
25600
25664
25792
25856
25664
25600
25984
26752
27648
28672
30016
31552
33280
35200
37184
39232
41280
43200
44992
46592
48000
49152
50048
50688
51072
51200
51136
50880
50432
49856
49152
48320
47488
46592
45696
44736
43840
42944
42112
41344
40704
40128
39616
39168
38784
38528
38336
38272
38208
38208
38272
38400
38528
38720
38912
39104
39232
39360
39424
39424
39360
39232
39040
38720
38400
38016
37568
37120
36608
36160
35776
35392
35072
34752
34560
34432
34368
34304
34304
34304
34368
34496
34624
34752
34880
35072
35200
35328
35456
35520
35584
35584
35584
35520
35456
35328
35200
35072
34880
34688
34496
34240
33984
33728
33408
33152
32896
32640
32384
32128
31808
31552
31296
31104
30848
30592
30400
30208
30016
29824
29632
29504
29376
29248
29120
28992
28864
28800
28672
28608
28544
28480
28416
28352
28288
28224
28160
28096
28096
28032
27968
27904
27840
27840
27776
27712
27648
27584
27520
27456
27392
27328
27264
27200
27136
27008
26880
26816
26688
26624
26560
26432
26304
26176
26048
25984
25920
25856
25728
25664
25600
25600
25600
25600
25600
25664
25792
25856
25664
25600
25984
26752
27648
28672
30016
31552
33280
35200
37184
39232
41280
43200
44992
46592
48000
49152
50048
50688
51072
51200
51136
50880
50432
49856
49152
48320
47488
46592
45696
44736
43840
42944
42112
41344
40704
40128
39616
39168
38784
38528
38336
38272
38208
38208
38272
38400
38528
38720
38912
39104
39232
39360
39424
39424
39360
39232
39040
38720
38400
38016
37568
37120
36608
36160
35776
35392
35072
34752
34560
34432
34368
34304
34304
34304
34368
34496
34624
34752
34880
35072
35200
35328
35456
35520
35584
35584
35584
35520
35456
35328
35200
35072
34880
34688
34496
34240
33984
33728
33408
33152
32896
32640
32384
32128
31808
31552
31296
31104
30848
30592
30400
30208
30016
29824
29632
29504
29376
29248
29120
28992
28864
28800
28672
28608
28544
28480
28416
28352
28288
28224
28160
28096
28096
28032
27968
27904
27840
27840
27776
27712
27648
27584
27520
27456
27392
27328
27264
27200
27136
27008
26880
26816
26688
26624
26560
26432
26304
26176
26048
25984
25920
25856
25728
25664
25600
25600
25600
25600
25600
25664
25792
25856
25664
25600
25984
26752
27648
28672
30016
31552
33280
35200
37184
39232
41280
43200
44992
46592
48000
49152
50048
50688
51072
51200
51136
50880
50432
49856
49152
48320
47488
46592
45696
44736
43840
42944
42112
41344
40704
40128
39616
39168
38784
38528
38336
38272
38208
38208
38272
38400
38528
38720
38912
39104
39232
39360
39424
39424
39360
39232
39040
38720
38400
38016
37568
37120
36608
36160
35776
35392
35072
34752
34560
34432
34368
34304
34304
34304
34368
34496
34624
34752
34880
35072
35200
35328
35456
35520
35584
35584
35584
35520
35456
35328
35200
35072
34880
34688
34496
34240
33984
33728
33408
33152
32896
32640
32384
32128
31808
31552
31296
31104
30848
30592
30400
30208
30016
29824
29632
29504
29376
29248
29120
28992
28864
28800
28672
28608
28544
28480
28416
28352
28288
28224
28160
28096
28096
28032
27968
27904
27840
27840
27776
27712
27648
27584
27520
27456
27392
27328
27264
27200
27136
27008
26880
26816
26688
26624
26560
26432
26304
26176
26048
25984
25920
25856
25728
25664
25600
25600
25600
25600
25600
25664
25792
25856
25664
25600
25984
26752
27648
28672
30016
31552
33280
35200
37184
39232
41280
43200
44992
46592
48000
49152
50048
50688
51072
51200
51136
50880
50432
49856
49152
48320
47488
46592
45696
44736
43840
42944
42112
41344
40704
40128
39616
39168
38784
38528
38336
38272
38208
38208
38272
38400
38528
38720
38912
39104
39232
39360
39424
39424
39360
39232
39040
38720
38400
38016
37568
37120
36608
36160
35776
35392
35072
34752
34560
34432
34368
34304
34304
34304
34368
34496
34624
34752
34880
35072
35200
35328
35456
35520
35584
35584
35584
35520
35456
35328
35200
35072
34880
34688
34496
34240
33984
33728
33408
33152
32896
32640
32384
32128
31808
31552
31296
31104
30848
30592
30400
30208
30016
29824
29632
29504
29376
29248
29120
28992
28864
28800
28672
28608
28544
28480
28416
28352
28288
28224
28160
28096
28096
28032
27968
27904
27840
27840
27776
27712
27648
27584
27520
27456
27392
27328
27264
27200
27136
27008
26880
26816
26688
26624
26560
26432
26304
26176
26048
25984
25920
25856
25728
25664
25600
25600
25600
25600
25600
25664
25792
25856
25664
25600
25984
26752
27648
28672
30016
31552
33280
35200
37184
39232
41280
43200
44992
46592
48000
49152
50048
50688
51072
51200
51136
50880
50432
49856
49152
48320
47488
46592
45696
44736
43840
42944
42112
41344
40704
40128
39616
39168
38784
38528
38336
38272
38208
38208
38272
38400
38528
38720
38912
39104
39232
39360
39424
39424
39360
39232
39040
38720
38400
38016
37568
37120
36608
36160
35776
35392
35072
34752
34560
34432
34368
34304
34304
34304
34368
34496
34624
34752
34880
35072
35200
35328
35456
35520
35584
35584
35584
35520
35456
35328
35200
35072
34880
34688
34496
34240
33984
33728
33408
33152
32896
32640
32384
32128
31808
31552
31296
31104
30848
30592
30400
30208
30016
29824
29632
29504
29376
29248
29120
28992
28864
28800
28672
28608
28544
28480
28416
28352
28288
28224
28160
28096
28096
28032
27968
27904
27840
27840
27776
27712
27648
27584
27520
27456
27392
27328
27264
27200
27136
27008
26880
26816
26688
26624
26560
26432
26304
26176
26048
25984
25920
25856
25728
25664
25600
25600
25600
25600
25600
25664
25792
25856
25664
25600
25984
26752
27648
28672
30016
31552
33280
35200
37184
39232
41280
43200
44992
46592
48000
49152
50048
50688
51072
51200
51136
50880
50432
49856
49152
48320
47488
46592
45696
44736
43840
42944
42112
41344
40704
40128
39616
39168
38784
38528
38336
38272
38208
38208
38272
38400
38528
38720
38912
39104
39232
39360
39424
39424
39360
39232
39040
38720
38400
38016
37568
37120
36608
36160
35776
35392
35072
34752
34560
34432
34368
34304
34304
34304
34368
34496
34624
34752
34880
35072
35200
35328
35456
35520
35584
35584
35584
35520
35456
35328
35200
35072
34880
34688
34496
34240
33984
33728
33408
33152
32896
32640
32384
32128
31808
31552
31296
31104
30848
30592
30400
30208
30016
29824
29632
29504
29376
29248
29120
28992
28864
28800
28672
28608
28544
28480
28416
28352
28288
28224
28160
28096
28096
28032
27968
27904
27840
27840
27776
27712
27648
27584
27520
27456
27392
27328
27264
27200
27136
27008
26880
26816
26688
26624
26560
26432
26304
26176
26048
25984
25920
25856
25728
25664
25600
25600
25600
25600
25600
25664
25792
25856
25664
25600
25984
26752
27648
28672
30016
31552
33280
35200
37184
39232
41280
43200
44992
46592
48000
49152
50048
50688
51072
51200
51136
50880
50432
49856
49152
48320
47488
46592
45696
44736
43840
42944
42112
41344
40704
40128
39616
39168
38784
38528
38336
38272
38208
38208
38272
38400
38528
38720
38912
39104
39232
39360
39424
39424
39360
39232
39040
38720
38400
38016
37568
37120
36608
36160
35776
35392
35072
34752
34560
34432
34368
34304
34304
34304
34368
34496
34624
34752
34880
35072
35200
35328
35456
35520
35584
35584
35584
35520
35456
35328
35200
35072
34880
34688
34496
34240
33984
33728
33408
33152
32896
32640
32384
32128
31808
31552
31296
31104
30848
30592
30400
30208
30016
29824
29632
29504
29376
29248
29120
28992
28864
28800
28672
28608
28544
28480
28416
28352
28288
28224
28160
28096
28096
28032
27968
27904
27840
27840
27776
27712
27648
27584
27520
27456
27392
27328
27264
27200
27136
27008
26880
26816
26688
26624
26560
26432
26304
26176
26048
25984
25920
25856
25728
25664
25600
25600
25600
25600
25600
25664
25792
25856
25664
25600
25984
26752
27648
28672
30016
31552
33280
35200
37184
39232
41280
43200
44992
46592
48000
49152
50048
50688
51072
51200
51136
50880
50432
49856
49152
48320
47488
46592
45696
44736
43840
42944
42112
41344
40704
40128
39616
39168
38784
38528
38336
38272
38208
38208
38272
38400
38528
38720
38912
39104
39232
39360
39424
39424
39360
39232
39040
38720
38400
38016
37568
37120
36608
36160
35776
35392
35072
34752
34560
34432
34368
34304
34304
34304
34368
34496
34624
34752
34880
35072
35200
35328
35456
35520
35584
35584
35584
35520
35456
35328
35200
35072
34880
34688
34496
34240
33984
33728
33408
33152
32896
32640
32384
32128
31808
31552
31296
31104
30848
30592
30400
30208
30016
29824
29632
29504
29376
29248
29120
28992
28864
28800
28672
28608
28544
28480
28416
28352
28288
28224
28160
28096
28096
28032
27968
27904
27840
27840
27776
27712
27648
27584
27520
27456
27392
27328
27264
27200
27136
27008
26880
26816
26688
26624
26560
26432
26304
26176
26048
25984
25920
25856
25728
25664
25600
25600
25600
25600
25600
25664
25792
25856
25664
25600
25984
26752
27648
28672
30016
31552
33280
35200
37184
39232
41280
43200
44992
46592
48000
49152
50048
50688
51072
51200
51136
50880
50432
49856
49152
48320
47488
46592
45696
44736
43840
42944
42112
41344
40704
40128
39616
39168
38784
38528
38336
38272
38208
38208
38272
38400
38528
38720
38912
39104
39232
39360
39424
39424
39360
39232
39040
38720
38400
38016
37568
37120
36608
36160
35776
35392
35072
34752
34560
34432
34368
34304
34304
34304
34368
34496
34624
34752
34880
35072
35200
35328
35456
35520
35584
35584
35584
35520
35456
35328
35200
35072
34880
34688
34496
34240
33984
33728
33408
33152
32896
32640
32384
32128
31808
31552
31296
31104
30848
30592
30400
30208
30016
29824
29632
29504
29376
29248
29120
28992
28864
28800
28672
28608
28544
28480
28416
28352
28288
28224
28160
28096
28096
28032
27968
27904
27840
27840
27776
27712
27648
27584
27520
27456
27392
27328
27264
27200
27136
27008
26880
26816
26688
26624
26560
26432
26304
26176
26048
25984
25920
25856
25728
25664
25600
25600
25600
25600
25600
25664
25792
25856
25664
25600
25984
26752
27648
28672
30016
31552
33280
35200
37184
39232
41280
43200
44992
46592
48000
49152
50048
50688
51072
51200
51136
50880
50432
49856
49152
48320
47488
46592
45696
44736
43840
42944
42112
41344
40704
40128
39616
39168
38784
38528
38336
38272
38208
38208
38272
38400
38528
38720
38912
39104
39232
39360
39424
39424
39360
39232
39040
38720
38400
38016
37568
37120
36608
36160
35776
35392
35072
34752
34560
34432
34368
34304
34304
34304
34368
34496
34624
34752
34880
35072
35200
35328
35456
35520
35584
35584
35584
35520
35456
35328
35200
35072
34880
34688
34496
34240
33984
33728
33408
33152
32896
32640
32384
32128
31808
31552
31296
31104
30848
30592
30400
30208
30016
29824
29632
29504
29376
29248
29120
28992
28864
28800
28672
28608
28544
28480
28416
28352
28288
28224
28160
28096
28096
28032
27968
27904
27840
27840
27776
27712
27648
27584
27520
27456
27392
27328
27264
27200
27136
27008
26880
26816
26688
26624
26560
26432
26304
26176
26048
25984
25920
25856
25728
25664
25600
25600
25600
25600
25600
25664
25792
25856
25664
25600
25984
26752
27648
28672
30016
31552
33280
35200
37184
39232
41280
43200
44992
46592
48000
49152
50048
50688
51072
51200
51136
50880
50432
49856
49152
48320
47488
46592
45696
44736
43840
42944
42112
41344
40704
40128
39616
39168
38784
38528
38336
38272
38208
38208
38272
38400
38528
38720
38912
39104
39232
39360
39424
39424
39360
39232
39040
38720
38400
38016
37568
37120
36608
36160
35776
35392
35072
34752
34560
34432
34368
34304
34304
34304
34368
34496
34624
34752
34880
35072
35200
35328
35456
35520
35584
35584
35584
35520
35456
35328
35200
35072
34880
34688
34496
34240
33984
33728
33408
33152
32896
32640
32384
32128
31808
31552
31296
31104
30848
30592
30400
30208
30016
29824
29632
29504
29376
29248
29120
28992
28864
28800
28672
28608
28544
28480
28416
28352
28288
28224
28160
28096
28096
28032
27968
27904
27840
27840
27776
27712
27648
27584
27520
27456
27392
27328
27264
27200
27136
27008
26880
26816
26688
26624
26560
26432
26304
26176
26048
25984
25920
25856
25728
25664
25600
25600
25600
25600
25600
25664
25792
25856
25664
25600
25984
26752
27648
28672
30016
31552
33280
35200
37184
39232
41280
43200
44992
46592
48000
49152
50048
50688
51072
51200
51136
50880
50432
49856
49152
48320
47488
46592
45696
44736
43840
42944
42112
41344
40704
40128
39616
39168
38784
38528
38336
38272
38208
38208
38272
38400
38528
38720
38912
39104
39232
39360
39424
39424
39360
39232
39040
38720
38400
38016
37568
37120
36608
36160
35776
35392
35072
34752
34560
34432
34368
34304
34304
34304
34368
34496
34624
34752
34880
35072
35200
35328
35456
35520
35584
35584
35584
35520
35456
35328
35200
35072
34880
34688
34496
34240
33984
33728
33408
33152
32896
32640
32384
32128
31808
31552
31296
31104
30848
30592
30400
30208
30016
29824
29632
29504
29376
29248
29120
28992
28864
28800
28672
28608
28544
28480
28416
28352
28288
28224
28160
28096
28096
28032
27968
27904
27840
27840
27776
27712
27648
27584
27520
27456
27392
27328
27264
27200
27136
27008
26880
26816
26688
26624
26560
26432
26304
26176
26048
25984
25920
25856
25728
25664
25600
25600
25600
25600
25600
25664
25792
25856
25664
25600
25984
26752
27648
28672
30016
31552
33280
35200
37184
39232
41280
43200
44992
46592
48000
49152
50048
50688
51072
51200
51136
50880
50432
49856
49152
48320
47488
46592
45696
44736
43840
42944
42112
41344
40704
40128
39616
39168
38784
38528
38336
38272
38208
38208
38272
38400
38528
38720
38912
39104
39232
39360
39424
39424
39360
39232
39040
38720
38400
38016
37568
37120
36608
36160
35776
35392
35072
34752
34560
34432
34368
34304
34304
34304
34368
34496
34624
34752
34880
35072
35200
35328
35456
35520
35584
35584
35584
35520
35456
35328
35200
35072
34880
34688
34496
34240
33984
33728
33408
33152
32896
32640
32384
32128
31808
31552
31296
31104
30848
30592
30400
30208
30016
29824
29632
29504
29376
29248
29120
28992
28864
28800
28672
28608
28544
28480
28416
28352
28288
28224
28160
28096
28096
28032
27968
27904
27840
27840
27776
27712
27648
27584
27520
27456
27392
27328
27264
27200
27136
27008
26880
26816
26688
26624
26560
26432
26304
26176
26048
25984
25920
25856
25728
25664
25600
25600
25600
25600
25600
25664
25792
25856
25664
25600
25984
26752
27648
28672
30016
31552
33280
35200
37184
39232
41280
43200
44992
46592
48000
49152
50048
50688
51072
51200
51136
50880
50432
49856
49152
48320
47488
46592
45696
44736
43840
42944
42112
41344
40704
40128
39616
39168
38784
38528
38336
38272
38208
38208
38272
38400
38528
38720
38912
39104
39232
39360
39424
39424
39360
39232
39040
38720
38400
38016
37568
37120
36608
36160
35776
35392
35072
34752
34560
34432
34368
34304
34304
34304
34368
34496
34624
34752
34880
35072
35200
35328
35456
35520
35584
35584
35584
35520
35456
35328
35200
35072
34880
34688
34496
34240
33984
33728
33408
33152
32896
32640
32384
32128
31808
31552
31296
31104
30848
30592
30400
30208
30016
29824
29632
29504
29376
29248
29120
28992
28864
28800
28672
28608
28544
28480
28416
28352
28288
28224
28160
28096
28096
28032
27968
27904
27840
27840
27776
27712
27648
27584
27520
27456
27392
27328
27264
27200
27136
27008
26880
26816
26688
26624
26560
26432
26304
26176
26048
25984
25920
25856
25728
25664
25600
25600
25600
25600
25600
25664
25792
25856
25664
25600
25984
26752
27648
28672
30016
31552
33280
35200
37184
39232
41280
43200
44992
46592
48000
49152
50048
50688
51072
51200
51136
50880
50432
49856
49152
48320
47488
46592
45696
44736
43840
42944
42112
41344
40704
40128
39616
39168
38784
38528
38336
38272
38208
38208
38272
38400
38528
38720
38912
39104
39232
39360
39424
39424
39360
39232
39040
38720
38400
38016
37568
37120
36608
36160
35776
35392
35072
34752
34560
34432
34368
34304
34304
34304
34368
34496
34624
34752
34880
35072
35200
35328
35456
35520
35584
35584
35584
35520
35456
35328
35200
35072
34880
34688
34496
34240
33984
33728
33408
33152
32896
32640
32384
32128
31808
31552
31296
31104
30848
30592
30400
30208
30016
29824
29632
29504
29376
29248
29120
28992
28864
28800
28672
28608
28544
28480
28416
28352
28288
28224
28160
28096
28096
28032
27968
27904
27840
27840
27776
27712
27648
27584
27520
27456
27392
27328
27264
27200
27136
27008
26880
26816
26688
26624
26560
26432
26304
26176
26048
25984
25920
25856
25728
25664
25600
25600
25600
25600
25600
25664
25728
25856
