1741
1733
1727
1733
1734
1730
1730
1730
1725
1719
1725
1734
1738
1733
1734
1738
1733
1734
1730
1732
1733
1733
1738
1730
1748
1741
1753
1742
1737
1737
1744
1741
1739
1741
1738
1737
1742
1733
1742
1739
1750
1741
1733
1748
1748
1754
1749
1741
1750
1745
1744
1750
1757
1751
1757
1757
1755
1754
1748
1755
1749
1757
1758
1761
1762
1768
1762
1762
1764
1773
1768
1765
1773
1774
1765
1777
1781
1780
1785
1785
1783
1781
1781
1786
1786
1783
1783
1786
1794
1789
1800
1797
1803
1802
1798
1805
1805
1810
1813
1821
1813
1821
1826
1834
1821
1835
1818
1823
1826
1829
1822
1819
1831
1817
1812
1818
1808
1806
1813
1806
1801
1789
1794
1789
1786
1783
1781
1789
1774
1773
1782
1770
1785
1769
1778
1785
1785
1780
1785
1778
1781
1777
1791
1775
1775
1773
1793
1778
1786
1784
1793
1782
1781
1783
1785
1786
1786
1783
1781
1775
1777
1786
1780
1786
1785
1783
1781
1786
1789
1794
1783
1781
1790
1775
1785
1786
1791
1780
1794
1788
1791
1781
1782
1774
1774
1786
1779
1777
1781
1781
1770
1773
1780
1768
1770
1782
1771
1777
1780
1771
1783
1789
1782
1778
1786
1773
1782
1790
1786
1791
1789
1789
1789
1786
1791
1778
1777
1778
1770
1765
1761
1758
1757
1754
1748
1754
1753
1757
1762
1765
1789
1797
1813
1850
1873
1909
1947
1988
2033
2085
2148
2197
2251
2314
2381
2438
2497
2553
2614
2669
2709
2722
2756
2770
2770
2762
2734
2710
2664
2598
2522
2453
2361
2262
2157
2066
1956
1853
1758
1669
1585
1509
1438
1393
1357
1332
1309
1321
1330
1354
1387
1437
1487
1531
1598
1659
1722
1774
1823
1865
1897
1936
1957
1981
1981
1986
1979
1962
1946
1931
1893
1862
1839
1813
1781
1748
1723
1702
1689
1682
1658
1649
1659
1650
1663
1666
1677
1707
1717
1729
1754
1769
1778
1794
1813
1818
1824
1842
1845
1851
1853
1853
1838
1844
1838
1821
1815
1809
1801
1791
1791
1778
1777
1783
1768
1761
1770
1762
1768
1765
1770
1775
1781
1784
1796
1794
1802
1806
1815
1813
1810
1819
1818
1815
1825
1815
1810
1805
1817
1810
1806
1803
1806
1806
1801
1805
1801
1790
1796
1796
1794
1791
1789
1794
1794
1808
1809
1810
1805
1810
1803
1812
1810
1815
1813
1832
1819
1822
1835
1824
1823
1829
1825
1829
1827
1832
1826
1819
1828
1822
1822
1828
1819
1814
1826
1818
1825
1812
1829
1814
1817
1818
1829
1818
1826
1826
1828
1826
1823
1834
1842
1832
1846
1850
1849
1857
1856
1857
1862
1869
1860
1858
1866
1869
1864
1861
1853
1867
1867
1861
1867
1869
1862
1869
1858
1873
1872
1864
1876
1867
1885
1873
1877
1879
1885
1890
1897
1901
1897
1901
1917
1917
1911
1914
1918
1926
1933
1933
1938
1944
1938
1943
1956
1956
1963
1952
1962
1960
1961
1966
1968
1962
1957
1967
1960
1962
1961
1973
1965
1960
1965
1967
1959
1969
1966
1965
1965
1966
1966
1970
1961
1965
1987
1976
1981
1988
1977
1970
1976
1970
1973
1965
1967
1973
1966
1946
1958
1949
1941
1938
1930
1933
1917
1914
1919
1908
1903
1906
1889
1901
1903
1898
1882
1882
1883
1874
1877
1881
1869
1866
1869
1856
1860
1858
1846
1842
1830
1845
1828
1829
1824
1820
1815
1813
1810
1802
1800
1810
1800
1794
1786
1794
1794
1789
1790
1801
1791
1790
1791
1791
1793
1791
1786
1793
1793
1791
1790
1798
1790
1791
1789
1802
1790
1781
1789
1786
1793
1808
1794
1801
1794
1791
1791
1797
1798
1786
1795
1789
1790
1800
1791
1794
1786
1810
1791
1803
1803
1787
1802
1787
1807
1794
1794
1789
1808
1808
1805
1797
1794
1808
1797
1796
1809
1794
1788
1798
1796
1796
1802
1792
1787
1790
1791
1787
1797
1797
1787
1789
1794
1786
1789
1786
1789
1790
1797
1793
1794
1800
1797
1794
1793
1802
1791
1799
1805
1800
1794
1783
1803
1786
1781
1791
1794
1786
1794
1794
1778
1789
1793
1789
1802
1789
1794
1790
1798
1794
1798
1797
1809
1800
1797
1789
1802
1802
1786
1791
1794
1789
1800
1790
1789
1801
1789
1789
1790
1800
1796
1805
1797
1801
1785
1803
1794
1805
1802
1805
1806
1812
1802
1803
1812
1810
1805
1803
1812
1797
1807
1812
1797
1802
1789
1791
1801
1789
1794
1800
1789
1793
1785
1790
1789
1781
1781
1787
1800
1793
1797
1787
1784
1798
1786
1794
1786
1785
1778
1784
1791
1781
1778
1778
1789
1778
1787
1786
1779
1791
1789
1787
1780
1786
1791
1794
1782
1781
1782
1789
1771
1787
1780
1777
1787
1797
1780
1781
1781
1791
1794
1794
1802
1805
1802
1803
1790
1796
1796
1789
1786
1801
1793
1789
1790
1785
1789
1789
1792
1786
1797
1790
1781
1790
1786
1785
1783
1794
1787
1780
1776
1789
1780
1776
1787
1788
1778
1773
1783
1789
1785
1781
1781
1794
1787
1790
1782
1791
1786
1790
1786
1794
1780
1797
1796
1800
1797
1797
1812
1807
1797
1802
1805
1797
1808
1817
1813
1815
1807
1814
1818
1813
1821
1815
1815
1805
1810
1817
1818
1813
1821
1819
1822
1809
1825
1833
1815
1826
1829
1817
1817
1833
1829
1828
1832
1834
1830
1847
1850
1841
1844
1835
1856
1849
1864
1865
1858
1865
1867
1877
1861
1861
1864
1862
1862
1853
1867
1861
1861
1858
1866
1850
1858
1856
1850
1841
1842
1839
1838
1831
1818
1825
1826
1819
1815
1815
1818
1814
1826
1822
1813
1815
1815
1824
1814
1818
1815
1812
1813
1819
1809
1805
1813
1808
1809
1800
1803
1801
1802
1802
1786
1791
1800
1781
1785
1789
1785
1796
1794
1797
1789
1787
1797
1803
1802
1791
1802
1801
1808
1802
1803
1802
1802
1802
1797
1798
1791
1800
1789
1794
1785
1794
1789
1782
1778
1782
1787
1790
1778
1786
1783
1791
1786
1789
1781
1789
1791
1782
1791
1794
1799
1798
1787
1789
1781
1796
1791
1788
1790
1780
1778
1775
1761
1765
1766
1765
1752
1762
1761
1746
1757
1754
1765
1780
1780
1780
1802
1830
1851
1876
1906
1946
1983
2029
2093
2142
2205
2254
2318
2385
2431
2498
2553
2603
2653
2712
2738
2773
2777
2778
2783
2775
2737
2674
2627
2570
2498
2410
2322
2216
2114
2011
1906
1809
1725
1629
1548
1494
1435
1397
1365
1353
1338
1357
1375
1403
1450
1502
1546
1594
1658
1707
1766
1801
1861
1894
1917
1954
1954
1981
1986
1978
1957
1947
1930
1899
1877
1853
1826
1785
1773
1739
1714
1701
1689
1680
1673
1666
1669
1672
1677
1689
1700
1719
1732
1745
1777
1771
1791
1813
1825
1841
1835
1839
1845
1850
1838
1845
1837
1826
1826
1812
1796
1781
1782
1770
1766
1751
1751
1749
1761
1750
1733
1756
1745
1749
1746
1762
1762
1783
1765
1787
1781
1789
1794
1801
1813
1805
1810
1803
1812
1808
1802
1791
1794
1786
1793
1790
1785
1780
1778
1783
1770
1773
1771
1780
1773
1775
1777
1769
1784
1790
1778
1786
1789
1793
1802
1798
1808
1802
1813
1808
1813
1813
1825
1818
1808
1825
1813
1805
1808
1810
1811
1810
1809
1810
1809
1809
1810
1803
1810
1810
1808
1817
1813
1821
1815
1821
1810
1814
1813
1818
1822
1828
1828
1825
1833
1822
1839
1837
1849
1837
1845
1841
1853
1853
1864
1860
1869
1861
1864
1862
1850
1862
1866
1873
1874
1860
1861
1866
1866
1854
1858
1860
1850
1853
1857
1867
1869
1879
1874
1878
1879
1874
1889
1896
1893
1903
1898
1906
1906
1906
1908
1917
1911
1906
1917
1918
1909
1915
1914
1914
1910
1914
1915
1917
1930
1914
1922
1928
1927
1930
1933
1933
1936
1933
1933
1935
1940
1940
1944
1935
1945
1933
1940
1940
1936
1937
1935
1926
1930
1930
1941
1934
1928
1933
1926
1931
1926
1917
1919
1922
1922
1914
1905
1920
1906
1897
1896
1893
1882
1866
1866
1861
1861
1851
1842
1824
1830
1834
1813
1818
1810
1798
1818
1789
1802
1797
1794
1778
1780
1782
1768
1762
1765
1748
1757
1765
1749
1746
1754
1746
1739
1744
1730
1741
1730
1725
1727
1726
1737
1730
1730
1722
1736
1730
1729
1730
1722
1725
1722
1730
1722
1716
1714
1715
1717
1716
1709
1709
1714
1713
1707
1711
1725
1698
1707
1713
1711
1709
1707
1707
1714
1698
1701
1701
1709
1707
1707
1700
1710
1702
1702
1691
1711
1693
1707
1707
1698
1709
1707
1701
1698
1694
1697
1709
1705
1700
1693
1698
1696
1698
1710
1698
1691
1691
1702
1689
1690
1693
1709
1706
1709
1704
1697
1710
1694
1701
1702
1701
1709
1704
1698
1706
1706
1706
1709
1701
1701
1701
1707
1697
1705
1706
1703
1706
1706
1699
1700
1693
1705
1704
1701
1718
1701
1704
1709
1706
1709
1711
1706
1694
1706
1700
1701
1716
1711
1698
1709
1706
1704
1701
1714
1704
1696
1695
1693
1711
1709
1698
1701
1694
1704
1695
1695
1701
1694
1701
1703
1714
1707
1706
1714
1696
1704
1701
1700
1705
1709
1704
1711
1698
1707
1701
1702
1705
1693
1709
1705
1701
1701
1700
1706
1707
1698
1698
1698
1694
1684
1682
1696
1695
1687
1693
1690
1685
1685
1693
1687
1686
1684
1686
1700
1701
1702
1702
1704
1714
1718
1714
1718
1727
1721
1723
1730
1727
1727
1729
1723
1734
1733
1726
1726
1727
1725
1722
1709
1716
1714
1711
1714
1704
1715
1702
1702
1702
1697
1698
1690
1697
1694
1707
1690
1691
1698
1700
1689
1691
1701
1693
1713
1705
1701
1707
1701
1706
1697
1692
1693
1698
1693
1697
1697
1706
1694
1690
1685
1687
1685
1690
1689
1694
1687
1679
1687
1700
1689
1700
1696
1681
1711
1694
1704
1702
1714
1706
1698
1710
1716
1719
1720
1717
1719
1716
1706
1721
1726
1714
1710
1713
1721
1710
1714
1709
1722
1717
1714
1709
1711
1713
1711
1714
1719
1709
1727
1722
1714
1725
1730
1727
1727
1722
1730
1733
1738
1741
1749
1751
1748
1749
1738
1749
1749
1748
1757
1762
1757
1761
1765
1762
1762
1765
1770
1768
1769
1765
1770
1770
1769
1764
1768
1749
1746
1738
1751
1733
1725
1729
1730
1720
1718
1701
1697
1696
1697
1686
1680
1677
1680
1686
1677
1666
1674
1687
1669
1682
1684
1677
1686
1689
1691
1678
1680
1677
1681
1672
1669
1658
1664
1654
1652
1637
1629
1622
1627
1618
1621
1614
1610
1614
1611
1611
1612
1616
1629
1620
1637
1637
1652
1647
1653
1658
1664
1662
1661
1665
1672
1669
1664
1668
1661
1661
1653
1653
1655
1650
1633
1634
1630
1640
1634
1633
1631
1634
1626
1626
1625
1631
1629
1626
1629
1627
1634
1623
1623
1623
1630
1629
1629
1640
1634
1631
1629
1621
1621
1623
1616
1610
1610
1617
1607
1600
1597
1594
1600
1602
1604
1618
1615
1634
1658
1670
1693
1733
1767
1797
1840
1899
1960
2014
2077
2129
2202
2271
2338
2398
2470
2527
2592
2637
2673
2694
2719
2726
2726
2701
2677
2622
2553
2506
2408
2325
2213
2112
2005
1909
1791
1687
1591
1498
1426
1354
1290
1254
1215
1210
1205
1225
1245
1280
1317
1371
1423
1485
1541
1583
1652
1693
1737
1786
1812
1834
1851
1851
1850
1847
1826
1818
1786
1762
1733
1701
1666
1643
1605
1581
1565
1549
1530
1518
1517
1510
1525
1530
1533
1541
1570
1569
1589
1611
1625
1650
1662
1674
1687
1694
1701
1707
1719
1709
1719
1709
1711
1697
1690
1674
1674
1664
1666
1649
1637
1637
1621
1629
1611
1617
1626
1618
1636
1640
1626
1647
1641
1664
1650
1666
1666
1675
1673
1682
1690
1677
1685
1697
1682
1689
1677
1681
1680
1674
1671
1669
1669
1668
1661
1659
1672
1657
1653
1655
1657
1650
1657
1659
1669
1665
1680
1674
1668
1677
1682
1669
1681
1682
1674
1675
1693
1685
1680
1677
1689
1677
1690
1681
1682
1680
1690
1687
1697
1698
1684
1687
1690
1691
1698
1691
1695
1698
1701
1694
1709
1698
1709
1706
1700
1699
1701
1711
1714
1696
1699
1698
1717
1704
1711
1709
1706
1709
1721
1714
1717
1725
1719
1722
1733
1729
1736
1723
1735
1745
1730
1746
1745
1746
1749
1750
1764
1754
1749
1751
1762
1759
1757
1757
1754
1765
1765
1762
1770
1759
1773
1770
1778
1777
1773
1774
1775
1773
1774
1785
1797
1780
1789
1797
1787
1797
1797
1801
1802
1801
1794
1805
1806
1810
1812
1805
1806
1808
1812
1807
1817
1810
1822
1810
1818
1808
1815
1814
1818
1817
1817
1818
1806
1807
1805
1802
1810
1796
1806
1797
1798
1794
1802
1791
1782
1793
1773
1786
1774
1774
1770
1762
1770
1756
1746
1746
1741
1732
1729
1737
1717
1721
1701
1700
1698
1693
1684
1682
1680
1679
1669
1661
1666
1658
1659
1650
1642
1650
1650
1639
1646
1638
1626
1637
1633
1636
1622
1618
1616
1617
1621
1613
1605
1609
1609
1604
1610
1605
1595
1602
1601
1590
1583
1581
1579
1594
1589
1600
1581
1582
1586
1585
1600
1594
1594
1590
1608
1597
1602
1598
1591
1600
1594
1605
1595
1589
1593
1607
1594
1597
1588
1585
1589
1577
1588
1578
1588
1583
1590
1581
1589
1602
1594
1590
1602
1586
1610
1609
1604
1601
1610
1607
1609
1609
1605
1605
1605
1590
1598
1608
1598
1590
1595
1583
1578
1576
1586
1582
1569
1589
1578
1581
1578
1574
1573
1578
1577
1581
1579
1572
1577
1579
1596
1588
1578
1585
1598
1590
1591
1593
1586
1582
1589
1583
1589
1583
1586
1579
1576
1572
1581
1563
1573
1570
1573
1576
1570
1571
1570
1579
1570
1568
1564
1566
1572
1581
1589
1578
1566
1568
1582
1568
1568
1573
1572
1579
1581
1574
1569
1574
1565
1578
1570
1570
1566
1563
1570
1570
1572
1571
1563
1570
1569
1581
1578
1583
1583
1579
1582
1574
1590
1586
1582
1581
1581
1586
1593
1589
1577
1579
1589
1570
1573
1578
1562
1578
1561
1569
1570
1565
1566
1561
1554
1558
1562
1557
1561
1557
1561
1559
1557
1559
1554
1559
1552
1563
1559
1563
1570
1557
1569
1551
1561
1562
1576
1562
1567
1566
1558
1563
1563
1565
1557
1561
1567
1553
1558
1556
1556
1550
1553
1546
1558
1554
1557
1549
1561
1563
1559
1553
1552
1559
1561
1549
1561
1557
1556
1558
1551
1562
1549
1556
1552
1562
1557
1558
1557
1553
1549
1557
1543
1547
1558
1543
1554
1546
1550
1558
1541
1554
1549
1554
1561
1562
1556
1557
1557
1565
1562
1562
1565
1559
1568
1562
1562
1569
1570
1566
1562
1557
1559
1556
1563
1557
1568
1565
1558
1554
1559
1570
1558
1557
1568
1554
1562
1570
1572
1566
1568
1572
1578
1581
1582
1586
1573
1583
1581
1574
1581
1588
1579
1581
1579
1581
1577
1574
1577
1573
1572
1574
1574
1588
1565
1590
1581
1583
1585
1589
1590
1598
1594
1606
1609
1610
1616
1621
1626
1630
1626
1634
1629
1638
1637
1631
1626
1633
1631
1636
1613
1621
1618
1608
1599
1601
1588
1581
1589
1581
1579
1576
1581
1570
1565
1567
1569
1565
1563
1569
1569
1570
1561
1571
1559
1562
1567
1558
1566
1566
1565
1562
1557
1563
1559
1553
1559
1552
1554
1546
1538
1546
1549
1544
1546
1544
1540
1540
1547
1540
1549
1541
1538
1546
1552
1558
1534
1534
1540
1534
1549
1546
1547
1548
1542
1538
1529
1535
1537
1526
1533
1528
1541
1541
1531
1534
1544
1530
1538
1535
1544
1525
1534
1533
1541
1544
1533
1537
1537
1541
1546
1549
1541
1533
1551
1538
1543
1544
1546
1533
1533
1538
1522
1525
1515
1522
1514
1502
1510
1510
1501
1498
1495
1509
1505
1525
1524
1542
1565
1568
1601
1629
1673
1713
1749
1805
1864
1922
1994
2037
2116
2181
2258
2327
2381
2441
2501
2541
2580
2609
2629
2628
2623
2623
2569
2522
2466
2399
2312
2218
2112
2024
1906
1793
1690
1577
1483
1390
1306
1229
1177
1142
1109
1087
1096
1109
1117
1170
1214
1263
1317
1360
1424
1489
1540
1586
1647
1674
1709
1737
1758
1768
1773
1754
1737
1717
1691
1668
1629
1604
1562
1535
1508
1482
1454
1430
1416
1415
1410
1405
1405
1418
1417
1437
1443
1461
1480
1499
1513
1529
1537
1557
1573
1579
1583
1589
1593
1591
1597
1594
1581
1572
1573
1558
1549
1549
1535
1529
1526
1509
1512
1505
1512
1506
1506
1512
1517
1509
1518
1521
1525
1525
1538
1541
1546
1554
1546
1563
1574
1567
1572
1578
1565
1566
1568
1578
1561
1569
1557
1553
1557
1554
1554
1552
1546
1552
1545
1549
1557
1557
1545
1559
1546
1559
1566
1562
1556
1572
1565
1568
1565
1572
1579
1577
1572
1583
1578
1589
1582
1572
1582
1577
1585
1574
1573
1578
1558
1573
1574
1567
1578
1577
1585
1586
1580
1581
1578
1589
1594
1595
1610
1597
1608
1599
1602
1604
1614
1605
1608
1610
1602
1601
1610
1606
1602
1617
1617
1616
1613
1610
1626
1625
1621
1626
1621
1633
1630
1633
1637
1637
1642
1642
1642
1642
1645
1645
1661
1649
1647
1661
1664
1661
1656
1662
1661
1664
1680
1666
1675
1668
1669
1677
1674
1682
1687
1686
1682
1689
1696
1690
1691
1701
1705
1693
1704
1707
1701
1710
1706
1701
1709
1704
1719
1713
1711
1707
1717
1721
1714
1721
1720
1723
1717
1721
1710
1717
1730
1722
1713
1714
1705
1711
1714
1706
1717
1711
1706
1697
1698
1706
1698
1684
1697
1685
1675
1669
1680
1669
1658
1659
1637
1642
1633
1629
1630
1627
1621
1618
1618
1619
1608
1605
1594
1588
1597
1594
1585
1584
1589
1573
1573
1562
1571
1558
1561
1562
1547
1546
1552
1538
1538
1538
1527
1524
1517
1518
1515
1506
1510
1502
1501
1495
1493
1493
1492
1493
1490
1494
1480
1488
1486
1486
1487
1486
1495
1495
1492
1495
1490
1488
1498
1498
1494
1494
1493
1490
1482
1501
1489
1486
1477
1486
1474
1482
1473
1482
1481
1478
1471
1482
1481
1482
1490
1480
1503
1501
1505
1505
1505
1494
1506
1495
1514
1502
1505
1499
1510
1505
1509
1498
1499
1490
1485
1494
1485
1497
1483
1477
1480
1480
1486
1483
1485
1488
1474
1479
1481
1482
1482
1471
1477
1480
1478
1470
1473
1476
1477
1478
1482
1485
1477
1480
1477
1483
1482
1483
1477
1479
1492
1481
1477
1486
1493
1488
1481
1488
1474
1477
1474
1480
1471
1474
1486
1476
1489
1482
1477
1473
1482
1469
1481
1485
1478
1483
1471
1485
1490
1486
1480
1478
1482
1489
1490
1477
1482
1482
1474
1482
1482
1488
1487
1476
1477
1474
1470
1471
1471
1474
1460
1477
1461
1467
1458
1467
1463
1458
1455
1457
1455
1460
1460
1466
1457
1448
1461
1457
1463
1454
1461
1466
1461
1458
1467
1455
1455
1471
1461
1469
1467
1466
1471
1477
1470
1471
1460
1462
1469
1461
1461
1471
1461
1466
1454
1454
1466
1455
1461
1450
1453
1458
1461
1460
1457
1469
1461
1463
1471
1469
1466
1470
1471
1473
1466
1463
1462
1473
1465
1471
1470
1470
1476
1466
1466
1466
1457
1469
1469
1466
1471
1465
1474
1469
1477
1466
1473
1482
1471
1480
1461
1474
1469
1463
1458
1461
1466
1460
1461
1454
1455
1465
1445
1454
1450
1446
1437
1446
1445
1450
1442
1455
1451
1448
1458
1446
1442
1457
1461
1458
1451
1453
1448
1461
1455
1457
1463
1457
1466
1455
1455
1473
1462
1461
1466
1469
1477
1467
1469
1458
1473
1466
1469
1466
1469
1462
1466
1465
1464
1471
1461
1454
1461
1471
1458
1466
1461
1466
1469
1467
1462
1461
1471
1466
1477
1466
1471
1485
1477
1481
1485
1481
1485
1488
1486
1477
1478
1477
1477
1487
1493
1490
1486
1493
1485
1498
1492
1508
1509
1506
1506
1501
1509
1508
1524
1519
1518
1527
1530
1531
1540
1533
1533
1533
1537
1515
1518
1525
1519
1517
1512
1509
1517
1512
1504
1501
1498
1502
1493
1495
1490
1490
1485
1485
1482
1497
1477
1493
1489
1489
1488
1481
1484
1489
1490
1478
1480
1482
1485
1482
1467
1476
1479
1476
1472
1462
1466
1473
1466
1469
1463
1469
1469
1469
1469
1482
1476
1477
1476
1477
1474
1477
1490
1481
1480
1492
1493
1490
1477
1476
1477
1485
1477
1477
1486
1477
1474
1474
1478
1470
1482
1474
1473
1482
1474
1474
1470
1471
1462
1455
1462
1461
1458
1460
1462
1466
1453
1457
1449
1454
1454
1465
1453
1466
1456
1454
1455
1457
1454
1458
1458
1451
1454
1450
1438
1437
1446
1429
1435
1431
1441
1434
1448
1450
1460
1474
1498
1522
1541
1578
1613
1657
1698
1761
1808
1870
1945
2006
2068
2130
2192
2266
2309
2359
2409
2442
2478
2493
2494
2506
2490
2453
2405
2337
2290
2186
2114
2020
1902
1803
1690
1595
1483
1389
1297
1209
1140
1078
1041
1012
985
991
1007
1034
1057
1104
1162
1211
1281
1339
1405
1458
1512
1557
1617
1645
1673
1698
1698
1698
1696
1690
1666
1642
1610
1597
1552
1530
1493
1453
1440
1409
1393
1374
1346
1354
1340
1346
1349
1362
1365
1391
1413
1429
1437
1469
1480
1485
1517
1518
1518
1535
1540
1538
1546
1552
1546
1530
1522
1519
1514
1501
1501
1473
1470
1466
1454
1438
1437
1446
1443
1445
1441
1444
1438
1442
1460
1453
1472
1470
1482
1477
1485
1492
1501
1510
1494
1506
1509
1509
1506
1517
1501
1502
1493
1499
1494
1488
1485
1476
1485
1482
1477
1474
1492
1486
1480
1478
1482
1498
1488
1490
1498
1509
1505
1515
1513
1524
1512
1527
1517
1525
1530
1525
1524
1527
1537
1538
1537
1530
1527
1537
1541
1531
1533
1542
1540
1533
1541
1534
1530
1534
1542
1525
1530
1535
1541
1533
1545
1530
1540
1542
1557
1549
1554
1547
1546
1549
1552
1549
1562
1554
1565
1559
1562
1561
1566
1565
1559
1568
1577
1574
1570
1582
1573
1590
1586
1586
1583
1585
1606
1602
1595
1610
1597
1606
1611
1604
1604
1610
1611
1611
1613
1621
1621
1634
1613
1626
1629
1637
1629
1634
1640
1642
1650
1645
1645
1653
1654
1657
1657
1653
1673
1669
1655
1665
1666
1669
1666
1658
1665
1658
1666
1661
1662
1664
1669
1667
1664
1681
1670
1673
1668
1666
1668
1669
1658
1669
1669
1666
1658
1664
1666
1666
1661
1653
1664
1655
1649
1654
1640
1640
1645
1643
1633
1630
1629
1620
1629
1620
1611
1605
1605
1610
1601
1588
1589
1587
1573
1576
1568
1569
1559
1554
1557
1550
1549
1544
1538
1525
1530
1515
1522
1509
1515
1508
1505
1505
1497
1492
1490
1498
1491
1485
1481
1481
1471
1474
1481
1482
1474
1473
1462
1469
1473
1466
1455
1464
1458
1457
1457
1455
1460
1460
1454
1457
1469
1445
1458
1460
1450
1449
1448
1446
1442
1448
1450
1450
1453
1453
1442
1442
1457
1450
1449
1445
1449
1447
1453
1460
1453
1458
1449
1450
1448
1461
1457
1455
1453
1453
1445
1448
1457
1446
1453
1450
1451
1444
1451
1451
1444
1448
1449
1453
1440
1442
1434
1441
1441
1442
1434
1435
1444
1449
1451
1442
1445
1447
1445
1441
1453
1448
1450
1454
1457
1456
1451
1460
1457
1467
1461
1466
1462
1469
1462
1463
1461
1473
1477
1466
1471
1463
1461
1467
1466
1462
1465
1465
1457
1467
1461
1466
1462
1454
1458
1466
1458
1458
1453
1471
1453
1453
1455
1461
1462
1462
1460
1455
1471
1463
1471
1469
1465
1470
1469
1458
1470
1474
1480
1478
1466
1470
1467
1477
1471
1478
1463
1469
1470
1474
1466
1469
1463
1470
1474
1461
1469
1450
1458
1454
1458
1453
1450
1454
1441
1458
1448
1450
1457
1441
1455
1455
1444
1450
1450
1441
1453
1461
1462
1461
1458
1455
1461
1461
1460
1458
1460
1458
1460
1453
1453
1460
1457
1450
1455
1458
1455
1466
1454
1457
1458
1470
1465
1477
1471
1463
1470
1470
1469
1469
1477
1470
1458
1462
1472
1461
1466
1461
1461
1461
1450
1461
1457
1458
1463
1458
1461
1449
1453
1461
1460
1460
1474
1453
1463
1466
1454
1461
1457
1474
1453
1461
1464
1454
1454
1455
1445
1458
1460
1445
1448
1461
1453
1440
1453
1442
1453
1446
1450
1453
1440
1446
1444
1440
1450
1461
1451
1453
1457
1453
1457
1465
1445
1455
1458
1458
1460
1457
1458
1462
1461
1453
1466
1458
1457
1465
1458
1457
1455
1449
1451
1461
1455
1450
1454
1445
1441
1445
1443
1437
1443
1441
1426
1429
1437
1438
1455
1445
1458
1448
1454
1466
1463
1471
1467
1474
1466
1473
1469
1477
1469
1481
1477
1471
1470
1471
1472
1470
1469
1466
1461
1466
1462
1466
1469
1469
1476
1477
1485
1488
1485
1493
1497
1506
1502
1498
1515
1512
1509
1525
1533
1524
1522
1522
1512
1532
1525
1524
1514
1511
1512
1505
1508
1513
1495
1501
1498
1481
1485
1482
1474
1474
1474
1473
1469
1477
1471
1475
1480
1462
1467
1473
1474
1490
1483
1490
1488
1490
1485
1477
1478
1485
1482
1489
1483
1478
1467
1476
1467
1476
1466
1453
1458
1466
1450
1445
1453
1451
1451
1453
1450
1446
1442
1442
1449
1444
1453
1450
1457
1448
1450
1457
1451
1458
1450
1455
1445
1457
1445
1450
1449
1438
1451
1438
1437
1442
1437
1428
1442
1435
1429
1442
1434
1434
1428
1430
1437
1441
1430
1438
1445
1440
1445
1441
1433
1449
1448
1437
1429
1434
1437
1425
1437
1429
1424
1426
1413
1422
1421
1415
1411
1421
1421
1418
1431
1437
1453
1482
1506
1519
1558
1588
1634
1675
1727
1786
1841
1898
1961
2034
2096
2148
2213
2269
2333
2379
2414
2442
2464
2481
2474
2466
2441
2399
2359
2294
2216
2128
2030
1941
1829
1734
1626
1517
1419
1325
1241
1170
1106
1053
1025
993
986
1001
1007
1038
1073
1118
1166
1226
1290
1348
1414
1453
1505
1546
1573
1613
1637
1650
1642
1655
1646
1623
1602
1578
1550
1522
1481
1451
1410
1401
1377
1349
1333
1325
1322
1298
1303
1325
1325
1325
1339
1361
1389
1397
1422
1421
1441
1463
1475
1481
1480
1499
1494
1498
1501
1489
1480
1481
1466
1466
1450
1441
1429
1414
1421
1417
1398
1399
1401
1394
1396
1405
1394
1406
1409
1409
1423
1423
1438
1444
1437
1446
1450
1450
1445
1462
1453
1454
1455
1458
1456
1458
1450
1444
1437
1434
1435
1429
1435
1435
1419
1423
1426
1416
1418
1419
1426
1424
1422
1424
1429
1439
1429
1444
1445
1445
1442
1446
1450
1462
1477
1463
1461
1466
1469
1465
1463
1469
1466
1463
1461
1469
1461
1457
1461
1460
1455
1466
1469
1451
1458
1453
1466
1466
1473
1460
1463
1470
1489
1474
1478
1485
1482
1482
1481
1504
1482
1501
1495
1488
1497
1505
1506
1502
1502
1501
1503
1509
1497
1498
1513
1498
1510
1524
1513
1509
1522
1515
1514
1521
1533
1533
1522
1531
1533
1534
1541
1533
1541
1549
1535
1546
1549
1556
1557
1551
1546
1552
1562
1566
1557
1562
1557
1565
1558
1570
1558
1565
1562
1565
1577
1584
1576
1581
1581
1581
1578
1576
1578
1595
1586
1595
1591
1597
1582
1597
1601
1598
1606
1594
1593
1595
1586
1581
1594
1582
1581
1589
1589
1583
1583
1578
1579
1581
1570
1583
1573
1585
1576
1572
1576
1569
1573
1559
1554
1561
1549
1552
1546
1531
1538
1531
1521
1505
1513
1509
1498
1482
1470
1478
1476
1463
1466
1449
1444
1443
1445
1440
1441
1430
1426
1422
1421
1429
1416
1428
1418
1409
1414
1418
1413
1407
1412
1409
1414
1405
1397
1399
1391
1406
1393
1389
1390
1380
1374
1377
1375
1367
1373
1369
1361
1362
1366
1373
1361
1360
1370
1360
1353
1355
1366
1364
1371
1373
1358
1373
1365
1370
1380
1365
1370
1364
1370
1365
1370
1370
1366
1378
1357
1365
1375
1365
1365
1367
1365
1360
1352
1361
1366
1360
1361
1349
1362
1354
1361
1365
1362
1365
1355
1365
1362
1367
1360
1365
1362
1364
1370
1359
1364
1361
1364
1357
1360
1362
1354
1362
1346
1364
1360
1359
1357
1364
1358
1357
1354
1365
1367
1361
1370
1365
1369
1373
1358
1369
1362
1362
1370
1365
1362
1371
1365
1364
1354
1365
1359
1370
1353
1367
1349
1360
1362
1357
1357
1349
1349
1345
1354
1354
1357
1354
1354
1352
1361
1366
1366
1373
1357
1374
1367
1357
1357
1365
1370
1360
1367
1373
1365
1365
1377
1364
1354
1364
1350
1364
1354
1349
1362
1365
1355
1362
1348
1354
1357
1353
1353
1357
1354
1354
1358
1352
1354
1354
1344
1349
1346
1349
1357
1341
1351
1346
1354
1349
1349
1339
1344
1330
1348
1339
1349
1337
1342
1338
1338
1335
1335
1339
1335
1338
1345
1338
1333
1339
1337
1354
1338
1345
1333
1350
1341
1341
1340
1342
1339
1337
1346
1345
1350
1345
1346
1345
1344
1348
1346
1346
1346
1334
1339
1335
1352
1345
1344
1339
1341
1346
1349
1346
1345
1357
1354
1354
1346
1349
1353
1346
1353
1355
1354
1349
1353
1353
1353
1349
1358
1345
1339
1346
1338
1339
1348
1345
1335
1345
1333
1329
1322
1332
1325
1320
1325
1333
1327
1330
1333
1323
1338
1322
1327
1330
1333
1333
1326
1344
1338
1330
1339
1346
1337
1338
1341
1346
1338
1337
1333
1345
1330
1339
1338
1353
1338
1341
1337
1349
1348
1341
1342
1334
1333
1338
1335
1341
1332
1322
1333
1338
1331
1332
1332
1329
1334
1323
1326
1327
1337
1333
1333
1337
1344
1330
1334
1330
1329
1330
1334
1333
1327
1336
1333
1346
1337
1333
1334
1343
1344
1338
1341
1349
1352
1346
1362
1352
1346
1349
1351
1342
1341
1357
1348
1346
1349
1350
1349
1346
1349
1353
1347
1349
1357
1354
1364
1366
1367
1375
1371
1377
1384
1384
1386
1396
1385
1386
1400
1406
1407
1394
1394
1406
1416
1397
1406
1402
1410
1402
1396
1402
1391
1397
1381
1393
1378
1378
1385
1378
1365
1377
1360
1370
1366
1362
1355
1352
1349
1350
1350
1345
1348
1344
1347
1342
1341
1342
1342
1344
1346
1348
1341
1349
1341
1336
1346
1342
1338
1332
1335
1337
1332
1330
1329
1327
1322
1335
1326
1330
1332
1321
1332
1327
1330
1333
1338
1327
1338
1325
1333
1335
1326
1334
1333
1333
1335
1325
1331
1335
1317
1323
1325
1319
1317
1314
1320
1318
1327
1330
1317
1325
1333
1332
1321
1339
1333
1333
1327
1327
1337
1327
1348
1322
1333
1329
1323
1326
1322
1325
1320
1323
1322
1312
1314
1306
1303
1303
1303
1285
1293
1295
1301
1295
1290
1303
1303
1306
1309
1322
1345
1372
1396
1421
1454
1486
1546
1594
1653
1704
1764
1810
1901
1956
2029
2090
2165
2209
2272
2321
2374
2399
2404
2418
2421
2402
2360
2306
2266
2187
2112
2007
1917
1808
1709
1591
1481
1391
1274
1174
1089
1035
973
933
901
885
882
900
913
964
994
1052
1103
1165
1242
1290
1346
1396
1438
1485
1509
1540
1561
1565
1557
1550
1544
1505
1493
1465
1437
1405
1369
1333
1317
1285
1258
1229
1218
1215
1207
1199
1195
1205
1218
1232
1258
1269
1287
1305
1321
1338
1360
1370
1384
1390
1400
1406
1412
1402
1412
1405
1398
1384
1375
1373
1362
1349
1341
1336
1330
1321
1313
1309
1306
1306
1314
1309
1316
1310
1322
1327
1333
1335
1344
1345
1365
1367
1367
1369
1377
1373
1382
1381
1382
1391
1390
1382
1378
1362
1375
1370
1352
1362
1352
1354
1358
1355
1344
1346
1350
1341
1349
1345
1352
1364
1353
1357
1364
1367
1371
1377
1389
1384
1389
1386
1386
1381
1375
1394
1387
1381
1380
1385
1386
1385
1385
1398
1391
1398
1385
1401
1389
1397
1394
1401
1397
1396
1397
1394
1402
1399
1410
1398
1413
1413
1413
1418
1407
1407
1419
1411
1417
1413
1416
1418
1426
1409
1426
1429
1431
1430
1424
1426
1434
1434
1442
1437
1437
1441
1437
1446
1444
1449
1461
1450
1455
1450
1444
1446
1451
1450
1442
1460
1471
1461
1458
1474
1458
1477
1476
1466
1481
1471
1490
1485
1486
1490
1498
1490
1498
1503
1508
1506
1509
1517
1517
1510
1517
1508
1506
1524
1515
1524
1517
1526
1525
1522
1522
1525
1517
1527
1525
1524
1530
1522
1530
1527
1521
1525
1531
1526
1533
1524
1517
1533
1525
1529
1514
1530
1519
1527
1517
1518
1517
1502
1506
1514
1503
1498
1496
1483
1482
1474
1471
1468
1460
1460
1441
1439
1434
1437
1434
1424
1418
1418
1412
1418
1402
1405
1397
1398
1396
1387
1384
1378
1387
1382
1377
1370
1370
1362
1362
1358
1360
1346
1344
1338
1338
1342
1329
1318
1325
1326
1314
1314
1306
1307
1317
1313
1309
1290
1301
1303
1302
1297
1300
1298
1303
1291
1290
1290
1290
1293
1289
1288
1289
1293
1282
1282
1287
1286
1288
1290
1298
1296
1285
1288
1293
1298
1298
1307
1302
1298
1301
1301
1293
1296
1297
1298
1294
1298
1294
1301
1289
1302
1282
1293
1293
1296
1278
1289
1289
1285
1298
1290
1291
1286
1282
1282
1291
1290
1290
1297
1293
1296
1290
1294
1296
1301
1296
1307
1311
1309
1309
1307
1306
1306
1301
1306
1306
1306
1311
1306
1303
1305
1306
1298
1306
1291
1293
1297
1289
1298
1290
1298
1296
1291
1296
1293
1294
1307
1305
1306
1294
1300
1309
1301
1296
1293
1293
1293
1296
1298
1289
1293
1298
1297
1293
1289
1309
1298
1303
1298
1291
1307
1309
1300
1306
1306
1300
1307
1307
1312
1301
1309
1303
1309
1306
1303
1303
1303
1314
1306
1294
1306
1304
1303
1301
1303
1297
1309
1306
1288
1301
1302
1297
1298
1293
1302
1306
1298
1293
1301
1293
1294
1303
1298
1301
1303
1305
1300
1297
1298
1298
1306
1303
1298
1303
1313
1298
1317
1298
1302
1307
1317
1303
1314
1311
1306
1309
1303
1309
1307
1301
1298
1293
1297
1290
1293
1294
1294
1297
1285
1286
1293
1293
1283
1293
1285
1284
1291
1286
1289
1285
1301
1281
1285
1293
1286
1285
1288
1300
1285
1298
1291
1293
1296
1294
1296
1293
1296
1293
1277
1294
1297
1305
1300
1285
1301
1290
1297
1301
1296
1293
1293
1305
1303
1289
1301
1310
1298
1305
1305
1306
1311
1312
1309
1309
1313
1315
1314
1303
1310
1316
1312
1309
1309
1301
1303
1302
1307
1306
1313
1301
1296
1302
1301
1305
1304
1309
1306
1306
1301
1304
1314
1320
1306
1318
1309
1312
1314
1318
1317
1302
1311
1309
1310
1302
1310
1303
1313
1312
1314
1306
1312
1298
1310
1306
1306
1317
1310
1306
1306
1316
1310
1313
1309
1303
1317
1312
1314
1307
1322
1314
1314
1317
1307
1313
1322
1315
1306
1329
1322
1325
1307
1313
1317
1318
1310
1318
1313
1317
1317
1323
1332
1321
1325
1330
1329
1325
1327
1320
1333
1332
1327
1337
1329
1341
1332
1341
1341
1335
1350
1350
1346
1357
1355
1352
1355
1365
1374
1373
1369
1375
1378
1386
1389
1397
1402
1396
1394
1394
1391
1392
1406
1396
1391
1386
1405
1398
1393
1389
1387
1373
1380
1362
1357
1362
1354
1354
1350
1357
1348
1352
1339
1341
1349
1342
1346
1344
1333
1341
1337
1341
1339
1360
1342
1344
1346
1337
1337
1338
1341
1337
1344
1333
1333
1325
1333
1332
1325
1324
1323
1323
1321
1326
1314
1322
1326
1327
1325
1332
1317
1326
1316
1322
1325
1322
1337
1334
1330
1333
1341
1338
1341
1334
1325
1327
1323
1322
1327
1329
1330
1330
1325
1323
1318
1316
1316
1325
1310
1320
1314
1307
1316
1317
1306
1317
1325
1325
1321
1317
1322
1317
1322
1317
1314
1324
1309
1317
1321
1306
1307
1296
1295
1291
1294
1286
1280
1275
1285
1281
1278
1288
1285
1302
1313
1326
1352
1386
1414
1451
1492
1532
1582
1648
1694
1765
1837
1897
1956
2022
2079
2150
2201
2258
2301
2346
2362
2385
2389
2383
2354
2314
2279
2216
2146
2053
1976
1869
1765
1657
1550
1429
1333
1226
1137
1071
986
946
889
869
850
861
866
900
930
974
1028
1082
1147
1213
1275
1330
1389
1445
1469
1519
1542
1565
1561
1573
1567
1550
1530
1514
1481
1449
1430
1396
1365
1335
1316
1285
1271
1254
1249
1242
1237
1243
1245
1250
1266
1275
1285
1305
1322
1338
1362
1371
1396
1405
1412
1409
1426
1414
1426
1414
1405
1413
1413
1382
1389
1375
1370
1367
1351
1341
1345
1330
1329
1332
1333
1338
1338
1345
1354
1352
1365
1374
1377
1394
1389
1401
1410
1401
1399
1418
1412
1414
1412
1405
1409
1398
1405
1390
1389
1396
1377
1389
1380
1391
1375
1373
1377
1386
1382
1383
1389
1384
1381
1381
1394
1399
1396
1397
1405
1405
1407
1410
1409
1417
1407
1411
1417
1410
1413
1410
1418
1416
1413
1413
1410
1403
1418
1403
1415
1418
1409
1410
1417
1421
1417
1433
1430
1428
1438
1428
1425
1442
1431
1440
1445
1433
1448
1441
1448
1444
1448
1442
1451
1451
1454
1453
1451
1461
1455
1454
1457
1458
1465
1457
1462
1451
1466
1473
1477
1478
1474
1477
1482
1482
1485
1477
1501
1495
1502
1495
1505
1505
1509
1513
1501
1512
1514
1524
1506
1514
1527
1535
1525
1538
1534
1545
1546
1550
1549
1554
1549
1551
1544
1562
1550
1562
1559
1563
1566
1557
1570
1574
1567
1570
1568
1562
1570
1566
1565
1573
1570
1569
1573
1578
1576
1583
1574
1589
1578
1579
1586
1578
1586
1580
1589
1590
1585
1586
1592
1573
1576
1570
1572
1566
1559
1559
1557
1550
1549
1538
1552
1526
1531
1525
1521
1505
1510
1494
1494
1490
1495
1493
1482
1485
1478
1466
1461
1471
1454
1465
1450
1448
1446
1446
1433
1434
1445
1434
1424
1428
1429
1418
1418
1422
1405
1405
1409
1391
1396
1389
1394
1389
1394
1389
1386
1385
1375
1370
1379
1370
1375
1378
1367
1371
1375
1374
1370
1367
1373
1369
1377
1371
1367
1365
1370
1364
1358
1354
1360
1360
1357
1358
1365
1367
1354
1355
1346
1349
1352
1353
1365
1357
1364
1349
1350
1359
1370
1365
1365
1371
1365
1365
1357
1362
1361
1367
1365
1358
1365
1366
1366
1373
1378
1362
1366
1373
1373
1360
1366
1373
1370
1365
1367
1374
1367
1370
1362
1361
1364
1362
1354
1367
1365
1365
1365
1358
1370
1373
1361
1369
1373
1370
1369
1370
1365
1365
1373
1362
1370
1370
1364
1373
1369
1366
1370
1367
1370
1362
1355
1365
1370
1373
1367
1370
1355
1360
1381
1374
1374
1374
1378
1378
1367
1378
1373
1385
1377
1378
1378
1387
1383
1373
1381
1375
1386
1384
1382
1377
1374
1375
1382
1384
1384
1374
1381
1384
1394
1386
1386
1387
1385
1394
1393
1390
1403
1394
1390
1391
1389
1391
1392
1386
1396
1389
1382
1384
1384
1381
1374
1373
1382
1378
1377
1385
1378
1374
1386
1381
1389
1386
1386
1395
1381
1391
1385
1386
1380
1393
1386
1382
1391
1383
1384
1370
1375
1378
1370
1371
1370
1374
1371
1374
1362
1362
1369
1366
1364
1362
1365
1365
1371
1371
1370
1375
1381
1389
1384
1389
1391
1391
1387
1403
1382
1403
1396
1399
1413
1406
1410
1405
1399
1405
1391
1391
1391
1386
1385
1375
1389
1381
1375
1383
1365
1369
1373
1365
1367
1365
1357
1365
1370
1373
1369
1370
1374
1378
1371
1381
1367
1378
1381
1378
1384
1387
1381
1389
1386
1386
1394
1389
1384
1389
1393
1387
1385
1384
1378
1381
1374
1370
1373
1375
1366
1378
1373
1369
1375
1378
1370
1373
1370
1375
1374
1377
1373
1377
1386
1386
1389
1389
1381
1385
1389
1387
1391
1381
1382
1373
1384
1379
1381
1377
1374
1374
1380
1382
1370
1377
1378
1373
1369
1364
1374
1371
1370
1370
1375
1385
1385
1383
1385
1394
1374
1396
1381
1389
1397
1399
1405
1396
1385
1390
1397
1410
1406
1407
1413
1401
1406
1402
1399
1403
1410
1405
1416
1402
1406
1407
1405
1405
1407
1406
1405
1407
1412
1413
1400
1418
1413
1421
1421
1429
1435
1429
1437
1437
1434
1431
1446
1439
1443
1440
1457
1453
1445
1454
1454
1455
1445
1451
1450
1453
1448
1435
1439
1435
1434
1428
1426
1428
1421
1426
1421
1426
1423
1407
1413
1417
1402
1405
1402
1409
1401
1407
1401
1405
1403
1405
1410
1402
1405
1417
1405
1410
1409
1418
1416
1406
1413
1405
1414
1416
1417
1410
1407
1418
1405
1402
1410
1406
1402
1400
1389
1390
1400
1397
1401
1398
1393
1390
1390
1397
1387
1389
1386
1391
1391
1394
1398
1396
1399
1397
1396
1403
1398
1398
1390
1394
1397
1402
1397
1400
1399
1401
1405
1407
1405
1394
1396
1386
1394
1390
1386
1384
1387
1382
1394
1389
1381
1386
1385
1381
1380
1381
1365
1362
1369
1365
1354
1355
1354
1349
1342
1354
1349
1357
1357
1355
1377
1385
1401
1429
1442
1466
1500
1533
1569
1622
1659
1713
1781
1826
1883
1941
1997
2053
2104
2164
2226
2269
2301
2334
2349
2365
2370
2349
2326
2270
2234
2176
2101
2026
1921
1832
1722
1634
1530
1431
1333
1249
1166
1085
1029
982
950
930
923
928
948
964
1013
1050
1102
1175
1217
1282
1332
1397
1434
1492
1524
1557
1586
1591
1595
1599
1602
1573
1557
1535
1518
1477
1434
1412
1380
1355
1333
1306
1298
1286
1261
1262
1274
1269
1288
1282
1305
1313
1335
1360
1371
1381
1403
1416
1433
1448
1453
1461
1465
1453
1458
1454
1457
1450
1448
1440
1421
1422
1401
1405
1396
1389
1380
1384
1384
1371
1377
1370
1384
1375
1390
1397
1405
1405
1405
1417
1430
1433
1442
1437
1442
1457
1453
1451
1441
1459
1445
1453
1442
1442
1441
1433
1428
1424
1421
1417
1428
1417
1416
1418
1419
1426
1428
1416
1421
1418
1426
1413
1422
1423
1426
1438
1440
1449
1439
1453
1448
1448
1462
1443
1450
1451
1445
1445
1458
1451
1448
1442
1442
1440
1442
1448
1448
1445
1449
1455
1455
1448
1460
1471
1473
1461
1457
1458
1458
1458
1476
1465
1469
1480
1478
1470
1497
1481
1483
1498
1485
1480
1483
1488
1490
1498
1494
1495
1493
1503
1497
1486
1499
1497
1503
1494
1499
1497
1509
1503
1509
1512
1518
1524
1525
1531
1530
1530
1535
1534
1535
1549
1546
1544
1549
1545
1551
1563
1558
1565
1576
1565
1578
1564
1565
1573
1581
1576
1565
1577
1578
1568
1581
1581
1576
1578
1588
1589
1591
1581
1583
1602
1590
1583
1594
1602
1594
1600
1594
1600
1604
1591
1602
1591
1591
1595
1598
1597
1602
1594
1588
1597
1591
1589
1589
1586
1586
1583
1586
1577
1577
1571
1576
1567
1565
1559
1560
1557
1550
1547
1561
1535
1546
1537
1530
1529
1519
1517
1506
1490
1488
1488
1483
1482
1476
1471
1469
1468
1460
1453
1455
1460
1437
1443
1440
1445
1434
1440
1425
1439
1421
1421
1429
1426
1410
1412
1418
1414
1413
1405
1405
1411
1394
1392
1389
1399
1386
1391
1402
1389
1394
1387
1392
1378
1371
1393
1381
1377
1394
1387
1390
1381
1390
1373
1386
1380
1389
1370
1387
1378
1378
1373
1385
1381
1375
1374
1374
1375
1366
1370
1365
1367
1370
1371
1362
1377
1369
1366
1365
1369
1364
1357
1362
1354
1349
1354
1350
1345
1347
1339
1338
1341
1339
1346
1354
1354
1357
1357
1355
1350
1350
1362
1375
1370
1378
1370
1381
1378
1371
1365
1384
1379
1381
1383
1386
1379
1381
1370
1378
1377
1377
1375
1387
1370
1379
1374
1375
1367
1365
1375
1386
1390
1381
1389
1381
1381
1380
1386
1390
1386
1391
1394
1381
1387
1394
1393
1390
1389
1396
1386
1394
1389
1397
1389
1394
1385
1397
1389
1399
1398
1401
1396
1394
1397
1405
1391
1397
1398
1397
1402
1394
1405
1397
1385
1391
1394
1398
1394
1402
1399
1397
1397
1401
1393
1398
1391
1396
1394
1381
1386
1386
1384
1385
1374
1372
1372
1381
1375
1380
1385
1378
1378
1378
1375
1387
1379
1381
1384
1381
1387
1386
1390
1384
1394
1396
1396
1401
1391
1389
1397
1391
1402
1386
1389
1386
1381
1389
1386
1381
1386
1386
1382
1380
1377
1373
1382
1381
1378
1384
1371
1375
1379
1391
1387
1387
1389
1373
1389
1386
1386
1387
1387
1381
1378
1389
1374
1381
1381
1387
1373
1369
1378
1371
1370
1381
1370
1367
1374
1365
1371
1362
1373
1367
1361
1373
1365
1370
1364
1373
1360
1373
1370
1373
1393
1368
1380
1375
1386
1386
1381
1373
1382
1375
1378
1377
1377
1374
1377
1375
1374
1377
1369
1374
1382
1366
1370
1375
1378
1378
1373
1373
1381
1381
1378
1377
1387
1381
1375
1381
1389
1386
1381
1377
1394
1374
1378
1370
1374
1370
1377
1369
1378
1381
1380
1375
1373
1365
1369
1377
1366
1365
1365
1371
1365
1365
1366
1365
1365
1367
1369
1370
1369
1366
1375
1375
1384
1384
1369
1394
1387
1379
1389
1385
1385
1386
1389
1396
1389
1386
1370
1391
1382
1379
1385
1387
1381
1378
1386
1382
1387
1394
1405
1397
1410
1406
1407
1416
1413
1419
1419
1422
1424
1419
1437
1433
1429
1441
1435
1437
1434
1433
1434
1433
1437
1433
1434
1424
1434
1422
1421
1429
1422
1416
1423
1425
1409
1407
1413
1407
1417
1403
1402
1389
1397
1394
1389
1389
1384
1397
1405
1390
1390
1390
1391
1384
1390
1386
1381
1389
1386
1381
1385
1381
1387
1381
1381
1373
1370
1377
1373
1366
1364
1365
1370
1365
1362
1371
1365
1371
1358
1370
1362
1354
1360
1354
1364
1355
1352
1360
1351
1355
1362
1354
1354
1355
1370
1349
1358
1354
1365
1361
1365
1365
1355
1365
1362
1364
1360
1361
1358
1360
1361
1361
1357
1346
1349
1360
1357
1341
1350
1349
1349
1355
1353
1346
1344
1346
1352
1353
1354
1349
1349
1346
1342
1338
1338
1345
1337
1334
1334
1333
1341
1329
1334
1330
1339
1341
1342
1349
1365
1377
1407
1418
1450
1478
1519
1553
1605
1650
1717
1770
1829
1904
1969
2031
2109
2162
2219
2271
2326
2363
2408
2422
2425
2430
2414
2393
2358
2303
2230
2171
2085
1986
1887
1778
1666
1554
1460
1357
1269
1190
1110
1050
1001
962
936
922
933
949
969
1015
1051
1102
1157
1214
1275
1325
1387
1434
1474
1512
1534
1554
1565
1570
1566
1568
1557
1530
1508
1478
1440
1417
1381
1346
1320
1298
1270
1261
1250
1242
1227
1237
1231
1243
1257
1265
1277
1290
1311
1330
1335
1364
1366
1394
1405
1407
1421
1421
1413
1421
1406
1403
1401
1402
1391
1386
1377
1367
1358
1355
1345
1341
1348
1323
1333
1325
1332
1325
1338
1327
1339
1342
1349
1349
1361
1357
1362
1365
1369
1371
1374
1377
1377
1384
1373
1381
1375
1373
1371
1375
1369
1365
1362
1360
1363
1373
1367
1369
1364
1370
1373
1375
1386
1385
1390
1393
1397
1402
1402
1402
1412
1409
1414
1405
1419
1413
1413
1410
1407
1409
1403
1410
1406
1404
1405
1407
1405
1407
1407
1409
1403
1413
1413
1413
1402
1409
1416
1419
1418
1418
1419
1425
1428
1421
1423
1429
1431
1447
1437
1438
1435
1437
1437
1433
1442
1441
1437
1433
1450
1450
1460
1449
1461
1458
1461
1461
1460
1457
1466
1460
1461
1471
1489
1470
1478
1478
1480
1478
1493
1490
1486
1494
1494
1499
1509
1509
1497
1512
1510
1515
1525
1513
1527
1522
1527
1533
1525
1534
1533
1545
1538
1526
1527
1530
1533
1531
1542
1535
1530
1533
1530
1540
1530
1538
1544
1546
1546
1540
1543
1549
1547
1547
1554
1550
1550
1553
1562
1573
1561
1565
1567
1563
1573
1570
1562
1565
1565
1570
1557
1551
1557
1563
1557
1547
1546
1535
1546
1540
1533
1534
1521
1514
1519
1514
1501
1502
1504
1490
1481
1481
1478
1463
1461
1454
1461
1450
1445
1448
1435
1426
1438
1433
1421
1428
1419
1412
1410
1419
1413
1397
1404
1403
1399
1381
1389
1378
1386
1374
1370
1373
1378
1365
1357
1366
1360
1360
1358
1358
1358
1346
1355
1349
1354
1352
1352
1357
1364
1353
1346
1345
1352
1346
1346
1349
1352
1348
1346
1339
1349
1349
1348
1345
1361
1349
1355
1352
1341
1345
1349
1342
1342
1341
1342
1349
1338
1355
1341
1341
1346
1336
1348
1349
1344
1337
1354
1350
1352
1353
1345
1346
1346
1352
1339
1346
1349
1357
1348
1341
1342
1354
1341
1349
1339
1338
1334
1335
1338
1341
1329
1333
1333
1338
1341
1338
1334
1333
1325
1334
1332
1327
1346
1335
1345
1343
1346
1338
1342
1349
1342
1342
1350
1353
1348
1352
1349
1352
1349
1346
1344
1348
1338
1338
1342
1346
1345
1332
1345
1341
1334
1330
1345
1333
1330
1341
1333
1337
1341
1334
1329
1341
1342
1346
1341
1349
1350
1346
1339
1345
1339
1335
1349
1349
1355
1349
1352
1353
1355
1358
1355
1348
1354
1342
1346
1346
1346
1349
1346
1344
1346
1365
1361
1360
1349
1354
1361
1360
1353
1341
1354
1357
1347
1345
1341
1334
1338
1341
1345
1338
1338
1333
1330
1322
1325
1333
1323
1314
1317
1306
1314
1320
1310
1310
1317
1320
1314
1314
1312
1314
1314
1312
1311
1327
1312
1313
1323
1317
1320
1314
1316
1320
1317
1327
1313
1327
1312
1330
1326
1322
1330
1320
1326
1309
1317
1317
1322
1313
1314
1307
1306
1310
1317
1317
1316
1309
1316
1329
1320
1313
1317
1327
1326
1321
1314
1321
1322
1320
1323
1314
1333
1317
1322
1320
1309
1318
1315
1317
1311
1323
1307
1325
1316
1322
1305
1317
1309
1313
1314
1310
1307
1313
1307
1312
1316
1307
1314
1306
1316
1309
1312
1323
1314
1321
1322
1322
1327
1325
1321
1320
1317
1325
1333
1325
1318
1318
1335
1326
1327
1327
1327
1332
1330
1327
1327
1335
1330
1325
1325
1330
1318
1323
1316
1322
1323
1322
1314
1321
1315
1326
1325
1313
1333
1311
1322
1333
1327
1323
1338
1325
1327
1323
1339
1325
1330
1321
1335
1326
1323
1333
1330
1330
1323
1327
1330
1332
1343
1330
1338
1333
1333
1346
1344
1345
1354
1354
1345
1353
1349
1359
1345
1354
1353
1361
1360
1354
1358
1354
1362
1349
1366
1352
1354
1355
1357
1352
1362
1370
1373
1374
1370
1387
1384
1386
1394
1390
1406
1401
1418
1406
1410
1410
1405
1410
1407
1421
1419
1409
1399
1413
1399
1395
1403
1384
1389
1378
1361
1360
1365
1358
1361
1370
1358
1349
1354
1352
1365
1360
1357
1362
1349
1358
1364
1357
1354
1355
1359
1357
1361
1362
1365
1352
1354
1362
1344
1349
1346
1341
1339
1333
1333
1330
1335
1333
1326
1323
1329
1334
1322
1322
1326
1322
1323
1322
1322
1320
1322
1327
1325
1329
1325
1333
1327
1338
1332
1329
1335
1330
1335
1341
1338
1348
1330
1338
1327
1334
1332
1339
1333
1341
1335
1329
1345
1338
1338
1323
1337
1341
1329
1329
1337
1349
1327
1337
1338
1325
1333
1330
1329
1333
1335
1326
1320
1325
1318
1318
1322
1314
1313
1302
1301
1306
1314
1309
1306
1312
1322
1332
1330
1352
1377
1403
1435
1458
1493
1533
1588
1645
1691
1758
1817
1890
1952
2030
2088
2169
2229
2282
2331
2370
2401
2426
2453
2441
2434
2402
2361
2315
2262
2178
2090
1998
1890
1775
1677
1556
1448
1362
1249
1166
1088
1030
980
937
917
912
910
932
955
1009
1049
1086
1146
1205
1262
1321
1375
1427
1466
1503
1540
1556
1558
1572
1565
1542
1541
1522
1503
1465
1435
1413
1373
1349
1321
1306
1281
1263
1242
1245
1233
1242
1247
1254
1257
1277
1285
1298
1312
1333
1352
1364
1367
1386
1389
1401
1413
1405
1405
1412
1402
1399
1389
1386
1377
1369
1358
1353
1341
1335
1325
1327
1322
1325
1310
1320
1326
1322
1320
1326
1325
1335
1346
1335
1354
1358
1362
1367
1373
1375
1373
1386
1380
1377
1380
1373
1381
1377
1377
1379
1377
1375
1378
1372
1365
1366
1373
1370
1370
1378
1367
1365
1380
1384
1374
1382
1381
1387
1381
1387
1393
1385
1389
1386
1387
1397
1384
1393
1385
1401
1394
1389
1401
1397
1391
1409
1399
1397
1399
1402
1391
1396
1387
1410
1416
1416
1413
1410
1413
1416
1416
1425
1418
1421
1426
1417
1433
1428
1428
1426
1430
1433
1429
1426
1442
1434
1433
1441
1441
1429
1434
1434
1430
1450
1448
1444
1441
1460
1453
1458
1469
1458
1472
1467
1465
1481
1483
1494
1493
1488
1498
1494
1495
1509
1509
1512
1515
1503
1517
1517
1522
1509
1517
1509
1526
1519
1514
1525
1529
1530
1538
1533
1530
1533
1549
1551
1557
1557
1559
1558
1552
1555
1570
1561
1570
1566
1576
1573
1573
1576
1587
1575
1583
1588
1568
1583
1588
1578
1579
1570
1566
1572
1565
1568
1570
1559
1554
1568
1554
1556
1563
1553
1557
1550
1554
1554
1544
1546
1541
1540
1538
1529
1522
1524
1530
1522
1514
1509
1509
1506
1499
1490
1490
1483
1481
1471
1466
1464
1469
1464
1461
1443
1442
1439
1419
1430
1421
1428
1413
1413
1407
1399
1402
1397
1389
1391
1386
1384
1382
1386
1378
1384
1362
1372
1364
1365
1370
1362
1367
1354
1362
1354
1362
1362
1348
1349
1351
1346
1355
1348
1353
1354
1349
1344
1348
1355
1357
1345
1349
1348
1349
1357
1350
1345
1357
1357
1349
1350
1360
1358
1360
1346
1352
1352
1354
1354
1346
1352
1353
1351
1346
1349
1346
1342
1341
1345
1349
1338
1341
1352
1340
1339
1352
1339
1353
1348
1349
1349
1355
1365
1361
1362
1360
1357
1354
1353
1364
1355
1358
1358
1357
1358
1358
1348
1355
1361
1365
1349
1357
1358
1354
1361
1349
1354
1354
1350
1342
1349
1360
1350
1354
1357
1355
1349
1369
1346
1342
1355
1350
1357
1357
1354
1357
1365
1360
1358
1365
1357
1357
1358
1370
1357
1358
1357
1365
1361
1358
1357
1354
1358
1360
1364
1366
1355
1370
1364
1373
1370
1374
1369
1370
1369
1370
1373
1378
1377
1387
1378
1378
1375
1384
1382
1381
1385
1375
1389
1386
1382
1380
1389
1374
1381
1374
1376
1376
1373
1380
1377
1381
1375
1373
1367
1382
1380
1377
1377
1374
1374
1375
1378
1373
1371
1377
1374
1391
1365
1373
1378
1380
1377
1386
1377
1378
1365
1381
1384
1385
1377
1387
1387
1386
1387
1385
1385
1390
1381
1386
1390
1375
1386
1384
1384
1378
1378
1389
1393
1389
1397
1384
1385
1380
1381
1387
1389
1378
1379
1387
1390
1393
1390
1390
1386
1382
1385
1378
1387
1387
1384
1381
1380
1384
1391
1393
1378
1399
1389
1397
1387
1397
1390
1382
1389
1377
1394
1391
1389
1397
1401
1393
1403
1398
1399
1397
1394
1393
1389
1381
1391
1393
1386
1389
1391
1385
1373
1386
1378
1375
1385
1378
1380
1387
1378
1374
1389
1390
1384
1394
1389
1386
1386
1393
1390
1397
1393
1396
1393
1387
1389
1402
1398
1386
1393
1389
1390
1399
1389
1397
1391
1382
1394
1387
1392
1396
1389
1393
1394
1401
1396
1400
1408
1400
1410
1406
1413
1393
1416
1406
1418
1402
1414
1417
1418
1413
1421
1419
1417
1424
1419
1421
1419
1409
1419
1419
1416
1412
1420
1421
1429
1425
1424
1413
1421
1421
1422
1424
1428
1429
1428
1434
1437
1437
1438
1441
1457
1450
1466
1461
1460
1463
1471
1471
1474
1469
1474
1474
1467
1474
1463
1466
1467
1453
1467
1458
1461
1450
1448
1443
1437
1442
1445
1435
1430
1429
1435
1429
1434
1428
1426
1430
1430
1429
1422
1422
1438
1439
1430
1426
1429
1434
1424
1426
1430
1431
1434
1424
1421
1416
1418
1426
1422
1421
1413
1410
1418
1410
1413
1421
1418
1421
1425
1410
1418
1414
1431
1424
1431
1424
1431
1434
1417
1430
1431
1435
1431
1433
1433
1437
1430
1426
1435
1425
1421
1426
1428
1412
1422
1419
1418
1414
1418
1421
1413
1405
1421
1413
1421
1417
1413
1421
1424
1422
1422
1426
1429
1429
1425
1428
1431
1421
1418
1431
1425
1429
1425
1425
1421
1421
1418
1410
1412
1410
1412
1402
1399
1407
1406
1414
1415
1433
1451
1466
1482
1518
1547
1590
1623
1682
1730
1778
1842
1901
1962
2037
2101
2158
2222
2285
2333
2375
2426
2438
2469
2477
2479
2455
2430
2390
2344
2274
2201
2118
2027
1918
1815
1718
1623
1519
1418
1325
1253
1176
1106
1061
1045
1021
1013
1014
1033
1058
1105
1147
1192
1245
1307
1365
1422
1483
1525
1557
1591
1626
1642
1649
1657
1665
1658
1629
1606
1594
1558
1530
1510
1482
1442
1418
1394
1380
1365
1357
1339
1345
1338
1349
1345
1355
1381
1396
1399
1421
1442
1450
1461
1486
1498
1497
1510
1522
1519
1525
1522
1505
1515
1509
1488
1493
1477
1471
1462
1461
1456
1445
1437
1437
1426
1434
1429
1433
1426
1453
1441
1445
1449
1455
1469
1478
1486
1490
1493
1498
1502
1505
1513
1501
1519
1503
1509
1506
1493
1514
1498
1503
1493
1501
1497
1495
1503
1492
1498
1490
1497
1492
1508
1502
1493
1503
1502
1509
1506
1512
1507
1503
1512
1503
1502
1506
1517
1508
1498
1512
1498
1512
1505
1519
1514
1503
1509
1525
1517
1512
1513
1527
1525
1514
1519
1525
1533
1526
1533
1532
1533
1541
1532
1544
1538
1542
1538
1547
1546
1537
1549
1553
1557
1545
1552
1554
1561
1552
1547
1556
1554
1563
1565
1566
1554
1554
1568
1570
1578
1565
1574
1571
1586
1573
1574
1590
1589
1583
1588
1590
1591
1589
1602
1597
1602
1616
1610
1616
1615
1629
1634
1637
1637
1641
1641
1646
1637
1638
1658
1657
1653
1669
1662
1665
1666
1673
1674
1662
1661
1666
1677
1673
1666
1661
1678
1678
1674
1664
1668
1674
1670
1667
1661
1682
1673
1671
1690
1690
1679
1681
1693
1681
1689
1685
1686
1690
1685
1684
1679
1685
1677
1673
1682
1679
1677
1677
1658
1655
1650
1643
1642
1634
1631
1633
1623
1618
1610
1605
1595
1602
1578
1581
1581
1578
1568
1570
1565
1557
1559
1552
1550
1543
1549
1534
1527
1533
1530
1533
1519
1508
1514
1510
1495
1486
1498
1499
1482
1481
1481
1471
1473
1471
1482
1482
1461
1471
1477
1474
1453
1465
1470
1463
1450
1453
1458
1467
1465
1458
1455
1451
1453
1455
1453
1466
1458
1457
1457
1467
1450
1453
1454
1455
1454
1455
1445
1450
1458
1448
1450
1455
1455
1457
1458
1451
1467
1450
1453
1455
1450
1445
1449
1442
1442
1451
1447
1442
1450
1453
1440
1438
1442
1444
1441
1442
1435
1431
1426
1442
1431
1435
1434
1435
1441
1449
1439
1446
1446
1452
1449
1457
1461
1452
1455
1450
1453
1461
1455
1453
1457
1450
1446
1448
1449
1437
1451
1443
1444
1440
1437
1448
1441
1438
1440
1449
1438
1429
1442
1431
1429
1437
1439
1437
1443
1444
1437
1435
1433
1431
1426
1429
1442
1423
1429
1436
1430
1429
1422
1434
1429
1430
1425
1428
1431
1435
1434
1429
1433
1429
1430
1426
1426
1439
1433
1434
1425
1446
1433
1442
1433
1438
1442
1434
1433
1433
1446
1442
1444
1442
1434
1431
1435
1451
1442
1436
1445
1438
1444
1442
1446
1450
1450
1458
1442
1465
1458
1451
1445
1449
1457
1450
1450
1440
1437
1450
1450
1437
1445
1440
1426
1425
1419
1429
1429
1418
1413
1426
1429
1421
1426
1421
1424
1426
1426
1423
1434
1434
1438
1425
1428
1437
1439
1437
1445
1443
1440
1449
1442
1437
1437
1446
1431
1450
1445
1437
1445
1437
1445
1447
1451
1438
1433
1426
1434
1441
1426
1429
1426
1426
1434
1433
1431
1429
1434
1430
1426
1437
1433
1437
1440
1434
1433
1429
1440
1445
1440
1440
1445
1435
1442
1426
1429
1435
1438
1426
1429
1424
1431
1433
1425
1435
1431
1425
1431
1427
1434
1426
1428
1426
1426
1421
1430
1426
1421
1428
1423
1434
1422
1429
1428
1445
1433
1430
1440
1442
1438
1437
1441
1448
1441
1426
1426
1445
1434
1437
1433
1434
1441
1444
1434
1435
1441
1435
1435
1438
1450
1445
1442
1445
1441
1433
1445
1440
1449
1442
1438
1429
1446
1445
1445
1444
1450
1442
1445
1445
1466
1442
1451
1442
1450
1455
1469
1461
1460
1461
1461
1462
1463
1463
1466
1474
1463
1461
1473
1471
1485
1478
1477
1485
1490
1482
1490
1485
1482
1492
1485
1492
1490
1503
1495
1493
1501
1501
1493
1501
1498
1493
1498
1508
1498
1502
1491
1493
1495
1495
1489
1493
1480
1485
1481
1474
1479
1470
1462
1465
1465
1461
1461
1465
1455
1448
1450
1453
1443
1445
1442
1446
1445
1449
1437
1438
1450
1449
1437
1441
1438
1431
1441
1442
1433
1441
1449
1434
1437
1437
1430
1431
1428
1440
1431
1434
1430
1430
1427
1422
1428
1442
1439
1424
1422
1428
1426
1421
1429
1418
1418
1428
1421
1421
1433
1431
1426
1429
1434
1437
1429
1433
1434
1441
1435
1445
1437
1450
1437
1437
1435
1434
1429
1426
1422
1430
1429
1426
1421
1421
1418
1419
1407
1402
1414
1402
1409
1405
1397
1399
1389
1392
1387
1394
1391
1387
1402
1397
1405
1428
1445
1460
1471
1509
1546
1558
1605
1658
1706
1754
1797
1876
1918
1983
2057
2114
2185
2239
2297
2337
2379
2411
2443
2465
2461
2458
2434
2402
2370
2309
2237
2153
2073
1995
1877
1786
1673
1576
1463
1357
1288
1198
1147
1087
1042
1009
1004
994
1012
1019
1061
1098
1141
1194
1254
1309
1365
1425
1485
1526
1565
1594
1620
1641
1653
1658
1649
1638
1624
1590
1569
1545
1524
1483
1445
1429
1403
1375
1346
1334
1317
1329
1307
1320
1319
1326
1337
1355
1370
1384
1412
1422
1421
1450
1461
1474
1499
1501
1501
1506
1509
1495
1508
1498
1493
1470
1470
1469
1454
1445
1444
1430
1434
1434
1421
1418
1418
1416
1413
1418
1421
1421
1426
1429
1437
1431
1434
1450
1451
1453
1466
1458
1462
1461
1465
1466
1467
1471
1470
1470
1461
1461
1461
1461
1460
1460
1463
1453
1455
1460
1458
1471
1458
1461
1451
1467
1454
1462
1469
1466
1466
1461
1471
1471
1471
1473
1477
1466
1474
1474
1480
1485
1485
1483
1480
1487
1481
1477
1489
1481
1482
1483
1473
1488
1488
1493
1499
1501
1490
1494
1501
1498
1506
1506
1499
1505
1508
1506
1501
1503
1509
1505
1517
1512
1503
1518
1502
1506
1513
1515
1515
1527
1521
1522
1515
1517
1526
1522
1521
1533
1533
1531
1541
1534
1533
1549
1554
1545
1556
1559
1542
1559
1547
1573
1557
1576
1559
1565
1569
1565
1574
1573
1576
1579
1579
1576
1586
1586
1589
1594
1589
1604
1589
1594
1595
1605
1610
1614
1614
1611
1621
1608
1609
1631
1629
1637
1634
1630
1626
1624
1634
1634
1633
1645
1638
1637
1643
1623
1637
1639
1633
1636
1637
1641
1633
1634
1627
1622
1637
1630
1622
1613
1618
1614
1621
1614
1609
1616
1589
1600
1602
1597
1597
1591
1578
1577
1570
1576
1569
1557
1557
1554
1554
1552
1541
1526
1535
1530
1521
1522
1506
1496
1513
1485
1485
1488
1483
1474
1461
1470
1471
1453
1450
1446
1449
1456
1440
1450
1434
1434
1434
1437
1442
1439
1433
1435
1422
1430
1439
1433
1434
1434
1424
1425
1437
1422
1433
1431
1426
1417
1425
1426
1418
1410
1418
1409
1414
1405
1398
1414
1410
1403
1410
1410
1405
1402
1413
1400
1405
1407
1413
1397
1410
1405
1413
1403
1405
1403
1410
1410
1406
1407
1413
1406
1412
1403
1398
1410
1411
1414
1405
1407
1401
1410
1410
1412
1403
1406
1406
1410
1418
1398
1415
1413
1416
1412
1418
1410
1412
1414
1413
1421
1409
1406
1405
1403
1416
1416
1411
1407
1399
1410
1414
1410
1406
1405
1417
1412
1419
1425
1426
1421
1416
1426
1431
1418
1421
1413
1428
1421
1424
1416
1428
1422
1424
1418
1425
1426
1421
1419
1421
1414
1410
1421
1416
1419
1421
1418
1421
1414
1409
1416
1413
1419
1421
1421
1416
1413
1412
1421
1412
1410
1413
1428
1418
1412
1410
1416
1417
1421
1418
1422
1418
1412
1428
1417
1428
1418
1422
1416
1410
1418
1422
1423
1419
1422
1421
1421
1419
1417
1414
1418
1402
1414
1417
1414
1407
1403
1418
1416
1410
1417
1401
1403
1402
1413
1405
1409
1403
1399
1396
1397
1403
1405
1410
1399
1407
1397
1406
1405
1416
1418
1406
1407
1405
1407
1399
1411
1399
1407
1405
1410
1398
1406
1407
1397
1405
1407
1403
1402
1407
1405
1409
1413
1411
1409
1407
1399
1425
1410
1416
1416
1413
1424
1423
1421
1426
1430
1413
1428
1426
1426
1434
1421
1425
1428
1421
1419
1424
1429
1431
1431
1433
1421
1421
1422
1428
1419
1422
1428
1421
1425
1421
1419
1419
1419
1428
1421
1419
1421
1421
1428
1417
1426
1422
1424
1421
1419
1417
1437
1434
1434
1421
1421
1424
1421
1424
1426
1419
1421
1424
1434
1416
1424
1427
1426
1426
1421
1421
1417
1413
1413
1417
1413
1426
1431
1418
1424
1418
1434
1423
1428
1434
1434
1429
1437
1437
1430
1425
1433
1430
1426
1426
1431
1426
1419
1424
1425
1423
1414
1410
1412
1405
1413
1405
1397
1406
1405
1419
1412
1418
1417
1418
1414
1414
1430
1426
1424
1422
1425
1431
1441
1444
1438
1448
1435
1440
1448
1454
1437
1442
1448
1450
1446
1442
1442
1444
1445
1450
1454
1445
1450
1442
1453
1443
1434
1450
1446
1437
1450
1445
1458
1442
1451
1461
1455
1461
1463
1474
1474
1476
1477
1480
1492
1482
1489
1493
1493
1502
1501
1492
1498
1495
1498
1493
1498
1499
1485
1493
1492
1490
1477
1476
1477
1469
1465
1467
1461
1460
1465
1454
1458
1454
1451
1457
1462
1449
1445
1458
1461
1455
1461
1466
1445
1454
1458
1450
1449
1451
1448
1455
1439
1445
1446
1437
1442
1434
1431
1442
1426
1426
1429
1431
1422
1421
1433
1426
1419
1425
1428
1429
1427
1422
1433
1421
1421
1430
1430
1437
1426
1426
1425
1421
1430
1423
1426
1421
1418
1437
1424
1425
1418
1425
1418
1421
1428
1424
1424
1419
1429
1417
1418
1422
1412
1428
1425
1429
1428
1437
1426
1435
1419
1429
1442
1425
1437
1434
1425
1426
1416
1416
1409
1405
1397
1407
1398
1397
1390
1387
1401
1405
1405
1402
1419
1428
1453
1469
1501
1526
1562
1610
1657
1710
1753
1812
1881
1954
2018
2085
2153
2208
2269
2333
2389
2436
2469
2487
2505
2505
2494
2468
2425
2382
2318
2238
2157
2074
1967
1862
1749
1650
1534
1437
1330
1246
1172
1099
1061
1017
993
987
985
1005
1036
1056
1101
1162
1213
1282
1322
1393
1437
1483
1531
1569
1597
1621
1642
1640
1645
1626
1613
1602
1570
1540
1508
1477
1450
1421
1390
1373
1341
1325
1312
1306
1290
1298
1300
1314
1320
1339
1344
1366
1397
1405
1421
1429
1438
1461
1474
1489
1494
1486
1495
1483
1497
1495
1489
1481
1470
1457
1461
1438
1446
1419
1429
1421
1414
1410
1413
1410
1409
1419
1408
1422
1425
1417
1440
1433
1450
1437
1453
1453
1450
1453
1458
1460
1451
1458
1448
1462
1455
1454
1442
1444
1441
1442
1442
1442
1433
1430
1436
1430
1429
1437
1434
1442
1434
1430
1434
1444
1438
1446
1442
1460
1457
1454
1460
1473
1466
1466
1473
1466
1473
1480
1473
1481
1488
1485
1474
1488
1474
1482
1477
1482
1473
1473
1478
1482
1474
1478
1477
1477
1486
1480
1482
1485
1477
1482
1487
1495
1494
1501
1506
1490
1498
1503
1512
1513
1515
1515
1519
1525
1517
1525
1521
1517
1533
1527
1527
1538
1527
1533
1537
1542
1533
1542
1543
1540
1537
1535
1541
1553
1544
1538
1546
1552
1554
1550
1566
1562
1562
1562
1570
1573
1573
1582
1578
1591
1588
1585
1598
1594
1594
1606
1604
1610
1616
1610
1621
1616
1629
1623
1617
1623
1626
1630
1621
1621
1626
1637
1637
1629
1640
1637
1647
1645
1649
1649
1650
1653
1659
1646
1659
1654
1653
1650
1650
1658
1652
1650
1658
1647
1645
1633
1652
1634
1633
1629
1631
1618
1610
1602
1601
1601
1586
1578
1578
1576
1572
1568
1573
1557
1554
1538
1557
1542
1534
1530
1533
1530
1525
1519
1517
1521
1512
1509
1501
1505
1493
1489
1482
1486
1480
1473
1465
1461
1466
1466
1453
1445
1445
1445
1437
1439
1445
1446
1441
1433
1428
1423
1437
1434
1435
1434
1425
1428
1425
1426
1429
1421
1411
1414
1410
1402
1402
1407
1407
1410
1405
1405
1413
1413
1399
1410
1406
1410
1414
1415
1412
1417
1407
1405
1410
1418
1424
1424
1420
1424
1426
1419
1431
1421
1422
1430
1433
1425
1418
1421
1422
1421
1411
1421
1418
1415
1418
1418
1413
1418
1407
1406
1413
1410
1405
1410
1402
1399
1405
1425
1414
1416
1413
1413
1415
1405
1413
1401
1429
1407
1413
1412
1401
1410
1416
1406
1419
1410
1416
1421
1421
1416
1417
1409
1416
1421
1424
1417
1405
1418
1418
1410
1405
1413
1421
1407
1414
1418
1412
1421
1425
1424
1417
1425
1419
1425
1428
1428
1421
1432
1424
1428
1429
1433
1438
1437
1437
1441
1445
1437
1450
1448
1437
1445
1437
1442
1438
1429
1434
1440
1442
1441
1442
1433
1430
1440
1434
1433
1434
1428
1433
1440
1431
1435
1426
1429
1421
1429
1431
1425
1437
1426
1434
1418
1441
1429
1432
1421
1429
1424
1421
1437
1423
1418
1424
1424
1427
1426
1425
1418
1426
1419
1417
1418
1418
1413
1426
1418
1410
1410
1410
1413
1414
1418
1410
1413
1423
1414
1406
1413
1412
1410
1413
1410
1405
1397
1399
1402
1394
1410
1390
1389
1401
1403
1393
1397
1412
1399
1397
1403
1393
1399
1405
1405
1404
1407
1400
1398
1394
1402
1406
1399
1399
1402
1406
1394
1396
1399
1405
1396
1396
1397
1401
1405
1403
1398
1397
1391
1397
1398
1387
1393
1390
1382
1387
1393
1393
1384
1378
1367
1378
1370
1375
1371
1360
1367
1360
1358
1349
1357
1361
1352
1345
1350
1354
1345
1348
1354
1348
1352
1355
1355
1349
1344
1348
1344
1339
1345
1333
1350
1332
1328
1330
1330
1320
1317
1321
1325
1316
1330
1314
1309
1313
1317
1313
1307
1306
1309
1301
1298
1298
1298
1303
1294
1291
1281
1289
1286
1284
1281
1285
1274
1277
1271
1266
1265
1271
1270
1268
1259
1263
1263
1261
1258
1241
1258
1253
1250
1243
1246
1245
1242
1239
1235
1238
1242
1229
1225
1234
1230
1227
1217
1236
1221
1230
1211
1218
1213
1213
1217
1222
1207
1204
1195
1198
1198
1194
1194
1190
1179
1181
1177
1170
1173
1161
1161
1162
1149
1152
1146
1131
1135
1141
1130
1129
1129
1125
1133
1130
1122
1126
1138
1125
1129
1133
1140
1133
1142
1141
1141
1146
1141
1141
1149
1149
1145
1154
1138
1153
1142
1149
1146
1152
1157
1156
1153
1161
1165
1165
1161
1169
1169
1175
1179
1184
1184
1186
1194
1181
1190
1178
1188
1186
1195
1202
1192
1179
1190
1182
1186
1186
1194
1173
1185
1186
1181
1193
1190
1183
1188
1186
1173
1183
1185
1175
1178
1170
1173
1181
1173
1167
1168
1161
1160
1161
1163
1157
1162
1163
1162
1162
1170
1180
1197
1210
1226
1266
1289
1322
1364
1406
1442
1501
1546
1605
1669
1741
1807
1861
1910
1972
2017
2065
2116
2146
2159
2181
2177
2171
2152
2117
2080
2021
1942
1882
1786
1691
1593
1501
1390
1288
1194
1096
1015
948
874
814
792
757
757
754
765
788
805
862
909
957
1009
1066
1125
1166
1210
1263
1305
1338
1355
1380
1387
1386
1387
1362
1344
1330
1307
1281
1258
1219
1189
1166
1141
1121
1104
1079
1083
1066
1066
1073
1071
1085
1093
1109
1122
1146
1161
1182
1189
1205
1215
1218
1238
1237
1256
1245
1258
1261
1256
1245
1246
1238
1226
1204
1199
1197
1194
1178
1178
1173
1165
1178
1181
1168
1165
1178
1172
1170
1179
1184
1181
1181
1194
1195
1201
1213
1209
1213
1226
1229
1237
1233
1234
1236
1238
1229
1229
1229
1237
1239
1221
1242
1226
1236
1233
1229
1234
1237
1242
1242
1230
1239
1236
1243
1245
1250
1245
1242
1241
1249
1250
1252
1239
1259
1250
1247
1253
1245
1253
1252
1238
1242
1245
1245
1250
1249
1245
1257
1256
1247
1261
1253
1257
1253
1257
1249
1265
1266
1261
1265
1266
1270
1275
1261
1274
1273
1277
1277
1275
1282
1277
1276
1280
1282
1291
1274
1290
1296
1301
1294
1294
1301
1301
1290
1301
1301
1306
1301
1306
1301
1307
1306
1309
1322
1317
1313
1322
1321
1318
1322
1330
1332
1332
1337
1339
1333
1327
1333
1338
1332
1329
1341
1337
1338
1338
1349
1349
1348
1346
1345
1357
1357
1357
1354
1354
1365
1355
1365
1358
1349
1353
1344
1338
1335
1327
1333
1322
1314
1307
1302
1294
1296
1285
1274
1275
1269
1259
1266
1258
1253
1256
1241
1250
1253
1250
1246
1242
1237
1249
1243
1243
1234
1236
1234
1218
1213
1214
1213
1206
1199
1178
1185
1178
1160
1153
1153
1138
1122
1128
1109
1099
1098
1074
1077
1077
1067
1071
1069
1064
1055
1049
1046
1042
1048
1042
1037
1040
1038
1032
1029
1034
1030
1032
1028
1026
1025
1025
1021
1022
1034
1026
1030
1035
1039
1045
1040
1036
1045
1032
1050
1038
1041
1045
1053
1064
1050
1055
1063
1074
1061
1061
1062
1071
1076
1069
1065
1066
1064
1057
1058
1064
1059
1053
1053
1046
1046
1050
1044
1054
1030
1042
1042
1034
1038
1045
1037
1037
1037
1032
1035
1022
1019
1037
1018
1029
1022
1010
1021
1024
1010
1002
1013
1014
1013
993
996
1005
1005
990
985
991
983
989
983
974
978
970
974
962
968
971
977
962
965
971
968
955
962
954
962
959
958
962
958
965
965
962
958
973
950
971
970
966
968
973
974
971
971
970
977
973
970
969
975
968
969
980
977
983
985
982
968
965
971
986
990
973
981
974
991
986
976
978
977
981
995
991
987
1002
997
997
1005
1009
1000
1006
1021
1018
1013
1010
1026
1025
1028
1026
1035
1030
1030
1017
1039
1038
1044
1044
1042
1041
1050
1045
1044
1051
1054
1052
1057
1056
1047
1064
1067
1078
1058
1069
1081
1069
1085
1079
1082
1090
1085
1082
1093
1093
1085
1088
1093
1090
1108
1102
1096
1093
1097
1101
1106
1114
1108
1119
1119
1119
1134
1130
1117
1137
1142
1135
1149
1154
1144
1152
1149
1149
1165
1168
1159
1160
1156
1170
1168
1179
1181
1186
1189
1189
1193
1197
1193
1201
1204
1211
1205
1222
1215
1227
1245
1234
1234
1239
1247
1253
1250
1257
1263
1275
1275
1281
1285
1290
1282
1282
1300
1300
1301
1300
1297
1317
1312
1309
1317
1309
1314
1327
1309
1316
1322
1314
1312
1325
1327
1322
1323
1325
1323
1328
1338
1333
1338
1327
1339
1349
1337
1341
1332
1339
1357
1349
1352
1349
1355
1354
1351
1356
1362
1364
1354
1353
1357
1370
1364
1365
1368
1355
1365
1367
1361
1366
1362
1369
1378
1365
1365
1371
1362
1367
1373
1363
1365
1373
1365
1378
1373
1373
1375
1389
1386
1398
1382
1397
1389
1402
1396
1413
1406
1416
1402
1407
1409
1419
1418
1419
1422
1418
1418
1423
1425
1419
1431
1425
1426
1429
1438
1430
1435
1434
1429
1421
1427
1429
1433
1433
1429
1437
1430
1429
1426
1428
1434
1422
1421
1428
1422
1418
1426
1421
1417
1414
1422
1410
1412
1410
1397
1413
1409
1409
1410
1415
1405
1413
1402
1402
1410
1397
1416
1405
1406
1410
1407
1406
1403
1413
1401
1398
1401
1409
1413
1407
1413
1407
1402
1398
1407
1403
1402
1387
1399
1397
1393
1379
1394
1394
1385
1402
1385
1397
1393
1396
1398
1390
1391
1394
1389
1393
1397
1389
1396
1378
1394
1386
1387
1393
1393
1389
1390
1385
1382
1386
1378
1389
1390
1393
1395
1390
1389
1390
1386
1399
1401
1394
1389
1391
1386
1388
1385
1373
1370
1373
1370
1371
1370
1380
1381
1378
1405
1407
1431
1445
1469
1493
1533
1573
1627
1669
1725
1781
1837
1901
1970
2024
2085
2152
2206
2258
2314
2343
2388
2418
2436
2430
2411
2397
2363
2315
2266
2186
2102
2017
1921
1818
1701
1616
1506
1424
1314
1237
1156
1093
1042
1013
978
969
971
989
1027
1053
1106
1146
1198
1249
1307
1367
1423
1462
1512
1537
1563
1594
1605
1616
1616
1594
1583
1557
1535
1515
1482
1448
1422
1387
1366
1333
1320
1303
1296
1280
1270
1282
1278
1298
1301
1306
1335
1349
1352
1377
1394
1411
1423
1434
1435
1445
1458
1458
1460
1465
1458
1458
1455
1444
1428
1437
1419
1429
1418
1403
1407
1402
1389
1386
1390
1402
1393
1405
1402
1407
1396
1410
1407
1419
1423
1431
1440
1448
1439
1461
1448
1450
1455
1450
1457
1454
1453
1458
1451
1457
1461
1453
1443
1450
1449
1445
1448
1437
1440
1442
1440
1429
1434
1434
1437
1448
1448
1440
1437
1445
1445
1450
1461
1446
1453
1453
1461
1471
1462
1465
1458
1463
1466
1465
1455
1466
1473
1461
1471
1471
1474
1474
1477
1473
1481
1477
1479
1469
1467
1482
1466
1477
1483
1482
1482
1490
1489
1489
1495
1492
1497
1501
1502
1501
1498
1503
1502
1502
1506
1517
1515
1519
1516
1519
1509
1525
1525
1525
1529
1528
1525
1533
1538
1524
1531
1533
1547
1535
1546
1546
1546
1559
1557
1563
1570
1570
1568
1565
1572
1582
1589
1598
1589
1590
1595
1595
1595
1617
1616
1620
1625
1625
1627
1631
1625
1637
1650
1642
1646
1653
1652
1656
1669
1653
1669
1673
1658
1666
1661
1665
1668
1673
1666
1664
1669
1662
1659
1670
1669
1662
1666
1652
1654
1666
1672
1661
1664
1662
1664
1661
1664
1652
1641
1658
1655
1654
1645
1653
1631
1634
1633
1627
1637
1618
1623
1617
1613
1599
1601
1589
1589
1589
1581
1573
1558
1549
1556
1547
1526
1534
1529
1530
1530
1514
1515
1510
1514
1510
1503
1495
1494
1485
1505
1488
1492
1490
1476
1475
1482
1477
1482
1467
1463
1467
1467
1458
1454
1458
1455
1445
1454
1439
1440
1440
1434
1440
1422
1429
1422
1418
1425
1433
1424
1417
1424
1413
1418
1421
1424
1423
1421
1413
1417
1422
1425
1421
1418
1419
1421
1409
1414
1413
1413
1406
1407
1403
1410
1413
1405
1405
1397
1403
1414
1399
1389
1402
1405
1403
1397
1398
1406
1410
1414
1413
1416
1402
1413
1415
1425
1430
1429
1421
1426
1421
1428
1417
1429
1421
1425
1427
1424
1421
1419
1418
1414
1418
1410
1412
1406
1406
1417
1408
1410
1412
1414
1406
1409
1410
1402
1413
1397
1417
1406
1410
1424
1417
1411
1402
1417
1415
1416
1416
1419
1430
1430
1418
1426
1429
1424
1422
1430
1437
1428
1426
1425
1428
1428
1424
1417
1425
1425
1429
1424
1434
1424
1423
1418
1426
1416
1433
1428
1435
1424
1425
1428
1426
1430
1426
1433
1426
1428
1430
1424
1425
1435
1426
1426
1426
1424
1424
1418
1422
1423
1419
1423
1418
1421
1422
1426
1419
1421
1424
1420
1424
1416
1417
1424
1418
1418
1415
1418
1413
1421
1425
1425
1419
1418
1422
1417
1422
1417
1419
1407
1418
1421
1424
1425
1418
1421
1419
1421
1410
1413
1418
1424
1421
1422
1414
1406
1421
1423
1418
1405
1421
1418
1405
1413
1412
1417
1422
1413
1418
1421
1410
1417
1410
1410
1409
1407
1417
1410
1416
1401
1413
1407
1418
1410
1413
1414
1414
1413
1418
1406
1417
1422
1418
1426
1418
1417
1426
1417
1421
1435
1426
1422
1421
1428
1425
1433
1426
1429
1425
1418
1429
1430
1426
1424
1426
1426
1425
1437
1429
1429
1445
1450
1430
1444
1442
1446
1449
1445
1453
1453
1445
1443
1434
1440
1445
1448
1440
1440
1437
1442
1445
1442
1440
1443
1448
1441
1440
1445
1451
1450
1449
1450
1438
1445
1441
1448
1453
1450
1442
1445
1450
1462
1453
1450
1463
1461
1466
1465
1455
1458
1455
1473
1461
1473
1458
1466
1457
1455
1474
1471
1473
1466
1463
1466
1465
1485
1474
1470
1474
1482
1485
1488
1482
1490
1490
1490
1494
1505
1509
1512
1510
1519
1525
1538
1527
1546
1547
1541
1556
1550
1549
1565
1565
1562
1568
1554
1556
1562
1552
1565
1559
1558
1547
1570
1559
1553
1547
1562
1541
1557
1556
1549
1550
1547
1549
1547
1546
1546
1540
1546
1547
1545
1552
1544
1546
1553
1547
1553
1552
1553
1546
1546
1551
1554
1547
1547
1540
1554
1540
1538
1539
1542
1535
1535
1544
1535
1546
1538
1537
1542
1538
1538
1534
1534
1538
1532
1533
1544
1534
1537
1547
1538
1549
1552
1541
1549
1546
1549
1553
1547
1558
1552
1562
1545
1551
1549
1546
1551
1557
1540
1554
1553
1555
1546
1553
1552
1544
1552
1549
1553
1565
1557
1558
1545
1550
1549
1547
1557
1538
1549
1546
1542
1541
1544
1530
1537
1534
1540
1533
1541
1538
1550
1547
1551
1578
1594
1618
1645
1675
1704
1757
1797
1839
1887
1952
2004
2068
2130
2194
2266
2320
2388
2437
2496
2533
2586
2593
2609
2621
2617
2603
2557
2518
2453
2381
2301
2223
2134
2025
1926
1822
1711
1622
1538
1437
1374
1301
1246
1199
1179
1178
1169
1178
1210
1234
1286
1318
1375
1434
1486
1535
1591
1645
1678
1722
1746
1762
1782
1795
1785
1794
1773
1754
1730
1693
1678
1653
1618
1585
1561
1541
1528
1502
1488
1480
1477
1483
1485
1497
1506
1518
1527
1541
1560
1570
1597
1604
1633
1626
1646
1655
1650
1673
1658
1666
1659
1655
1641
1653
1633
1629
1626
1613
1604
1597
1597
1593
1590
1589
1586
1591
1590
1583
1591
1605
1595
1609
1611
1613
1624
1637
1642
1645
1637
1653
1647
1653
1642
1657
1652
1636
1652
1637
1648
1643
1658
1637
1642
1645
1627
1627
1629
1627
1633
1634
1635
1631
1633
1633
1634
1645
1629
1647
1645
1638
1645
1650
1650
1642
1636
1642
1649
1655
1650
1647
1653
1646
1659
1659
1657
1666
1657
1666
1669
1659
1661
1664
1659
1665
1665
1666
1666
1675
1670
1666
1671
1678
1678
1689
1680
1681
1692
1690
1694
1701
1699
1702
1693
1710
1710
1704
1716
1713
1711
1713
1717
1713
1725
1733
1730
1719
1721
1732
1734
1722
1748
1730
1741
1737
1742
1745
1743
1768
1762
1761
1771
1762
1770
1765
1789
1787
1786
1783
1794
1786
1786
1789
1801
1798
1813
1807
1802
1809
1817
1803
1808
1808
1797
1813
1810
1808
1818
1818
1818
1813
1808
1814
1817
1821
1823
1830
1829
1838
1844
1841
1850
1850
1851
1847
1850
1858
1861
1853
1854
1866
1858
1866
1858
1857
1844
1839
1849
1853
1834
1834
1829
1830
1818
1810
1810
1802
1805
1802
1790
1793
1776
1781
1794
1781
1780
1769
1771
1773
1765
1757
1755
1759
1754
1746
1738
1733
1723
1719
1722
1705
1705
1706
1696
1698
1690
1693
1673
1674
1668
1669
1661
1661
1657
1658
1641
1638
1647
1646
1640
1634
1639
1636
1633
1637
1629
1634
1637
1631
1637
1630
1638
1626
1621
1622
1626
1613
1623
1622
1613
1610
1607
1617
1589
1602
1604
1598
1585
1588
1589
1589
1589
1581
1579
1574
1583
1585
1573
1574
1578
1577
1578
1584
1582
1579
1578
1581
1582
1591
1602
1594
1583
1602
1594
1586
1584
1585
1583
1581
1586
1577
1576
1572
1563
1573
1572
1577
1581
1572
1575
1573
1569
1570
1573
1572
1573
1565
1568
1578
1573
1563
1576
1569
1566
1578
1573
1583
1576
1578
1581
1578
1586
1581
1573
1577
1581
1581
1589
1576
1585
1589
1597
1594
1594
1586
1597
1597
1605
1594
1600
1586
1595
1602
1602
1609
1591
1597
1588
1597
1610
1598
1593
1602
1591
1600
1601
1605
1597
1597
1602
1595
1594
1593
1586
1594
1589
1600
1594
1593
1598
1589
1595
1598
1591
1597
1597
1608
1607
1597
1590
1611
1611
1601
1608
1608
1613
1602
1602
1600
1604
1599
1597
1600
1620
1607
1604
1597
1602
1610
1616
1606
1598
1613
1613
1609
1624
1616
1613
1611
1617
1617
1621
1608
1617
1629
1626
1631
1629
1629
1620
1629
1623
1625
1631
1625
1630
1637
1631
1639
1629
1637
1627
1647
1646
1646
1642
1647
1650
1643
1650
1637
1637
1634
1647
1643
1650
1643
1650
1645
1639
1637
1650
1636
1645
1645
1652
1650
1657
1650
1643
1650
1647
1654
1650
1664
1658
1669
1661
1655
1666
1650
1669
1658
1665
1652
1661
1659
1674
1672
1661
1665
1669
1675
1665
1670
1659
1674
1674
1661
1669
1675
1682
1669
1675
1672
1674
1678
1682
1680
1673
1674
1678
1679
1682
1687
1677
1675
1675
1690
1682
1682
1678
1675
1674
1680
1678
1672
1680
1673
1684
1677
1681
1677
1677
1670
1682
1687
1672
1672
1674
1682
1674
1677
1678
1687
1691
1690
1698
1689
1704
1689
1691
1690
1687
1707
1686
1696
1698
1693
1690
1684
1682
1686
1682
1679
1690
1687
1687
1680
1680
1678
1687
1672
1674
1674
1679
1674
1675
1674
1681
1678
1677
1677
1673
1666
1669
1670
1672
1668
1658
1664
1673
1671
1666
1666
1669
1656
1666
1666
1666
1669
1666
1670
1678
1678
1677
1675
1677
1690
1690
1687
1687
1684
1706
1685
1693
1693
1697
1693
1697
1690
1690
1685
1690
1681
1681
1682
1675
1678
1677
1671
1669
1669
1679
1672
1669
1664
1669
1677
1669
1668
1677
1677
1691
1694
1690
1696
1694
1710
1706
1706
1709
1709
1716
1701
1706
1711
1705
1698
1698
1694
1697
1694
1691
1696
1704
1691
1701
1691
1686
1673
1690
1684
1677
1680
1680
1680
1689
1682
1693
1678
1691
1707
1695
1717
1716
1738
1741
1762
1762
1775
1777
1789
1805
1815
1834
1837
1854
1877
1890
1899
1908
1914
1915
1903
1869
1813
1725
1541
1247
832
289
0
15
2047
3071
3071
3071
3071
3071
3071
3071
3071
3071
3071
3071
3071
3071
3071
3071
3071
3071
3071
3071
3071
3071
3071
3071
3071
3071
3071
3071
3071
2047
2047
2047
3071
3071
3071
3071
3071
3071
3071
3071
3071
3071
3071
3071
3071
3071
3071
3071
3071
3071
3071
3071
3071
3071
3071
3071
3071
3071
3071
3071
3071
3071
3071
3071
3071
3071
3071
3071
3071
3071
3071
3071
3071
3071
3071
3071
3071
3071
3071
3071
3071
3071
3071
3071
3071
3071
3071
3071
3071
3071
3071
3071
3071
3071
3071
3071
3071
3071
3071
3071
3071
3071
3071
3071
3071
3071
3071
3071
3071
3071
3071
3071
3071
3071
3071
3071
3071
3071
3071
3071
3071
3071
3071
3071
3071
3071
3071
3071
3071
3071
3071
3071
3071
3071
3071
3071
3071
3071
3071
3071
3071
3071
3071
3071
3071
3071
3071
3071
3071
3071
3071
3071
3071
3071
3071
3071
3071
3071
3071
3071
3071
3071
3071
3071
3071
3071
3071
3071
3071
3071
3071
3071
3071
3071
3071
3071
3071
3071
3071
3071
3071
3071
3071
3071
3071
3071
3071
3071
3071
3071
3071
3071
3071
3071
3071
3071
3071
3071
3071
3071
3071
3071
3071
3071
3071
3071
3071
3071
3071
3071
3071
3071
3071
3071
3071
3071
3071
3071
3071
3071
3071
3071
3071
3071
3071
3071
3071
3071
3071
3071
3071
3071
3071
3071
3071
3071
3071
3071
3071
3071
3071
3071
3071
3071
3071
3071
3071
3071
3071
3071
3071
3071
3071
3071
3071
3071
3071
3071
3071
3071
3071
3071
3071
3071
3071
3071
3071
3071
3071
3071
3071
3071
3071
3071
3071
3071
3071
3071
3071
3071
3071
3071
3071
3071
3071
3071
3071
3071
3071
3071
3071
3071
3071
3071
3071
3071
3071
3071
3071
3071
3071
3071
3071
3071
3071
3071
3071
3071
3071
3071
3071
3071
3071
3071
3071
3071
3071
3071
3071
3071
3071
3071
3071
3071
3071
3071
3071
3071
3071
3071
3071
3071
3071
3071
3071
3071
3071
3071
3071
3071
3071
3071
3071
3071
3071
3071
3071
3071
3071
3071
3071
3071
3071
3071
3071
3071
3071
3071
3071
3071
3071
3071
3071
3071
3071
3071
3071
3071
3071
3071
3071
3071
3071
3071
3071
3071
3071
3071
3071
3071
3071
3071
3071
3071
3071
3071
3071
3071
3071
3071
3071
3071
3071
3071
3071
3071
3071
3071
3071
3071
3071
3071
3071
3071
3071
3071
3071
3071
3071
3071
3071
3071
3071
3071
3071
3071
3071
3071
3071
3071
3071
3071
3071
3071
3071
3071
3071
3071
3071
3071
3071
3071
3071
3071
3071
3071
3071
3071
3071
3071
3071
3071
3071
3071
3071
3071
3071
3071
3071
3071
3071
3071
3071
3071
3071
3071
3071
3071
3071
3071
3071
3071
3071
3071
3071
3071
3071
3071
3071
3071
3071
3071
3071
3071
3071
3071
3071
3071
3071
3071
3071
3071
3071
3071
3071
3071
3071
3071
3071
3071
3071
3071
3071
3071
3071
3071
3071
3071
3071
3071
3071
3071
3071
3071
3071
3071
3071
3071
3071
3071
3071
3071
3071
3071
3071
3071
3071
3071
3071
3071
3071
3071
3071
3071
3071
3071
3071
3071
3071
3071
3071
3071
3071
3071
3071
3071
3071
3071
3071
3071
3071
3071
3071
3071
3071
3071
3071
3071
3071
3071
3071
3071
3071
3071
3071
3071
3071
3071
3071
3071
3071
3071
3071
3071
3071
3071
3071
3071
3071
3071
3071
3071
3071
3071
3071
3071
3071
3071
3071
3071
3071
3071
3071
3071
3071
2047
2047
2047
3071
3071
3071
3071
3071
3071
3071
3071
3071
3071
3071
3071
3071
3071
3071
3071
3071
3071
3071
3071
3071
3071
3071
3071
3071
3071
3071
3071
3071
2047
0
0
1
1023
2047
3071
3071
3071
3071
3071
3071
3071
3071
3071
3071
3071
3071
3071
3071
3071
3071
3071
3071
3071
3071
3071
3071
3071
3071
3071
3071
3071
2047
0
0
0
0
0
0
1023
2047
3071
3071
3071
3071
3071
3071
3071
3071
3071
3071
3071
3071
3071
3071
3071
3071
3071
3071
3071
3071
3071
3071
3071
3071
3071
2047
0
0
142
246
178
0
0
0
63
2047
3071
3071
3071
3071
3071
3071
3071
3071
3071
3071
3071
3071
3071
3071
3071
3071
3071
3071
3071
3071
3071
3071
3071
3071
2047
0
0
82
383
514
478
317
57
0
0
0
2047
2047
3071
3071
3071
3071
3071
3071
3071
3071
3071
3071
3071
3071
3071
3071
3071
3071
3071
3071
3071
3071
3071
3071
3071
3071
3071
3071
3071
3071
3071
3071
3071
3071
3071
3071
3071
3071
3071
3071
3071
3071
3071
3071
3071
3071
3071
3071
3071
3071
3071
3071
3071
3071
3071
3071
3071
3071
3071
3071
3071
3071
3071
3071
3071
3071
3071
3071
3071
3071
3071
3071
3071
3071
3071
3071
3071
3071
3071
3071
3071
3071
3071
3071
3071
3071
3071
3071
3071
3071
3071
3071
3071
3071
3071
3071
3071
3071
3071
3071
3071
3071
3071
3071
3071
3071
3071
3071
3071
3071
3071
3071
3071
3071
3071
3071
3071
3071
3071
3071
3071
3071
3071
3071
3071
3071
3071
3071
3071
3071
3071
3071
3071
3071
3071
3071
3071
3071
3071
3071
3071
3071
3071
3071
3071
3071
3071
3071
3071
3071
3071
3071
3071
3071
3071
3071
3071
3071
3071
3071
3071
3071
3071
3071
3071
3071
3071
3071
3071
3071
3071
3071
3071
3071
3071
3071
3071
3071
2047
2047
2047
2047
2047
2047
2047
2047
2047
2047
2047
2047
2047
2047
2047
2047
2047
2047
2047
2047
2047
2047
2047
2047
2047
2047
2047
2047
2047
2047
2047
1919
1535
1023
1023
1023
895
511
511
383
255
255
127
63
63
15
3
0
0
0
0
0
0
0
0
0
0
0
0
0
0
0
0
0
0
0
0
0
0
0
0
0
0
0
0
0
0
0
0
0
0
0
0
0
0
0
0
0
0
0
0
0
0
0
0
0
0
0
0
0
0
0
0
0
0
0
0
0
0
0
0
0
2
20
