115
281
85.1
86.07
87.6
89.71
92.32
95.29
98.46
101.63
104.62
107.26
109.44
111.08
112.17
112.79
113.04
113.08
113.05
113.08
113.24
113.54
113.96
114.45
114.95
115.39
115.72
115.9
115.88
115.64
115.15
114.41
113.46
112.37
111.21
110.08
109.03
108.11
107.33
106.69
106.17
105.75
105.39
105.07
104.76
104.43
104.06
103.65
103.18
102.67
102.13
101.58
101.03
100.5
99.98
99.47
98.99
98.53
98.09
97.68
97.29
96.92
96.55
96.19
95.84
95.48
95.12
94.77
94.43
94.08
93.75
93.41
93.09
92.77
92.46
92.16
91.87
91.58
91.29
91.01
90.73
90.45
90.18
89.92
89.66
89.41
89.18
88.96
88.74
88.54
88.34
88.14
87.93
87.72
87.5
87.28
87.05
86.82
86.59
86.36
86.14
85.93
85.72
85.52
85.31
85.1
84.89
84.68
84.48
84.3
84.2
84.16
84.09
84.12