System ID	Database ID	Patient Number	Surname	First Name	Sex	Date Of Birth	Patient ID	Patient Code	Patient Notes	SP	DP	MP	DATA_REV	DATETIME	MEDICATION	NOTES	OPERATOR	INTERPRETATION	HEIGHT	WEIGHT	BODY_MASS_INDEX	SAMPLE_RATE	SUB_TYPE	Inconclusive	Reference Age	SRRI	PPAmpRatio	P_MAX_DPDT	ED	QUALITY_ED	P_QC_PH	P_QC_PHV	P_QC_PLV	P_QC_DV	P_QC_SDEV	Operator Index	P_SP	P_DP	P_MEANP	P_T1	P_T2	P_AI	P_CalcT1	P_CalcT2	ED	CalcED	P_ESP	P_P1	P_P2	P_T1ED	P_T2ED	P_QUALITY_T1	P_QUALITY_T2	C_AP	C_AP_HR75	C_MPS	C_MPD	C_TTI	C_DTI	C_SVI	C_AL	C_ATI	HR	C_PERIOD	C_DD	C_ED_PERIOD	C_DD_PERIOD	C_PH	C_AGPH	C_AGPH_HR75	C_P1_HEIGHT	C_T1R	C_SP	C_DP	C_MEANP	C_T1	C_T2	C_AI	C_CalcT1	C_CalcT2	ED	CalcED	C_ESP	C_P1	C_P2	C_T1ED	C_T2ED	C_QUALITY_T1	C_QUALITY_T2
00139	FQTTEST	690	T	Y		01/01/1997				121	81	0	130	28/09/2006 15:41:51					9999	9999	9999	128	RADIAL	Yes	9999	0	170	380	292	0	18	25	18	20	13	0	121	81	97	134	218	74	134	218	292	292	102	121	112	46	75	1	1	0	-2	104	94	1738	4085	235	9999	9999	57	1047	755	28	72	23	2	-7	23	203	111	87	97	170	240	102	170	240	292	292	106	110	111	58	82	0	0

PeriphSignal 	 CentralSignal 	 PeriphPulse 	 CentralPulse 
1082.0	1122.0	86.87	87.35
1082.0	1122.0	87.57	87.79
1079.0	1122.0	88.75	88.65
1077.0	1123.0	90.51	89.81
1076.0	1123.0	92.82	91.09
1074.0	1123.0	95.63	92.36
1074.0	1123.0	98.59	93.54
1076.0	1123.0	101.33	94.65
1076.0	1123.0	103.8	95.78
1077.0	1123.0	106.24	97.02
1081.0	1122.0	108.35	98.47
1082.0	1121.0	110.64	100.03
1089.0	1121.0	113.08	101.59
1093.0	1120.0	115.44	103.07
1099.0	1119.0	117.44	104.39
1109.0	1117.0	119.32	105.55
1118.0	1115.0	120.58	106.62
1129.0	1113.0	120.99	107.63
1135.0	1111.0	120.82	108.58
1138.0	1110.0	120.32	109.4
1140.0	1110.0	119.58	109.99
1141.0	1111.0	118.54	110.32
1143.0	1112.0	117.42	110.38
1146.0	1114.0	116.17	110.23
1145.0	1116.0	114.96	109.99
1141.0	1116.0	113.67	109.8
1141.0	1115.0	112.76	109.77
1141.0	1113.0	112.31	109.9
1140.0	1111.0	112.09	110.17
1138.0	1107.0	111.75	110.5
1131.0	1104.0	111.13	110.76
1130.0	1102.0	110.11	110.82
1125.0	1102.0	108.76	110.64
1124.0	1102.0	107.11	110.19
1122.0	1102.0	105.38	109.5
1122.0	1103.0	103.96	108.63
1119.0	1103.0	102.87	107.65
1118.0	1103.0	101.98	106.69
1117.0	1103.0	101.37	105.88
1117.0	1102.0	101.12	105.29
1117.0	1102.0	101.06	104.95
1114.0	1102.0	101.09	104.84
1111.0	1101.0	101.21	104.87
1111.0	1101.0	101.6	104.92
1111.0	1101.0	102.23	104.91
1111.0	1102.0	102.96	104.76
1109.0	1102.0	103.5	104.47
1106.0	1103.0	103.85	104.07
1101.0	1103.0	104.06	103.62
1099.0	1104.0	103.74	103.19
1101.0	1104.0	103.08	102.82
1103.0	1104.0	102.47	102.55
1105.0	1103.0	102.13	102.38
1108.0	1103.0	101.79	102.31
1111.0	1102.0	101.79	102.27
1117.0	1102.0	102.17	102.22
1119.0	1102.0	102.83	102.12
1118.0	1102.0	103.43	101.94
1114.0	1102.0	103.89	101.71
1109.0	1102.0	104.13	101.49
1106.0	1101.0	104.03	101.35
1099.0	1101.0	103.52	101.31
1098.0	1100.0	102.97	101.39
1098.0	1099.0	102.52	101.57
1098.0	1098.0	102.32	101.77
1098.0	1097.0	102.3	101.93
1098.0	1097.0	102.66	102.04
1098.0	1096.0	103.07	102.07
1098.0	1096.0	103.36	102.05
1097.0	1096.0	103.58	102.02
1097.0	1095.0	103.62	102.01
1098.0	1095.0	103.4	102.01
1098.0	1094.0	103.0	102.0
1098.0	1093.0	102.76	101.92
1099.0	1093.0	102.56	101.74
1101.0	1093.0	102.24	101.46
1101.0	1093.0	101.85	101.08
1104.0	1093.0	101.32	100.62
1106.0	1092.0	100.49	100.11
1106.0	1091.0	99.36	99.54
1106.0	1089.0	98.13	99.07
1106.0	1087.0	96.81	98.98
1106.0	1086.0	95.46	98.79
1106.0	1086.0	94.08	98.57
1106.0	1087.0	92.58	98.36
1106.0	1087.0	91.1	98.0
1105.0	1087.0	89.71	97.21
1104.0	1087.0	88.43	96.45
1102.0	1087.0	87.21	95.6
1104.0	1086.0	86.0	94.67
1104.0	1086.0	84.96	93.64
1102.0	1086.0	84.0	92.58
1099.0	1086.0	83.07	91.58
1098.0	1087.0	82.32	90.7
1096.0	1086.0	81.82	90.0
1093.0	1086.0	81.44	89.46
1093.0	1084.0	81.15	88.98
1093.0	1083.0	81.01	88.49
1092.0	1081.0	80.99	87.97
1090.0	1080.0	81.19	87.4
1090.0	1079.0	81.3	86.82
1090.0	1079.0	81.36	86.26
1089.0	1078.0	81.59	85.76
1088.0	1078.0	81.71	85.37
1085.0	1077.0	81.74	85.05
1088.0	1077.0	81.99	84.77
1089.0	1077.0	82.55	84.52
1090.0	1077.0	82.93	84.36
1090.0	1078.0	83.35	84.29
1090.0	1080.0	83.85	84.28
1086.0	1081.0	84.15	84.38
1085.0	1084.0	84.09	84.55
1082.0	1086.0	84.02	84.72
1082.0	1088.0	83.94	84.81
1082.0	1091.0	83.85	84.83
1085.0	1092.0	83.83	84.76
1085.0	1094.0	83.9	84.63
1085.0	1097.0	84.04	84.47
1086.0	1099.0	84.17	84.35
1085.0	1102.0	84.2	84.3
1085.0	1105.0	84.12	84.3
1085.0	1107.0	84.15	84.36
1085.0	1110.0	84.4	84.5
1086.0	1113.0	84.63	84.7
1088.0	1115.0	84.95	84.92
1088.0	1116.0	85.17	85.13
1085.0	1116.0	84.99	85.29
1083.0	1116.0	84.44	85.38
1082.0	1115.0	83.99	85.33
1077.0	1114.0	83.56	85.18
1077.0	1113.0	83.28	84.91
1076.0	1113.0	83.27	84.55
1074.0	1114.0	83.28	84.19
1074.0	1115.0	83.0	83.79
1071.0	1117.0	82.6	83.4
1071.0	1118.0
1071.0	1118.0
1071.0	1119.0
1074.0	1118.0
1076.0	1118.0
1077.0	1116.0
1082.0	1114.0
1088.0	1112.0
1093.0	1110.0
1098.0	1108.0
1102.0	1107.0
1106.0	1107.0
1109.0	1108.0
1114.0	1108.0
1118.0	1108.0
1124.0	1109.0
1129.0	1110.0
1130.0	1111.0
1133.0	1111.0
1138.0	1110.0
1141.0	1109.0
1140.0	1108.0
1135.0	1108.0
1133.0	1108.0
1130.0	1109.0
1125.0	1110.0
1119.0	1111.0
1118.0	1111.0
1117.0	1111.0
1117.0	1110.0
1117.0	1108.0
1118.0	1107.0
1114.0	1106.0
1114.0	1106.0
1114.0	1107.0
1111.0	1108.0
1111.0	1108.0
1106.0	1109.0
1099.0	1110.0
1098.0	1110.0
1097.0	1110.0
1098.0	1110.0
1098.0	1110.0
1099.0	1109.0
1098.0	1107.0
1098.0	1106.0
1104.0	1105.0
1109.0	1104.0
1111.0	1103.0
1114.0	1103.0
1109.0	1102.0
1109.0	1101.0
1111.0	1100.0
1111.0	1098.0
1111.0	1096.0
1114.0	1094.0
1117.0	1093.0
1119.0	1091.0
1117.0	1090.0
1114.0	1089.0
1111.0	1088.0
1111.0	1086.0
1109.0	1083.0
1106.0	1081.0
1106.0	1079.0
1105.0	1077.0
1108.0	1076.0
1109.0	1076.0
1109.0	1075.0
1111.0	1075.0
1111.0	1074.0
1111.0	1074.0
1109.0	1073.0
1109.0	1073.0
1106.0	1073.0
1106.0	1072.0
1105.0	1072.0
1102.0	1071.0
1101.0	1071.0
1099.0	1071.0
1098.0	1071.0
1098.0	1072.0
1096.0	1073.0
1092.0	1075.0
1089.0	1077.0
1088.0	1078.0
1082.0	1080.0
1082.0	1080.0
1082.0	1081.0
1079.0	1082.0
1079.0	1082.0
1077.0	1083.0
1074.0	1083.0
1067.0	1084.0
1066.0	1084.0
1065.0	1084.0
1065.0	1083.0
1064.0	1083.0
1061.0	1082.0
1065.0	1081.0
1066.0	1080.0
1066.0	1079.0
1066.0	1078.0
1067.0	1077.0
1069.0	1077.0
1069.0	1078.0
1070.0	1080.0
1070.0	1081.0
1071.0	1081.0
1071.0	1081.0
1071.0	1081.0
1074.0	1081.0
1076.0	1081.0
1077.0	1082.0
1082.0	1084.0
1085.0	1086.0
1088.0	1089.0
1089.0	1092.0
1090.0	1095.0
1092.0	1097.0
1093.0	1099.0
1093.0	1101.0
1093.0	1102.0
1093.0	1103.0
1093.0	1103.0
1092.0	1103.0
1090.0	1103.0
1089.0	1103.0
1086.0	1102.0
1082.0	1102.0
1082.0	1102.0
1077.0	1101.0
1076.0	1100.0
1071.0	1098.0
1070.0	1096.0
1070.0	1096.0
1071.0	1096.0
1077.0	1097.0
1077.0	1097.0
1077.0	1097.0
1077.0	1096.0
1077.0	1095.0
1079.0	1094.0
1081.0	1094.0
1082.0	1093.0
1088.0	1092.0
1093.0	1091.0
1098.0	1090.0
1106.0	1090.0
1109.0	1089.0
1114.0	1089.0
1117.0	1091.0
1118.0	1092.0
1122.0	1094.0
1124.0	1094.0
1122.0	1094.0
1119.0	1094.0
1119.0	1094.0
1117.0	1094.0
1114.0	1096.0
1109.0	1098.0
1109.0	1101.0
1105.0	1103.0
1098.0	1104.0
1092.0	1104.0
1088.0	1103.0
1085.0	1102.0
1089.0	1101.0
1090.0	1102.0
1089.0	1104.0
1085.0	1106.0
1082.0	1108.0
1082.0	1110.0
1085.0	1111.0
1085.0	1112.0
1085.0	1112.0
1083.0	1113.0
1082.0	1113.0
1082.0	1112.0
1085.0	1112.0
1085.0	1112.0
1085.0	1112.0
1090.0	1112.0
1096.0	1111.0
1098.0	1111.0
1098.0	1111.0
1098.0	1110.0
1098.0	1110.0
1099.0	1110.0
1104.0	1110.0
1106.0	1109.0
1109.0	1107.0
1114.0	1106.0
1117.0	1105.0
1118.0	1104.0
1117.0	1103.0
1111.0	1102.0
1109.0	1101.0
1109.0	1100.0
1109.0	1099.0
1114.0	1098.0
1114.0	1097.0
1114.0	1096.0
1117.0	1096.0
1119.0	1097.0
1119.0	1098.0
1119.0	1099.0
1117.0	1099.0
1117.0	1099.0
1115.0	1097.0
1114.0	1096.0
1114.0	1094.0
1114.0	1093.0
1114.0	1092.0
1111.0	1092.0
1109.0	1092.0
1109.0	1093.0
1108.0	1094.0
1106.0	1095.0
1106.0	1096.0
1106.0	1096.0
1105.0	1096.0
1101.0	1097.0
1099.0	1097.0
1099.0	1098.0
1099.0	1098.0
1098.0	1097.0
1093.0	1096.0
1093.0	1095.0
1092.0	1094.0
1092.0	1094.0
1090.0	1094.0
1088.0	1094.0
1088.0	1093.0
1090.0	1093.0
1093.0	1092.0
1096.0	1092.0
1096.0	1090.0
1098.0	1089.0
1098.0	1089.0
1098.0	1090.0
1093.0	1091.0
1093.0	1093.0
1092.0	1094.0
1090.0	1095.0
1090.0	1096.0
1092.0	1097.0
1093.0	1098.0
1093.0	1100.0
1097.0	1103.0
1098.0	1106.0
1098.0	1109.0
1098.0	1112.0
1099.0	1114.0
1104.0	1116.0
1102.0	1119.0
1101.0	1121.0
1101.0	1123.0
1098.0	1125.0
1097.0	1127.0
1096.0	1127.0
1093.0	1126.0
1093.0	1125.0
1093.0	1124.0
1092.0	1125.0
1089.0	1127.0
1089.0	1129.0
1088.0	1131.0
1085.0	1132.0
1082.0	1132.0
1082.0	1130.0
1085.0	1128.0
1090.0	1127.0
1092.0	1124.0
1096.0	1122.0
1096.0	1120.0
1097.0	1118.0
1099.0	1116.0
1106.0	1114.0
1109.0	1114.0
1114.0	1113.0
1119.0	1113.0
1128.0	1113.0
1130.0	1113.0
1131.0	1111.0
1138.0	1110.0
1141.0	1109.0
1146.0	1108.0
1146.0	1106.0
1149.0	1105.0
1149.0	1104.0
1146.0	1103.0
1141.0	1104.0
1140.0	1105.0
1135.0	1107.0
1133.0	1108.0
1135.0	1108.0
1138.0	1107.0
1138.0	1104.0
1134.0	1101.0
1131.0	1099.0
1130.0	1098.0
1125.0	1098.0
1119.0	1098.0
1117.0	1099.0
1111.0	1100.0
1108.0	1100.0
1102.0	1101.0
1098.0	1102.0
1098.0	1102.0
1098.0	1103.0
1098.0	1104.0
1098.0	1104.0
1099.0	1104.0
1099.0	1103.0
1098.0	1103.0
1098.0	1102.0
1101.0	1103.0
1101.0	1103.0
1098.0	1103.0
1098.0	1103.0
1098.0	1102.0
1098.0	1101.0
1099.0	1100.0
1108.0	1099.0
1111.0	1099.0
1114.0	1099.0
1111.0	1098.0
1109.0	1098.0
1106.0	1097.0
1101.0	1096.0
1098.0	1094.0
1098.0	1093.0
1098.0	1092.0
1097.0	1091.0
1097.0	1090.0
1098.0	1090.0
1098.0	1089.0
1101.0	1089.0
1102.0	1088.0
1102.0	1087.0
1104.0	1086.0
1105.0	1085.0
1106.0	1084.0
1106.0	1084.0
1105.0	1084.0
1105.0	1083.0
1106.0	1082.0
1105.0	1081.0
1106.0	1080.0
1105.0	1079.0
1105.0	1078.0
1101.0	1078.0
1098.0	1078.0
1098.0	1078.0
1097.0	1078.0
1097.0	1078.0
1096.0	1078.0
1096.0	1077.0
1093.0	1078.0
1093.0	1079.0
1090.0	1080.0
1088.0	1081.0
1085.0	1082.0
1085.0	1082.0
1082.0	1082.0
1082.0	1081.0
1082.0	1081.0
1082.0	1082.0
1081.0	1083.0
1081.0	1083.0
1081.0	1083.0
1079.0	1083.0
1077.0	1082.0
1077.0	1083.0
1081.0	1084.0
1082.0	1085.0
1079.0	1086.0
1077.0	1087.0
1077.0	1086.0
1076.0	1085.0
1074.0	1084.0
1074.0	1083.0
1074.0	1082.0
1076.0	1082.0
1076.0	1083.0
1076.0	1085.0
1076.0	1087.0
1076.0	1088.0
1076.0	1090.0
1077.0	1091.0
1082.0	1094.0
1082.0	1097.0
1085.0	1100.0
1088.0	1104.0
1086.0	1107.0
1085.0	1109.0
1085.0	1112.0
1086.0	1114.0
1089.0	1117.0
1089.0	1120.0
1088.0	1123.0
1086.0	1126.0
1085.0	1129.0
1085.0	1130.0
1086.0	1131.0
1088.0	1130.0
1089.0	1129.0
1090.0	1129.0
1090.0	1130.0
1090.0	1132.0
1085.0	1135.0
1082.0	1136.0
1082.0	1137.0
1082.0	1138.0
1082.0	1138.0
1082.0	1137.0
1085.0	1137.0
1090.0	1135.0
1090.0	1133.0
1092.0	1130.0
1096.0	1127.0
1099.0	1125.0
1109.0	1124.0
1114.0	1124.0
1119.0	1124.0
1125.0	1124.0
1130.0	1124.0
1133.0	1123.0
1138.0	1121.0
1141.0	1119.0
1146.0	1117.0
1152.0	1116.0
1154.0	1116.0
1156.0	1117.0
1156.0	1119.0
1153.0	1120.0
1149.0	1120.0
1146.0	1119.0
1141.0	1116.0
1143.0	1114.0
1143.0	1112.0
1145.0	1110.0
1143.0	1110.0
1141.0	1111.0
1140.0	1112.0
1138.0	1113.0
1138.0	1113.0
1135.0	1113.0
1131.0	1113.0
1125.0	1112.0
1117.0	1111.0
1111.0	1111.0
1111.0	1110.0
1111.0	1110.0
1111.0	1111.0
1111.0	1112.0
1109.0	1112.0
1109.0	1113.0
1111.0	1114.0
1109.0	1114.0
1106.0	1114.0
1105.0	1113.0
1106.0	1112.0
1109.0	1110.0
1114.0	1108.0
1118.0	1106.0
1119.0	1104.0
1122.0	1103.0
1119.0	1101.0
1117.0	1101.0
1111.0	1100.0
1109.0	1098.0
1109.0	1096.0
1109.0	1094.0
1111.0	1092.0
1114.0	1091.0
1114.0	1089.0
1114.0	1088.0
1114.0	1086.0
1114.0	1084.0
1111.0	1083.0
1111.0	1082.0
1109.0	1081.0
1109.0	1081.0
1109.0	1081.0
1111.0	1082.0
1114.0	1082.0
1114.0	1081.0
1114.0	1079.0
1117.0	1078.0
1117.0	1078.0
1114.0	1078.0
1114.0	1079.0
1111.0	1081.0
1109.0	1081.0
1106.0	1081.0
1102.0	1081.0
1098.0	1079.0
1096.0	1078.0
1093.0	1077.0
1092.0	1077.0
1090.0	1076.0
1088.0	1077.0
1082.0	1077.0
1081.0	1077.0
1077.0	1077.0
1077.0	1077.0
1076.0	1077.0
1074.0	1077.0
1071.0	1076.0
1070.0	1075.0
1067.0	1075.0
1069.0	1075.0
1070.0	1075.0
1071.0	1075.0
1074.0	1075.0
1076.0	1075.0
1077.0	1076.0
1077.0	1076.0
1076.0	1076.0
1074.0	1075.0
1077.0	1075.0
1081.0	1074.0
1082.0	1073.0
1085.0	1072.0
1088.0	1072.0
1086.0	1072.0
1085.0	1072.0
1082.0	1072.0
1081.0	1071.0
1079.0	1070.0
1079.0	1069.0
1077.0	1069.0
1077.0	1071.0
1077.0	1072.0
1077.0	1073.0
1077.0	1073.0
1077.0	1072.0
1077.0	1071.0
1074.0	1072.0
1071.0	1073.0
1071.0	1076.0
1071.0	1079.0
1074.0	1083.0
1074.0	1086.0
1071.0	1089.0
1071.0	1091.0
1074.0	1092.0
1076.0	1094.0
1076.0	1097.0
1074.0	1100.0
1074.0	1103.0
1074.0	1105.0
1074.0	1106.0
1071.0	1106.0
1071.0	1106.0
1071.0	1106.0
1071.0	1106.0
1074.0	1107.0
1071.0	1107.0
1066.0	1108.0
1065.0	1108.0
1066.0	1108.0
1067.0	1108.0
1071.0	1109.0
1074.0	1110.0
1074.0	1109.0
1071.0	1109.0
1071.0	1108.0
1070.0	1107.0
1074.0	1106.0
1077.0	1105.0
1082.0	1104.0
1090.0	1104.0
1093.0	1104.0
1099.0	1104.0
1106.0	1105.0
1108.0	1106.0
1109.0	1107.0
1114.0	1107.0
1119.0	1109.0
1124.0	1110.0
1125.0	1111.0
1129.0	1111.0
1130.0	1110.0
1125.0	1109.0
1125.0	1107.0
1122.0	1106.0
1119.0	1106.0
1117.0	1107.0
1117.0	1108.0
1114.0	1109.0
1111.0	1109.0
1109.0	1109.0
1109.0	1108.0
1109.0	1107.0
1109.0	1107.0
1106.0	1106.0
1102.0	1107.0
1102.0	1107.0
1101.0	1108.0
1098.0	1109.0
1097.0	1109.0
1096.0	1109.0
1097.0	1109.0
1098.0	1108.0
1098.0	1106.0
1098.0	1104.0
1101.0	1103.0
1106.0	1102.0
1108.0	1103.0
1109.0	1104.0
1114.0	1105.0
1117.0	1106.0
1118.0	1105.0
1117.0	1103.0
1114.0	1101.0
1109.0	1099.0
1109.0	1096.0
1109.0	1094.0
1114.0	1093.0
1114.0	1091.0
1114.0	1091.0
1111.0	1090.0
1111.0	1090.0
1109.0	1089.0
1108.0	1088.0
1105.0	1087.0
1105.0	1087.0
1105.0	1086.0
1106.0	1085.0
1106.0	1084.0
1109.0	1083.0
1110.0	1082.0
1109.0	1082.0
1109.0	1082.0
1106.0	1082.0
1102.0	1083.0
1098.0	1083.0
1098.0	1083.0
1098.0	1082.0
1099.0	1081.0
1104.0	1081.0
1105.0	1080.0
1105.0	1081.0
1102.0	1082.0
1098.0	1083.0
1097.0	1084.0
1093.0	1084.0
1090.0	1085.0
1086.0	1085.0
1085.0	1085.0
1082.0	1085.0
1081.0	1085.0
1081.0	1086.0
1081.0	1086.0
1082.0	1086.0
1077.0	1086.0
1077.0	1086.0
1077.0	1086.0
1077.0	1086.0
1077.0	1085.0
1077.0	1084.0
1077.0	1084.0
1076.0	1083.0
1077.0	1083.0
1077.0	1083.0
1082.0	1084.0
1082.0	1084.0
1082.0	1084.0
1082.0	1083.0
1082.0	1081.0
1082.0	1080.0
1082.0	1078.0
1082.0	1077.0
1082.0	1077.0
1085.0	1077.0
1089.0	1077.0
1089.0	1078.0
1088.0	1079.0
1089.0	1079.0
1090.0	1079.0
1090.0	1078.0
1090.0	1078.0
1090.0	1077.0
1090.0	1077.0
1090.0	1076.0
1090.0	1076.0
1090.0	1076.0
1090.0	1076.0
1089.0	1075.0
1088.0	1076.0
1085.0	1077.0
1082.0	1078.0
1081.0	1079.0
1081.0	1081.0
1081.0	1083.0
1081.0	1085.0
1082.0	1087.0
1082.0	1090.0
1082.0	1093.0
1077.0	1096.0
1077.0	1098.0
1074.0	1101.0
1071.0	1102.0
1071.0	1102.0
1071.0	1102.0
1071.0	1102.0
1071.0	1103.0
1076.0	1104.0
1077.0	1105.0
1077.0	1106.0
1077.0	1105.0
1077.0	1105.0
1077.0	1105.0
1077.0	1104.0
1077.0	1101.0
1076.0	1098.0
1076.0	1096.0
1077.0	1094.0
1077.0	1094.0
1076.0	1096.0
1076.0	1098.0
1077.0	1100.0
1082.0	1100.0
1082.0	1099.0
1085.0	1097.0
1089.0	1095.0
1093.0	1092.0
1098.0	1090.0
1102.0	1090.0
1109.0	1090.0
1114.0	1092.0
1117.0	1093.0
1119.0	1094.0
1122.0	1094.0
1119.0	1095.0
1119.0	1095.0
1119.0	1095.0
1119.0	1094.0
1118.0	1094.0
1117.0	1092.0
1117.0	1091.0
1114.0	1089.0
1109.0	1088.0
1109.0	1087.0
1105.0	1088.0
1098.0	1088.0
1090.0	1089.0
1082.0	1090.0
1081.0	1091.0
1082.0	1093.0
1085.0	1094.0
1090.0	1095.0
1092.0	1095.0
1092.0	1096.0
1090.0	1096.0
1085.0	1096.0
1085.0	1097.0
1082.0	1098.0
1082.0	1099.0
1082.0	1100.0
1085.0	1101.0
1090.0	1102.0
1092.0	1102.0
1093.0	1101.0
1097.0	1099.0
1098.0	1098.0
1098.0	1097.0
1098.0	1096.0
1098.0	1096.0
1098.0	1095.0
1097.0	1094.0
1093.0	1094.0
1092.0	1093.0
1089.0	1092.0
1088.0	1092.0
1086.0	1090.0
1088.0	1088.0
1088.0	1086.0
1088.0	1083.0
1090.0	1080.0
1093.0	1078.0
1097.0	1076.0
1098.0	1075.0
1098.0	1075.0
1099.0	1076.0
1101.0	1076.0
1101.0	1076.0
1102.0	1074.0
1105.0	1072.0
1106.0	1069.0
1109.0	1067.0
1111.0	1065.0
1109.0	1064.0
1108.0	1063.0
1106.0	1062.0
1102.0	1061.0
1099.0	1060.0
1098.0	1060.0
1097.0	1060.0
1093.0	1060.0
1092.0	1061.0
1089.0	1062.0
1089.0	1063.0
1088.0	1063.0
1085.0	1063.0
1082.0	1063.0
1082.0	1063.0
1077.0	1063.0
1074.0	1063.0
1069.0	1063.0
1065.0	1064.0
1061.0	1064.0
1060.0	1064.0
1060.0	1065.0
1061.0	1066.0
1065.0	1068.0
1065.0	1069.0
1065.0	1070.0
1065.0	1069.0
1061.0	1068.0
1060.0	1066.0
1057.0	1065.0
1058.0	1064.0
1057.0	1063.0
1056.0	1063.0
1053.0	1064.0
1056.0	1064.0
1054.0	1065.0
1054.0	1064.0
1054.0	1063.0
1058.0	1061.0
1060.0	1059.0
1061.0	1056.0
1065.0	1054.0
1066.0	1053.0
1066.0	1052.0
1066.0	1052.0
1067.0	1052.0
1069.0	1052.0
1069.0	1053.0
1067.0	1054.0
1069.0	1053.0
1069.0	1052.0
1069.0	1051.0
1070.0	1050.0
1071.0	1049.0
1077.0	1050.0
1077.0	1052.0
1077.0	1055.0
1074.0	1058.0
1070.0	1061.0
1066.0	1064.0
1065.0	1065.0
1065.0	1065.0
1061.0	1067.0
1061.0	1070.0
1061.0	1074.0
1061.0	1078.0
1061.0	1081.0
1061.0	1082.0
1060.0	1082.0
1054.0	1082.0
1047.0	1082.0
1045.0	1083.0
1044.0	1085.0
1044.0	1086.0
1042.0	1087.0
1042.0	1088.0
1042.0	1087.0
1044.0	1086.0
1045.0	1086.0
1050.0	1085.0
1050.0	1084.0
1047.0	1083.0
1045.0	1082.0
1045.0	1082.0
1047.0	1083.0
1050.0	1084.0
1056.0	1086.0
1061.0	1089.0
1069.0	1091.0
1074.0	1092.0
1077.0	1092.0
1077.0	1091.0
1079.0	1088.0
1082.0	1086.0
1090.0	1084.0
1098.0	1082.0
1105.0	1081.0
1106.0	1081.0
1104.0	1082.0
1099.0	1083.0
1101.0	1084.0
1102.0	1085.0
1102.0	1085.0
1101.0	1084.0
1098.0	1082.0
1097.0	1081.0
1097.0	1080.0
1093.0	1079.0
1090.0	1078.0
1086.0	1077.0
1085.0	1076.0
1082.0	1076.0
1074.0	1075.0
1071.0	1076.0
1074.0	1077.0
1076.0	1078.0
1077.0	1078.0
1082.0	1079.0
1088.0	1079.0
1089.0	1079.0
1090.0	1078.0
1092.0	1078.0
1092.0	1077.0
1089.0	1076.0
1085.0	1077.0
1082.0	1077.0
1081.0	1078.0
1079.0	1078.0
1081.0	1078.0
1082.0	1077.0
1082.0	1075.0
1085.0	1074.0
1085.0	1073.0
1085.0	1073.0
1082.0	1072.0
1079.0	1071.0
1077.0	1070.0
1077.0	1070.0
1077.0	1069.0
1077.0	1069.0
1071.0	1067.0
1071.0	1066.0
1070.0	1065.0
1070.0	1063.0
1071.0	1061.0
1074.0	1060.0
1076.0	1059.0
1076.0	1058.0
1077.0	1058.0
1077.0	1059.0
1079.0	1060.0
1082.0	1060.0
1079.0	1059.0
1077.0	1059.0
1077.0	1058.0
1077.0	1056.0
1081.0	1054.0
1082.0	1052.0
1081.0	1050.0
1079.0	1049.0
1077.0	1049.0
1076.0	1050.0
1071.0	1051.0
1071.0	1053.0
1071.0	1054.0
1069.0	1053.0
1066.0	1052.0
1065.0	1050.0
1065.0	1049.0
1065.0	1048.0
1061.0	1047.0
1061.0	1047.0
1058.0	1047.0
1056.0	1046.0
1053.0	1045.0
1050.0	1044.0
1050.0	1044.0
1047.0	1044.0
1050.0	1045.0
1050.0	1045.0
1053.0	1046.0
1056.0	1045.0
1053.0	1044.0
1054.0	1043.0
1057.0	1041.0
1057.0	1040.0
1053.0	1039.0
1050.0	1038.0
1047.0	1038.0
1046.0
1045.0
1045.0
1047.0
1051.0
1054.0
1054.0
1053.0
1050.0
1047.0
1047.0
1047.0
1047.0
1045.0
1045.0
1042.0
1041.0
1041.0
1040.0
1040.0
1042.0
1042.0
1044.0
1044.0
1042.0
1040.0
1037.0
1037.0
1034.0
1034.0
1034.0
1034.0
1035.0
