582
582
579
577
576
574
574
576
576
577
581
582
589
593
599
609
618
629
635
638
640
641
643
646
645
641
641
641
640
638
631
630
625
624
622
622
619
618
617
617
617
614
611
611
611
611
609
606
601
599
601
603
605
608
611
617
619
618
614
609
606
599
598
598
598
598
598
598
598
597
597
598
598
598
599
601
601
604
606
606
606
606
606
606
606
606
605
604
602
604
604
602
599
598
596
593
593
593
592
590
590
590
589
588
585
588
589
590
590
590
586
585
582
582
582
585
585
585
586
585
585
585
585
586
588
588
585
583
582
577
577
576
574
574
571
571
571
571
574
576
577
582
588
593
598
602
606
609
614
618
624
629
630
633
638
641
640
635
633
630
625
619
618
617
617
617
618
614
614
614
611
611
606
599
598
597
598
598
599
598
598
604
609
611
614
609
609
611
611
611
614
617
619
617
614
611
611
609
606
606
605
608
609
609
611
611
611
609
609
606
606
605
602
601
599
598
598
596
592
589
588
582
582
582
579
579
577
574
567
566
565
565
564
561
565
566
566
566
567
569
569
570
570
571
571
571
574
576
577
582
585
588
589
590
592
593
593
593
593
593
592
590
589
586
582
582
577
576
571
570
570
571
577
577
577
577
577
579
581
582
588
593
598
606
609
614
617
618
622
624
622
619
619
617
614
609
609
605
598
592
588
585
589
590
589
585
582
582
585
585
585
583
582
582
585
585
585
590
596
598
598
598
598
599
604
606
609
614
617
618
617
611
609
609
609
614
614
614
617
619
619
619
617
617
615
614
614
614
614
611
609
609
608
606
606
606
605
601
599
599
599
598
593
593
592
592
590
588
588
590
593
596
596
598
598
598
593
593
592
590
590
592
593
593
597
598
598
598
599
604
602
601
601
598
597
596
593
593
593
592
589
589
588
585
582
582
585
590
592
596
596
597
599
606
609
614
619
628
630
631
638
641
646
646
649
649
646
641
640
635
633
635
638
638
634
631
630
625
619
617
611
608
602
598
598
598
598
598
599
599
598
598
601
601
598
598
598
598
599
608
611
614
611
609
606
601
598
598
598
597
597
598
598
601
602
602
604
605
606
606
605
605
606
605
606
605
605
601
598
598
597
597
596
596
593
593
590
588
585
585
582
582
582
582
581
581
581
579
577
577
581
582
579
577
577
576
574
574
574
576
576
576
576
576
576
577
582
582
585
588
586
585
585
586
589
589
588
586
585
585
586
588
589
590
590
590
585
582
582
582
582
582
585
590
590
592
596
599
609
614
619
625
630
633
638
641
646
652
654
656
656
653
649
646
641
643
643
645
643
641
640
638
638
635
631
625
617
611
611
611
611
611
609
609
611
609
606
605
606
609
614
618
619
622
619
617
611
609
609
609
611
614
614
614
614
614
611
611
609
609
609
611
614
614
614
617
617
614
614
611
609
606
602
598
596
593
592
590
588
582
581
577
577
576
574
571
570
567
569
570
571
574
576
577
577
576
574
577
581
582
585
588
586
585
582
581
579
579
577
577
577
577
577
577
577
574
571
571
571
574
574
571
571
574
576
576
574
574
574
574
571
571
571
571
574
571
566
565
566
567
571
574
574
571
571
570
574
577
582
590
593
599
606
608
609
614
619
624
625
629
630
625
625
622
619
617
617
614
611
609
609
609
609
606
602
602
601
598
597
596
597
598
598
598
601
606
608
609
614
617
618
617
614
609
609
609
614
614
614
611
611
609
608
605
605
605
606
606
609
610
609
609
606
602
598
598
598
599
604
605
605
602
598
597
593
590
586
585
582
581
581
581
582
577
577
577
577
577
577
577
576
577
577
582
582
582
582
582
582
582
582
582
585
589
589
588
589
590
590
590
590
590
590
590
590
590
589
588
585
582
581
581
581
581
582
582
582
577
577
574
571
571
571
571
571
576
577
577
577
577
577
577
577
576
576
577
577
576
576
577
582
582
585
589
593
598
602
609
614
617
619
622
619
619
619
619
618
617
617
614
609
609
605
598
590
582
581
582
585
590
592
592
590
585
585
582
582
582
585
590
592
593
597
598
598
598
598
598
597
593
592
589
588
586
588
588
588
590
593
597
598
598
599
601
601
602
605
606
609
611
609
608
606
602
599
598
597
593
592
589
589
588
585
582
582
577
574
569
565
561
560
560
561
565
565
565
565
561
560
557
558
557
556
553
556
554
554
554
558
560
561
565
566
566
566
567
569
569
567
569
569
569
570
571
577
577
577
574
570
566
565
565
561
561
561
561
561
561
560
554
547
545
544
544
542
542
542
544
545
550
550
547
545
545
547
550
556
561
569
574
577
577
579
582
590
598
605
606
604
599
601
602
602
601
598
597
597
593
590
586
585
582
574
571
574
576
577
582
588
589
590
592
592
589
585
582
581
579
581
582
582
585
585
585
582
579
577
577
577
577
571
571
570
570
571
574
576
576
577
577
579
582
579
577
577
577
581
582
581
579
577
576
571
571
571
569
566
565
565
565
561
561
558
556
553
550
550
547
550
550
553
556
553
554
557
557
553
550
547
546
545
545
547
551
554
554
553
550
547
547
547
547
545
545
542
541
541
540
540
542
542
544
544
542
540
537
537
534
534
534
534
535