300
302
308
321
341
366
394
422
452
480
506
528
543
551
556
558
556
555
552
549
548
548
549
547
544
540
534
529
521
514
508
502
492
479
461
444
429
417
409
405
404
405
407
410
414
416
420
424
426
427
427
426
423
420
418
415
412
410
405
400
395
389
386
383
381
379
377
376
374
374
373
371
367
362
359
357
359
360
363
365
365
363
360
358
357
357
357
357
353
350
345
341
337
334
330
327
324
321
318
316
316
316
318
321
324
334
350
370
395
421
450
477
502
524
541
555
563
567
569
569
569
569
566
563
559
553
546
540
534
527
521
512
503
490
476
458
441
424
410
399
392
391
392
398
403
409
415
420
423
425
427
427
425
423
420
415
410
406
400
395
388
384
379
376
374
371
369
364
360
356
353
350
348
345
343
342
342
342
343
343
343
343
343
343
342
341
340
340
341
340
337
335
331
328
324
318
316
314
314
311
309
308
308
312
321
336
355
377
404
434
465
493
519
538
554
564
570
572
573
573
572
569
567
565
563
560
557
555
551
550
545
538
528
515
502
486
470
453
437
424
414
407
403
401
401
405
409
413
415
418
420
422
423
423
423
420
418
415
412
407
401
396
389
383
376
371
369
368
367
365
360
357
355
352
349
347
345
345
345
345
346
347
348
347
347
346
345
342
340
337
336
333
331
328
326
323
321
318
318
316
316
314
316
318
322
330
342
362
386
413
443
476
506
534
555
572
584
592
596
598
600
598
596
592
588
584
579
574
570
566
562
557
552
546
536
524
511
495
477
460
443
430
422
415
413
413
415
418
423
427
432
436
437
438
438
436
433
429
424
418
413
406
400
396
393
391
386
381
377
375
372
370
367
364
362
359
357
355
355
355
355
355
355
355
355
356
357
357
356
354
352
349
346
345
343
343
340
339
337
336
333
331
330
328
326
325
326
326
331
339
353
373
395
423
451
480
506
529
546
560
567
569
569
567
566
564
563
562
560
555
551
549
548
546
545
540
534
523
511
497
482
465
448
435
424
420
418
420
424
427
430
433
437
440
442
444
446
447
447
444
440
435
432
427
422
417
413
407
403
398
395
395
391
389
386
384
383
381
383
383
383
383
383
381
379
377
378
379
379
378
377
375
373
369
366
362
359
357
356
353
352
352
352
353
353
353
355
358
367
381
401
427
455
482
509
531
551
567
579
586
589
589
589
589
587
584
579
574
569
563
558
551
543
536
528
517
502
487
471
453
439
428
421
415
412
413
417
423
427
433
437
439
441
442
439
438
436
433
429
424
420
414
408
403
398
393
389
385
381
376
373
371
369
366
365
365
363
362
360
360
360
360
362
360
360
359
357
355
353
354
355
354
352
348
343
340
337
336
334
333
331
331
331
331
336
345
359
376
399
427
456
484
509
531
549
563
569
574
575
576
575
575
574
570
566
563
560
558
555
551
548
543
538
531
521
509
495
478
461
444
431
421
414
409
410
413
418
424
426
426
424
423
423
424
426
426
425
423
420
416
412
407
403
398
395
391
386
383
380
376
372
369
366
366
366
366
366
365
365
364
364
363
362
360
360
360
358
357
354
352
350
348
345
341
340
338
336
333
330
328
328
331
337
348
365
385
408
432
459
486
511
532
546
555
560
564
566
566
566
566
564
561
557
554
550
548
546
544
540
535
531
526
517
505
492
477
461
446
433
423
415
412
414
416
420
424
427
431
433
434
434
432
427
424
424
422
421
418
415
410
404
398
391
386
383
379
377
374
371
367
363
362
363
364
365
363
362
362
362
362
364
366
368
368
368
366
364
360
357
355
352
349
345
342
340
337
336
333
331
328
328
330
333
340
352
366
385
407
432
460
487
514
534
548
558
563
567
567
566
563
560
558
557
556
554
551
548
543
538
531
524
514
504
493
479
464
450
439
429
421
415
413
414
418
423
428
434
437
437
436
435
433
430
429
427
426
424
423
420
416
412
406
401
400
396
391
388
384
383
384
383
383
383
383
381
380
379
378
379
381
381
380
378
376
376
376
376
374
371
368
365
362
360
360
360
360
360
360
360
362
366
377
392
411
432
454
477
500
521
540
555
563
567
569
567
563
560
554
549
544
540
533
524
515
507
500
493
488
480
470
457
444
429
417
408
401
400
403
408
413
415
420
424
428
430
429
429
428
427
424
421
418
413
409
405
403
400
396
393
389
384
379
375
373
371
369
368
366
365
365
365
366
365
362
359
357
356
355
355
354
354
352
349
345
342
340
337
336
331
330
331
334
340
346
355
369
386
407
428
452
473
493
508
519
526
530
534
538
540
541
540
535
530
524
520
520
521
521
519
514
508
502
493
482
469
453
439
426
416
412
408
407
407
406
407
408
412
415
421
423
422
421
418
415
410
408
407
405
401
396
391
388
384
380
376
374
372
372
370
369
369
370
372
371
370
368
366
365
363
360
357
355
353
354
353
352
349
347
345
342
340
339
338
337
