335	   
333.75	   
333.25	   
332.5	   
332.25	   
331.75	   
331.25	   
331.75	   
334	   
338.75	   
347	   
358.75	   
372.75	   
390.25	   
409.25	   
429.5	   
448.5	   
466.75	   
481.75	   
493	   
500	   
503.75	   
503.25	   
499.25	   
492.5	   
484.25	   
474.5	   
464.5	   
454.25	   
444	   
434.75	   
426.25	   
418	   
409.5	   
402.25	   
394.75	   
387.75	   
380.75	   
374	   
368.25	   
363	   
358.25	   
354	   
350	   
347.5	   
345.75	   
344.5	   
344.5	   
345.25	   
347.25	   
349.5	   
352.5	   
355.5	   
358.75	   
362.75	   
366.5	   
370	   
373	   
376.25	   
378.5	   
380.5	   
382.5	   
383	   
384	   
384.25	   
383.5	   
382.5	   
381	   
379.25	   
377.25	   
375	   
372.5	   
370.5	   
368.5	   
366.5	   
364	   
362	   
360.5	   
358.75	   
357	   
355.25	   
353.5	   
351.75	   
350.5	   
349	   
347.25	   
345.75	   
344	   
342.25	   
341	   
339.5	   
338.25	   
337	   
335.25	   
334.5	   
333.25	   
333	   
332.5	   
334.25	   
338.25	   
345.5	   
356.25	   
369.75	   
386	   
404.25	   
423.5	   
442.5	   
460.5	   
475.5	   
487.75	   
496	   
500.25	   
500.25	   
497.75	   
492.5	   
485	   
475.75	   
466.75	   
457.25	   
447.75	   
438.5	   
430	   
421.5	   
414	   
406.25	   
399	   
392.25	   
385.75	   
379.25	   
373	   
368	   
363	   
358.75	   
355	   
351.75	   
350	   
348.25	   
347.75	   
348	   
348.25	   
350	   
352.25	   
354.75	   
357.75	   
361	   
364.75	   
368.25	   
372	   
375	   
377.25	   
379.75	   
381.75	   
382.75	   
383.5	   
383.5	   
383.25	   
382	   
380.75	   
378.75	   
377	   
375.5	   
373.25	   
371.25	   
368.75	   
366.75	   
364.75	   
362.75	   
360.5	   
359	   
357.25	   
355.25	   
353	   
351.25	   
349.75	   
348	   
346.25	   
344.5	   
342.5	   
341.25	   
340	   
338.25	   
337	   
335.75	   
334.75	   
333.75	   
333	   
332.25	   
332.5	   
333.25	   
336	   
342.25	   
351.25	   
363.75	   
378.5	   
395.75	   
414.5	   
434	   
452.5	   
468.25	   
481.5	   
491.25	   
496.75	   
498.5	   
497.25	   
492.5	   
486.5	   
478.75	   
470	   
460.75	   
452.25	   
443.5	   
435.25	   
426.75	   
419.5	   
412.5	   
405.5	   
398.5	   
392.25	   
385.75	   
380	   
374.5	   
369.5	   
365	   
361.25	   
358.25	   
355.25	   
353.75	   
352.25	   
352.25	   
352.5	   
353.25	   
355.5	   
357.75	   
360.5	   
363.5	   
366.25	   
369.75	   
372.5	   
375.5	   
378	   
380	   
382	   
383.25	   
384	   
384.25	   
384	   
383.75	   
382.75	   
381.25	   
379.5	   
377.5	   
375.5	   
373.25	   
370.75	   
368	   
366.25	   
364.25	   
362.25	   
360.25	   
358	   
356.5	   
354.75	   
353.25	   
351.5	   
350.25	   
349	   
347.5	   
345.5	   
344.25	   
343	   
342	   
340.25	   
339.25	   
337.5	   
336.75	   
336	   
334.75	   
333.75	   
333	   
333	   
333.25	   
335.75	   
341	   
350.5	   
362.5	   
376.5	   
393	   
410.75	   
429	   
446.5	   
462.25	   
475.25	   
485	   
491.25	   
494	   
493.25	   
490.75	   
485.5	   
479.25	   
471.75	   
463.25	   
455.25	   
447.25	   
439.25	   
431.25	   
424.25	   
417.25	   
410.5	   
403.5	   
397.25	   
391	   
385	   
379.25	   
374	   
369.25	   
365	   
361.25	   
358.5	   
356.25	   
354.75	   
353.75	   
353.75	   
354.5	   
355.75	   
358	   
360	   
362.25	   
365	   
367.75	   
371	   
373.5	   
375.75	   
378.25	   
379.5	   
381	   
382	   
382	   
382	   
381.25	   
380.5	   
379	   
377	   
374.75	   
372.75	   
370.75	   
368.75	   
366.25	   
363.75	   
362	   
360	   
357.5	   
356	   
354.5	   
353.25	   
351.75	   
350.25	   
348.75	   
347.25	   
346	   
344.25	   
343	   
341.5	   
340	   
338.25	   
337	   
336	   
335	   
334.25	   
333.25	   
332	   
331.5	   
330.75	   
330	    
329.5	   
329.75	   
331.25	   
335.75	   
343	   
353.25	   
366.5	   
381.25	   
398.25	   
415.75	   
433.5	   
450.25	   
464.75	   
476.5	   
484.75	   
489.75	   
491.25	   
489.75	   
485.75	   
479.5	   
472	   
464	   
455.25	   
446.25	   
438	   
430.5	   
423.25	   
415.5	   
408.5	   
401.5	   
394.5	   
387.75	   
381.5	   
375.5	   
370.25	   
365	   
360.5	   
356.25	   
353	   
350.75	   
349.25	   
348.5	   
349	   
350	   
352	   
354.25	   
356.75	   
359.75	   
362.25	   
365.75	   
369	   
372.25	   
375.25	   
378.25	   
380	   
381.75	   
382.25	   
382.75	   
383	   
382.5	   
381.5	   
380.25	   
378.5	   
376.5	   
374.5	   
372.5	   
370.5	   
368.5	   
366.5	   
364.25	   
362.25	   
361	   
359.5	   
357.5	   
356.25	   
354.75	   
353.5	   
352	   
350.75	   
349.5	   
348.5	   
347.25	   
346	   
345.25	   
344	   
342.75	   
341.25	   
339.75	   
338.75	   
338	   
337.25	   
336.5	   
335.5	   
335.25	   
335.25	   
335.25	   
335.75	   
338.25	   
343.5	   
352.25	   
364.25	   
379	   
396.75	   
415.5	   
435.25	   
454.25	   
471.75	   
485.75	   
496.75	   
503.25	   
505.75	   
504.25	   
500	   
493.75	   
485.25	   
475.75	   
465.5	   
456	   
446.25	   
436.5	   
427.75	   
419.25	   
411	   
403	   
395.5	   
387.75	   
380.5	   
374.25	   
368.5	   
363.25	   
358.5	   
354.75	   
351.75	   
349	   
347.75	   
346.75	   
347	   
347.75	   
349.25	   
351.25	   
354.75	   
358	   
361.75	   
365.75	   
369.25	   
373.5	   
377.25	   
380.25	   
382.75	   
384.5	   
386.25	   
387.25	   
387.25	   
387	   
386.75	   
385.5	   
384	   
382.25	   
379.75	   
377.75	   
375.25	   
372.75	   
370.25	   
368.25	   
366.25	   
364.5	   
362	   
360.5	   
358.75	   
356.75	   
355.5	   
353.75	   
352.25	   
350.5	   
349	   
347.75	   
346.5	   
345	   
343.75	   
342.5	   
341.25	   
339.75	    
338.5	   
337.25	   
336.25	   
335.25	   
334.5	   
334.5	   
335	   
338.75	   
345.25	   
355.5	   
368.5	   
384.25	   
402.25	   
422	   
442.25	   
460.75	   
477.5	   
490.25	   
499.75	   
504.75	   
506.25	   
503.75	   
499.25	   
492.25	   
483.75	   
474	   
463.75	   
454.25	   
445	   
436	   
427.25	   
419.5	   
411.75	   
404.5	   
397.25	   
390.5	   
383.5	   
377.25	   
371.5	   
366	   
361	   
357.5	   
354.25	   
351.5	   
349.5	   
348.75	   
348.75	   
349.25	   
350.75	   
352.75	   
355.75	   
359	   
362.5	   
365.5	   
369.5	   
372.75	   
375.75	   
378.75	   
380.75	   
383.25	   
384.5	   
385.25	   
385.5	   
385	   
384.25	   
383.25	   
381	   
379	   
376.5	   
374.5	   
372.25	   
370.25	   
367.75	   
366	   
364	   
362	   
360	   
358.25	   
356.5	   
354.75	   
352.75	   
351.5	   
350	   
348.5	   
347.25	   
345.75	   
344.5	   
343.25	   
341.75	   
340.25	   
339	   
337.75	   
336.75	   
335.75	   
334.75	   
333.5	   
333.25	   
333.25	   
333.5	   
335.25	   
340	   
348.25	   
359.25	   
373.25	   
389.5	   
407.25	   
426.25	   
445	   
462.25	   
477.25	   
488.75	   
496.5	   
500.5	   
500.5	   
498	   
492.75	   
485.5	   
476.75	   
468	   
458.75	   
449.5	   
440.5	   
431.5	   
423.75	   
416.5	   
409	   
402	   
395.5	   
388.5	   
382.25	   
376.25	   
371.25	   
365.75	   
362	   
358.25	   
355.25	   
352.75	   
351.75	   
351	   
351	   
351.25	   
352.5	   
354.5	   
357.25	   
360.25	   
363.25	   
366.5	   
370	   
373	   
375.5	   
378.25	   
380.25	   
382	   
383	   
383.25	   
383.5	   
383	   
382.25	   
381.25	   
379.5	   
378.25	   
376.5	   
374	   
372	   
369.5	   
367.5	   
364.75	   
362.5	   
360.25	   
358.25	   
357	   
355.5	   
353.5	   
352.25	   
351	   
349.5	   
347.75	   
346.75	   
345.5	   
344.25	   
343.25	   
341.75	   
340.5	   
339.25	   
338.25	   
337.25	   
336.5	   
335.25	   
334.75	   
334.25	   
333.5	   
332.75	   
333.25	   
335.75	   
341	   
349	   
360.5	   
374	   
389.5	   
406.75	   
424.5	   
442	   
457.75	   
471.25	   
481.5	   
488.5	   
491.75	   
492	   
489.75	   
485	   
478.75	   
471.25	   
463.25	   
454.75	   
446.75	   
438.75	   
431	   
423.5	   
416.25	   
409.5	   
403.25	   
397	   
390.5	   
384.25	   
378	   
372.75	   
367.75	   
363.75	   
359.5	   
356.75	   
354.5	   
352.75	   
351.5	   
351.5	   
351.75	   
353.25	   
354.5	   
356.5	   
359	   
361.75	   
364.5	   
366.75	   
369.5	   
372.25	   
374.75	   
376.5	   
378.25	   
379	   
379.5	   
379.25	   
378.25	   
377.5	   
376.5	   
375	   
373.25	   
371.25	   
369.5	   
367.5	   
365.5	   
363.25	   
361.25	   
359.75	   
358	   
356.25	   
354.5	   
352.75	   
351.25	   
349.75	   
348	   
347	   
346	   
344.75	   
343.25	   
342.25	   
340.5	   
339.75	   
338.75	   
337.5	   
336.25	   
335	   
334.25	   
333	   
332	   
330.75	   
330.25	   
329.5	   
329.5	   
329.5	   
331.5	   
336.5	   
344.25	   
354.5	   
367.5	   
382.25	   
398.75	   
416.25	   
433	   
449	   
462.25	   
473.25	   
480.5	   
484.75	   
485.75	   
484.5	   
480.5	   
474.5	   
467.75	   
459.5	   
451.25	   
442.5	   
434.75	   
427.25	   
419.75	   
412.5	   
405.25	   
398.25	   
391.5	   
385	   
378.5	   
372.75	   
367	   
362.5	   
358.75	   
355.25	   
351.75	   
349.5	   
348	   
347.25	   
346.75	   
348	   
349.25	   
351.5	   
353.75	   
356.75	   
359.5	   
363	   
366	   
369.25	   
372	   
374.75	   
377	   
378.25	   
379.5	   
379.75	   
380	   
379.75	   
378.5	   
377.5	   
376	   
374.5	   
373	   
370.75	   
369.25	   
367.25	   
365.25	   
363.25	   
361.25	   
360	   
358.75	   
357.25	   
355.75	   
354.25	   
353	   
351.75	   
350.25	   
349.25	   
348.25	     
347.25	   
346	   
345	   
343.25	   
342	   
341	   
339.75	   
338.5	   
337.25	   
336.5	   
335.75	   
335	   
334	   
334.25	   
334.25	   
334.75	   
336	   
340	   
347.75	   
358.5	   
371.5	   
387.25	   
404.25	   
423	   
441.5	   
458.75	   
473.5	   
485	   
493.25	   
497.5	   
498.25	   
495.5	   
490.5	   
483.25	   
474.5	   
465.25	   
455.25	   
445.75	   
436.25	   
427.25	   
418.5	   
410.25	   
402.5	   
395	   
388	   
381.25	   
374.75	   
369	   
363.5	   
358.25	   
354.5	   
351.25	   
348.5	   
346.5	   
345.5	   
345.25	   
346	   
347	   
349.25	   
351.75	   
355.25	   
358.5	   
362.25	   
365.5	   
369	   
372.75	   
376	   
378.5	   
381	   
382.75	   
384	   
384.75	   
385	   
384.5	   
383.5	   
381.75	   
380.5	   
378.5	   
376.75	   
374.75	   
372.5	   
371	   
368.75	   
367.25	   
365.25	   
363.5	   
362	   
360.25	   
358.75	   
357.25	   
355.5	   
354	   
352.5	   
350.75	   
349	   
347.75	   
346	   
345	   
343.75	   
342.25	   
341.25	   
340.25	   
339.25	   
338.25	   
337	   
336.5	   
336.25	   
336.25	   
337.75	   
342.25	   
349.75	   
360.75	   
374	   
390.25	   
408.25	   
427.5	   
446.5	   
463.75	   
478.25	   
490.25	   
498	   
501.5	   
501.5	   
498.25	   
492.5	   
484.5	   
475.5	   
465.5	   
456.25	   
446.75	   
437.5	   
428.75	   
420.5	   
412.25	   
405.25	   
397.75	   
391	   
384.25	   
378	   
372.25	   
366.75	   
362.5	   
358	   
354.75	   
352	   
349.75	   
348.5	   
348	   
348.5	   
349.25	   
351.25	   
353.25	   
356.25	   
359.25	   
362.75	   
366	   
369.25	   
372.5	   
375.75	   
378.25	   
380.25	   
381.75	   
383.25	   
383.5	   
383.75	   
383	   
382.5	   
381.25	   
379.75	   
378	   
376.25	   
374.5	   
372.5	   
370.5	   
368.5	   
366.75	   
364.5	   
363	   
360.5	   
359	   
357.5	   
355.75	   
354.25	   
352.5	   
351.25	   
349.75	   
348.25	   
346.75	   
345.75	   
345	   
343.75	   
342.5	   
341.25	   
340.25	   
339.25	   
337.5	   
336.75	   
336	   
335.75	   
335.5	   
337	   
341	   
348.25	   
358.75	   
371.75	   
387.5	   
404.5	   
422.5	   
440.5	   
457.5	   
472	   
483.75	   
491.75	   
496	   
496.25	   
494	   
489.25	   
482.5	   
474.5	   
465.75	   
456.75	   
448	   
439.75	   
431.25	   
424.25	   
416.5	   
410	   
403.25	   
396.5	   
389.75	   
335	   
333.75	   
333.25	   
332.5	   
332.25	   
331.75	   
331.25	   
331.75	   
334	   
338.75	   
347	   
358.75	   
372.75	   
390.25	   
409.25	   
429.5	   
448.5	   
466.75	   
481.75	   
493	   
500	   
503.75	   
503.25	   
499.25	   
492.5	   
484.25	   
474.5	   
464.5	   
454.25	   
444	   
434.75	   
426.25	   
418	   
409.5	   
402.25	   
394.75	   
387.75	   
380.75	   
374	   
368.25	   
363	   
358.25	   
354	   
350	   
347.5	   
345.75	   
344.5	   
344.5	   
345.25	   
347.25	   
349.5	   
352.5	   
355.5	   
358.75	   
362.75	   
366.5	   
370	   
373	   
376.25	   
378.5	   
380.5	   
382.5	   
383	   
384	   
384.25	   
383.5	   
382.5	   
381	   
379.25	   
377.25	   
375	   
372.5	   
370.5	   
368.5	   
366.5	   
364	   
362	   
360.5	   
358.75	   
357	   
355.25	   
353.5	   
351.75	   
350.5	   
349	   
347.25	   
345.75	   
344	   
342.25	   
341	   
339.5	   
338.25	   
337	   
335.25	   
334.5	   
333.25	   
333	   
332.5	   
334.25	   
338.25	   
345.5	   
356.25	   
369.75	   
386	   
404.25	   
423.5	   
442.5	   
460.5	   
475.5	   
487.75	   
496	   
500.25	   
500.25	   
497.75	   
492.5	   
485	   
475.75	   
466.75	   
457.25	   
447.75	   
438.5	   
430	   
421.5	   
414	   
406.25	   
399	   
392.25	   
385.75	   
379.25	   
373	   
368	   
363	   
358.75	   
355	   
351.75	   
350	   
348.25	   
347.75	   
348	   
348.25	   
350	   
352.25	   
354.75	   
357.75	   
361	   
364.75	   
368.25	   
372	   
375	   
377.25	   
379.75	   
381.75	   
382.75	   
383.5	   
383.5	   
383.25	   
382	   
380.75	   
378.75	   
377	   
375.5	   
373.25	   
371.25	   
368.75	   
366.75	   
364.75	   
362.75	   
360.5	   
359	   
357.25	   
355.25	   
353	   
351.25	   
349.75	   
348	   
346.25	   
344.5	   
342.5	   
341.25	   
340	   
338.25	   
337	   
335.75	   
334.75	   
333.75	   
333	   
332.25	   
332.5	   
333.25	   
336	   
342.25	   
351.25	   
363.75	   
378.5	   
395.75	   
414.5	   
434	   
452.5	   
468.25	   
481.5	   
491.25	   
496.75	   
498.5	   
497.25	   
492.5	   
486.5	   
478.75	   
470	   
460.75	   
452.25	   
443.5	   
435.25	   
426.75	   
419.5	   
412.5	   
405.5	   
398.5	   
392.25	   
385.75	   
380	   
374.5	   
369.5	   
365	   
361.25	   
358.25	   
355.25	   
353.75	   
352.25	   
352.25	   
352.5	   
353.25	   
355.5	   
357.75	   
360.5	   
363.5	   
366.25	   
369.75	   
372.5	   
375.5	   
378	   
380	   
382	   
383.25	   
384	   
384.25	   
384	   
383.75	   
382.75	   
381.25	   
379.5	   
377.5	   
375.5	   
373.25	   
370.75	   
368	   
366.25	   
364.25	   
362.25	   
360.25	   
358	   
356.5	   
354.75	   
353.25	   
351.5	   
350.25	   
349	   
347.5	   
345.5	   
344.25	   
343	   
342	   
340.25	   
339.25	   
337.5	   
336.75	   
336	   
334.75	   
333.75	   
333	   
333	   
333.25	   
335.75	   
341	   
350.5	   
362.5	   
376.5	   
393	   
410.75	   
429	   
446.5	   
462.25	   
475.25	   
485	   
491.25	   
494	   
493.25	   
490.75	   
485.5	   
479.25	   
471.75	   
463.25	   
455.25	   
447.25	   
439.25	   
431.25	   
424.25	   
417.25	   
410.5	   
403.5	   
397.25	   
391	   
385	   
379.25	   
374	   
369.25	   
365	   
361.25	   
358.5	   
356.25	   
354.75	   
353.75	   
353.75	   
354.5	   
355.75	   
358	   
360	   
362.25	   
365	   
367.75	   
371	   
373.5	   
375.75	   
378.25	   
379.5	   
381	   
382	   
382	   
382	   
381.25	   
380.5	   
379	   
377	   
374.75	   
372.75	   
370.75	   
368.75	   
366.25	   
363.75	   
362	   
360	   
357.5	   
356	   
354.5	   
353.25	   
351.75	   
350.25	   
348.75	   
347.25	   
346	   
344.25	   
343	   
341.5	   
340	   
338.25	   
337	   
336	   
335	   
334.25	   
333.25	   
332	   
331.5	   
330.75	   
330	   
329.5	   
329.75	   
331.25	   
335.75	   
343	   
353.25	   
366.5	   
381.25	   
398.25	   
415.75	   
433.5	   
450.25	   
464.75	   
476.5	   
484.75	   
489.75	   
491.25	   
489.75	   
485.75	   
479.5	   
472	   
464	   
455.25	   
446.25	   
438	   
430.5	   
423.25	   
415.5	   
408.5	   
401.5	   
394.5	   
387.75	   
381.5	   
375.5	   
370.25	   
365	   
360.5	   
356.25	   
353	   
350.75	   
349.25	   
348.5	   
349	   
350	   
352	   
354.25	   
356.75	   
359.75	   
362.25	   
365.75	   
369	   
372.25	   
375.25	   
378.25	   
380	   
381.75	   
382.25	   
382.75	   
383	   
382.5	   
381.5	   
380.25	   
378.5	   
376.5	   
374.5	   
372.5	   
370.5	   
368.5	   
366.5	   
364.25	   
362.25	   
361	   
359.5	   
357.5	   
356.25	   
354.75	   
353.5	   
352	   
350.75	   
349.5	   
348.5	   
347.25	   
346	   
345.25	   
344	   
342.75	   
341.25	   
339.75	   
338.75	   
338	   
337.25	   
336.5	   
335.5	   
335.25	   
335.25	   
335.25	   
335.75	   
338.25	   
343.5	   
352.25	   
364.25	   
379	   
396.75	   
415.5	   
435.25	   
454.25	   
471.75	   
485.75	   
496.75	   
503.25	   
505.75	   
504.25	   
500	   
493.75	   
485.25	   
475.75	   
465.5	   
456	   
446.25	   
436.5	   
427.75	   
419.25	   
411	   
403	   
395.5	   
387.75	   
380.5	   
374.25	   
368.5	   
363.25	   
358.5	   
354.75	   
351.75	   
349	   
347.75	   
346.75	   
347	   
347.75	   
349.25	   
351.25	   
354.75	   
358	   
361.75	   
365.75	   
369.25	   
373.5	   
377.25	   
380.25	   
382.75	   
384.5	   
386.25	   
387.25	   
387.25	   
387	   
386.75	   
385.5	   
384	   
382.25	   
379.75	   
377.75	   
375.25	   
372.75	   
370.25	   
368.25	   
366.25	   
364.5	   
362	   
360.5	   
358.75	   
356.75	   
355.5	   
353.75	   
352.25	   
350.5	   
349	   
347.75	   
346.5	   
345	   
343.75	   
342.5	   
341.25	   
339.75	   
338.5	   
337.25	   
336.25	   
335.25	   
334.5	   
334.5	   
335	   
338.75	   
345.25	   
355.5	   
368.5	   
384.25	   
402.25	   
422	   
442.25	   
460.75	   
477.5	   
490.25	   
499.75	   
504.75	   
506.25	   
503.75	   
499.25	   
492.25	   
483.75	   
474	   
463.75	   
454.25	   
445	   
436	   
427.25	   
419.5	   
411.75	   
404.5	   
397.25	   
390.5	   
383.5	   
377.25	   
371.5	   
366	   
361	   
357.5	   
354.25	   
351.5	   
349.5	   
348.75	   
348.75	   
349.25	   
350.75	   
352.75	   
355.75	   
359	   
362.5	   
365.5	   
369.5	   
372.75	   
375.75	   
378.75	   
380.75	   
383.25	   
384.5	   
385.25	   
385.5	   
385	   
384.25	   
383.25	   
381	   
379	   
376.5	   
374.5	   
372.25	   
370.25	   
367.75	   
366	   
364	   
362	   
360	   
358.25	   
356.5	   
354.75	   
352.75	   
351.5	   
350	   
348.5	   
347.25	   
345.75	   
344.5	   
343.25	   
341.75	   
340.25	   
339	   
337.75	   
336.75	   
335.75	   
334.75	   
333.5	   
333.25	   
333.25	   
333.5	   
335.25	   
340	   
348.25	   
359.25	   
373.25	   
389.5	   
407.25	   
426.25	   
445	   
462.25	   
477.25	   
488.75	   
496.5	   
500.5	   
500.5	   
498	   
492.75	   
485.5	   
476.75	   
468	   
458.75	   
449.5	   
440.5	   
431.5	   
423.75	   
416.5	   
409	   
402	   
395.5	   
388.5	   
382.25	   
376.25	   
371.25	   
365.75	   
362	   
358.25	   
355.25	   
352.75	   
351.75	    
351	   
351	   
351.25	   
352.5	   
354.5	   
357.25	   
360.25	   
363.25	   
366.5	   
370	   
373	   
375.5	   
378.25	   
380.25	   
382	   
383	   
383.25	   
383.5	   
383	   
382.25	   
381.25	   
379.5	   
378.25	   
376.5	   
374	   
372	   
369.5	   
367.5	   
364.75	   
362.5	   
360.25	   
358.25	   
357	   
355.5	   
353.5	   
352.25	   
351	   
349.5	   
347.75	   
346.75	   
345.5	   
344.25	   
343.25	   
341.75	   
340.5	   
339.25	   
338.25	   
337.25	   
336.5	   
335.25	   
334.75	   
334.25	   
333.5	   
332.75	   
333.25	   
335.75	   
341	   
349	   
360.5	   
374	   
389.5	   
406.75	   
424.5	   
442	   
457.75	   
471.25	   
481.5	   
488.5	   
491.75	   
492	   
489.75	   
485	   
478.75	   
471.25	   
463.25	   
454.75	   
446.75	   
438.75	   
431	   
423.5	   
416.25	   
409.5	   
403.25	   
397	   
390.5	   
384.25	   
378	   
372.75	   
367.75	   
363.75	   
359.5	   
356.75	   
354.5	   
352.75	   
351.5	   
351.5	   
351.75	   
353.25	   
354.5	   
356.5	   
359	   
361.75	   
364.5	   
366.75	   
369.5	   
372.25	   
374.75	   
376.5	   
378.25	   
379	   
379.5	   
379.25	   
378.25	   
377.5	   
376.5	   
375	   
373.25	   
371.25	   
369.5	   
367.5	   
365.5	   
363.25	   
361.25	   
359.75	   
358	   
356.25	   
354.5	   
352.75	   
351.25	   
349.75	   
348	   
347	   
346	   
344.75	   
343.25	   
342.25	   
340.5	   
339.75	   
338.75	   
337.5	   
336.25	   
335	   
334.25	   
333	   
332	   
330.75	   
330.25	   
329.5	   
329.5	   
329.5	   
331.5	   
336.5	   
344.25	   
354.5	   
367.5	   
382.25	   
398.75	   
416.25	   
433	   
449	   
462.25	   
473.25	   
480.5	   
484.75	   
485.75	   
484.5	   
480.5	   
474.5	   
467.75	   
459.5	   
451.25	   
442.5	   
434.75	   
427.25	   
419.75	   
412.5	   
405.25	   
398.25	   
391.5	   
385	   
378.5	   
372.75	   
367	   
362.5	   
358.75	   
355.25	   
351.75	   
349.5	   
348	   
347.25	   
346.75	   
348	   
349.25	   
351.5	   
353.75	   
356.75	   
359.5	   
363	   
366	   
369.25	   
372	   
374.75	   
377	   
378.25	   
379.5	   
379.75	   
380	   
379.75	   
378.5	   
377.5	   
376	   
374.5	   
373	   
370.75	   
369.25	   
367.25	   
365.25	   
363.25	   
361.25	   
360	   
358.75	   
357.25	   
355.75	   
354.25	   
353	   
351.75	   
350.25	   
349.25	   
348.25	   
347.25	   
346	   
345	   
343.25	   
342	   
341	   
339.75	   
338.5	   
337.25	   
336.5	   
335.75	   
335	   
334	   
334.25	   
334.25	   
334.75	   
336	   
340	   
347.75	   
358.5	   
371.5	   
387.25	   
404.25	   
423	   
441.5	   
458.75	   
473.5	   
485	   
493.25	   
497.5	   
498.25	   
495.5	   
490.5	   
483.25	   
474.5	   
465.25	   
455.25	   
445.75	   
436.25	   
427.25	   
418.5	   
410.25	   
402.5	   
395	   
388	   
381.25	   
374.75	   
369	   
363.5	   
358.25	   
354.5	   
351.25	   
348.5	   
346.5	   
345.5	   
345.25	   
346	   
347	   
349.25	   
351.75	   
355.25	   
358.5	   
362.25	   
365.5	   
369	   
372.75	   
376	   
378.5	   
381	   
382.75	   
384	   
384.75	   
385	   
384.5	   
383.5	   
381.75	   
380.5	   
378.5	   
376.75	   
374.75	   
372.5	   
371	   
368.75	   
367.25	   
365.25	   
363.5	   
362	   
360.25	   
358.75	   
357.25	   
355.5	   
354	   
352.5	   
350.75	   
349	   
347.75	   
346	   
345	   
343.75	   
342.25	   
341.25	   
340.25	   
339.25	   
338.25	   
337	   
336.5	   
336.25	   
336.25	   
337.75	   
342.25	   
349.75	   
360.75	   
374	   
390.25	   
408.25	   
427.5	   
446.5	   
463.75	   
478.25	   
490.25	   
498	   
501.5	   
501.5	   
498.25	   
492.5	   
484.5	   
475.5	   
465.5	   
456.25	   
446.75	   
437.5	   
428.75	   
420.5	   
412.25	   
405.25	   
397.75	   
391	   
384.25	   
378	   
372.25	   
366.75	   
362.5	   
358	   
354.75	   
352	   
349.75	   
348.5	   
348	   
348.5	   
349.25	   
351.25	   
353.25	   
356.25	   
359.25	   
362.75	   
366	   
369.25	   
372.5	   
375.75	   
378.25	   
380.25	   
381.75	   
383.25	   
383.5	   
383.75	   
383	   
382.5	   
381.25	   
379.75	   
378	   
376.25	   
374.5	   
372.5	   
370.5	   
368.5	   
366.75	   
364.5	   
363	   
360.5	   
359	   
357.5	   
355.75	   
354.25	   
352.5	   
351.25	   
349.75	   
348.25	   
346.75	   
345.75	   
345	   
343.75	   
342.5	   
341.25	   
340.25	   
339.25	   
337.5	   
336.75	   
336	   
335.75	   
335.5	   
337	   
341	   
348.25	   
358.75	   
371.75	   
387.5	   
404.5	   
422.5	   
440.5	   
457.5	   
472	   
483.75	   
491.75	   
496	   
496.25	   
494	   
489.25	   
482.5	   
474.5	   
465.75	   
456.75	   
448	   
439.75	   
431.25	   
424.25	   
416.5	   
410	   
403.25	   
396.5	   
389.75	 
