352.25
312.65
333.41
326.68
349.09
341.94
325.16
300.96
345.24
324.48
333.82
343.59
350.74
340.56
309.76
322.27
351.43
350.46
322.55
349.23
303.16
319.39
344.69
300.55
307.7
311.14
311
333.27
314.99
311
300.82
341.11
324.48
351.29
325.57
323.1
346.61
328.88
311.14
336.99
346.06
301.1
337.54
320.9
345.79
327.64
339.05
323.65
316.77
310.45
310.59
337.54
316.64
329.84
308.25
338.36
320.76
347.3
347.02
332.73
327.36
349.5
345.24
335.48
344.96
336.3
318.84
315.95
318.84
329.43
340.01
317.05
346.2
331.21
320.35
338.64
330.11
324.48
338.23
334.24
343.73
352.66
328.74
348.4
309.49
353.9
314.99
313.89
348.13
340.56
307.56
300.69
349.23
311
316.5
336.44
315.68
325.85
303.57
354.45
332.04
323.24
328.32
318.43
323.79
312.38
331.9
341.8
329.15
335.2
311.55
320.9
343.04
337.4
325.44
331.21
343.73
303.3
333.14
302.75
322.82
316.77
348.13
300.82
342.21
353.49
354.45
343.45
324.2
327.36
311.82
335.48
317.6
352.8
340.01
322.69
340.98
314.71
324.2
351.43
337.54
311.69
346.2
334.65
307.43
311.41
333.41
334.65
320.35
331.63
324.89
302.48
301.51
317.19
300.69
321.18
337.54
305.09
301.93
333.69
333.55
300.82
300.96
310.45
332.31
303.16
320.21
334.79
339.46
338.09
304.68
325.02
324.34
319.39
308.39
337.13
338.5
340.01
326.26
330.52
306.6
324.75
339.32
349.09
314.99
314.02
347.57
312.79
344.27
350.05
312.79
313.2
302.75
304.26
335.2
310.45
346.48
309.63
309.35
354.73
324.2
318.7
317.32
320.07
321.59
332.59
306.6
302.06
325.3
347.85
351.43
314.57
308.8
347.99
313.06
335.48
353.21
336.57
347.85
300.55
307.56
345.1
323.65
348.95
340.43
337.81
318.98
309.07
308.52
310.45
323.24
347.16
326.95
344.96
325.3
325.16
324.75
322.69
349.64
300.27
316.36
302.75
338.09
335.75
354.04
330.39
322
311
334.38
340.29
320.63
300.55
323.1
341.52
343.73
350.6
346.48
320.21
334.1
340.29
310.73
349.77
331.35
334.79
312.93
330.25
351.29
318.43
336.02
321.59
334.51
338.5
321.86
322.82
336.02
346.06
320.49
323.38
332.73
331.07
339.46
328.19
342.76
326.95
310.18
338.5
354.04
344.41
338.77
326.68
306.32
336.57
320.07
307.7
331.21
345.24
337.13
355
352.94
303.3
319.8
330.25
314.44
332.86
302.75
331.49
338.5
352.94
341.25
340.7
323.79
334.93
344.14
304.68
351.98
350.46
333.14
313.89
348.13
328.19
340.29
323.24
352.94
303.99
330.39
316.09
347.16
318.43
337.4
302.89
319.66
327.36
323.93
330.94
333.96
306.19
349.36
341.52
343.59
344.82
336.85
311
314.99
334.51
329.56
303.3
304.95
314.99
322.55
326.13
350.05
332.86
318.15
326.26
332.86
308.94
345.65
352.66
332.73
301.51
344.69
333.55
338.64
305.09
323.38
320.63
309.07
345.79
346.2
324.89
352.66
308.11
347.85
342.35
324.48
334.1
352.39
335.2
313.61
319.39
310.31
326.95
322.55
325.44
333.55
303.85
317.32
333.41
309.63
334.24
313.48
332.31
327.91
325.57
329.84
351.84
318.84
322.14
316.91
322.69
315.68
321.73
327.64
339.74
316.91
306.19
324.34
325.71
300.82
336.57
339.88
315.54
314.44
339.05
343.18
354.31
325.99
349.64
324.75
344.27
345.65
309.21
321.73
328.6
339.46
331.35
325.3
324.48
304.81
324.34
320.21
316.64
346.89
341.8
352.25
330.66
300.82
332.86
344.96
353.76
312.24
338.77
328.74
351.29
339.19
312.51
324.75
309.49
353.35
319.52
302.75
341.52
349.23
315.81
313.89
351.29
307.15
351.84
338.64
346.61
311.55
325.02
304.4
346.89
330.94
317.6
320.63
347.71
320.49
303.99
311
302.75
331.21
306.74
328.74
306.46
342.35
320.63
345.38
302.61
332.86
352.25
315.95
348.95
305.64
303.57
312.93
351.29
303.44
314.57
355
311.69
327.36
315.95
336.99
352.66
342.21
336.71
307.15
305.23
300.82
315.81
344.96
354.18
300.96
345.1
334.24
330.8
313.48
345.24
314.44
341.52
336.3
311.82
333.14
333.27
336.3
310.04
335.06
309.35
329.7
334.24
337.68
337.26
348.26
300.69
317.05
342.9
316.91
351.01
337.4
304.13
303.85
300.69
312.51
328.46
325.16
338.64
332.04
328.05
304.13
310.59
320.9
315.26
342.35
317.32
335.06
354.31
327.64
352.11
345.51
350.46
306.19
344.69
349.91
308.66
306.74
341.94
339.74
335.89
341.52
336.44
348.68
314.99
323.1
311.69
301.93
304.4
346.75
318.7
325.71
350.32
312.51
347.44
336.16
349.09
326.81
354.59
320.49
329.29
310.04
327.64
323.24
336.3
337.13
352.66
310.59
306.05
331.07
353.35
301.24
347.85
301.51
328.6
310.59
339.32
313.75
351.43
307.56
328.74
349.23
351.84
318.43
324.06
325.99
308.25
307.43
329.29
339.88
322
319.66
315.68
347.85
334.51
313.34
353.76
335.2
312.65
337.54
336.57
307.43
301.24
314.44
306.46
303.85
346.89
309.9
301.79
340.43
329.56
315.13
320.21
300.69
348.95
347.71
314.02
331.35
308.8
332.73
318.15
336.3
347.57
331.21
353.9
343.59
308.39
345.79
310.59
335.2
336.85
342.49
320.9
324.34
326.54
333.41
309.63
300.14
343.45
328.32
311.69
305.64
308.66
322.41
322.41
302.89
351.84
308.25
321.18
317.05
309.21
349.36
317.74
340.43
322.55
322
327.77
309.35
328.88
335.34
300.82
346.06
344.27
338.36
325.44
304.54
345.1
310.59
324.48
300.69
317.05
348.13
345.93
318.29
348.4
326.4
330.8
333.82
336.44
333.96
337.68
328.05
339.32
328.32
333.27
353.21
345.24
317.46
332.31
307.15
314.02
344.14
336.71
300.69
330.94
325.02
349.77
315.54
303.57
326.26
354.18
350.74
330.94
335.89
342.49
305.77
300
329.84
300.41
324.89
310.73
343.31
334.1
300.82
349.09
341.94
349.91
341.8
320.9
318.15
327.77
331.07
342.21
342.9
326.68
344.14
325.85
311.14
331.9
336.71
337.26
351.84
342.35
340.56
347.71
354.59
327.77
334.65
343.59
324.75
328.88
309.49
307.15
312.1
305.77
307.84
325.16
343.31
315.4
312.38
350.05
300.41
332.45
329.84
336.02
317.19
312.65
322.82
316.5
336.99
351.56
318.84
330.94
306.6
309.35
315.4
330.66
326.68
352.39
312.79
326.4
329.01
343.59
310.59
350.05
350.74
300.69
342.21
352.11
344.69
350.88
311
337.13
351.01
318.98
332.73
333.82
300.14
354.04
349.5
338.09
324.2
338.64
333.55
316.5
347.16
306.19
316.09
305.36
321.86
318.29
351.98
346.2
314.16
302.34
300.27
331.63
340.98
344.41
335.06
313.89
307.98
335.89
352.11
344.96
351.15
317.05
314.85
329.56
308.94
311.55
311.96
335.89
302.89
312.65
336.71
317.05
316.91
339.6
352.52
307.15
303.71
306.88
309.07
350.19
307.56
333.96
314.85
312.1
339.19
330.25
351.84
318.15
338.77
351.98
332.04
348.4
341.25
320.9
339.88
308.94
352.66
310.86
342.76
333.69
308.94
301.65
315.81
353.49
352.25
312.51
352.8
337.4
303.02
333
321.59
311.82
310.04
304.26
300.41
343.45
300.96
348.26
319.39
339.74
353.35
308.52
308.94
317.19
301.65
319.66
301.51
343.73
355
306.05
334.24
307.29
317.05
307.43
312.24
321.86
307.43
313.2
351.01
321.59
328.19
305.09
301.24
308.8
346.48
348.4
310.31
354.59
339.19
347.99
326.4
327.23
315.81
303.3
314.44
310.31
350.46
306.74
300.69
320.35
338.5
348.95
332.73
308.66
317.46
312.79
300.41
321.86
335.75
304.68
342.35
353.35
339.32
343.04
313.06
310.73
314.44
339.32
353.76
335.06
329.98
346.61
344.14
336.71
336.99
345.1
353.35
326.81
344.96
335.34
316.91
336.3
319.66
351.56
326.81
304.95
337.13
328.32
312.24
339.88
303.71
353.07
311.41
308.8
335.06
300
318.43
315.13
302.48
305.23
322.55
344.96
347.85
301.24
340.01
346.61
340.15
352.52
336.16
340.84
318.98
348.68
319.11
303.3
339.46
352.66
308.66
322.96
305.23
324.75
347.85
321.59
313.89
319.52
340.84
335.75
351.7
345.79
325.85
334.65
303.16
329.84
325.02
347.44
347.02
325.99
343.31
336.16
300
307.29
327.23
302.06
312.51
318.01
349.5
317.32
313.89
323.79
346.34
310.18
327.91
324.89
317.88
320.9
348.81
341.94
348.68
325.16
344
307.43
303.57
320.63
320.49
326.68
353.35
318.84
313.89
332.18
328.88
308.94
326.81
327.36
346.34
344.41
347.16
333.55
331.07
333.69
305.64
308.66
322.82
330.8
314.85
343.18
321.31
301.65
332.18
330.8
311
304.81
351.29
314.3
311.27
302.75
333.41
330.11
305.23
335.06
324.34
303.71
320.63
313.75
350.88
334.65
348.26
335.34
344
323.93
354.04
305.23
329.01
329.98
315.68
320.35
303.57
329.98
346.06
307.98
309.49
303.71
345.38
307.43
348.68
328.32
353.07
306.6
302.61
320.9
322.69
322.14
323.1
320.76
349.91
336.85
352.94
308.94
341.25
320.63
325.02
302.06
330.94
320.49
343.59
343.73
321.04
313.89
318.84
353.21
326.4
320.21
342.07
320.76
349.5
310.04
320.21
350.46
328.32
304.95
340.43
300.27
333.14
352.66
321.86
340.29
337.68
353.9
311.27
332.59
352.39
314.3
328.32
335.06
322
326.81
341.25
306.88
302.34
320.35
338.09
351.56
326.26
307.15
326.68
351.98
320.21
318.01
342.49
316.36
309.76
337.95
314.57
325.16
346.48
348.54
338.5
341.52
353.63
322.14
307.29
339.88
349.5
309.35
302.34
326.4
305.23
335.75
352.39
325.16
329.56
303.71
327.23
322.96
316.09
315.95
341.52
305.36
304.26
339.6
342.07
336.16
344.55
320.63
316.91
320.35
338.91
309.21
344.82
325.71
339.74
354.73
319.94
340.15
335.75
337.54
300.41
336.02
351.98
333.69
343.04
300.14
343.86
335.34
309.76
329.15
312.1
330.11
303.16
332.31
322.96
310.31
303.57
304.13
317.05
351.98
353.9
330.52
354.45
338.09
313.34
344.55
351.43
307.15
337.81
316.36
335.61
325.57
350.74
313.34
336.3
318.29
326.26
325.85
338.77
313.2
339.46
347.57
322.55
323.38
352.52
348.54
338.5
316.77
345.65
353.35
316.5
354.86
324.2
300.27
316.09
338.09
327.09
304.54
310.73
353.76
320.21
307.7
300.82
335.2
340.56
301.51
305.64
349.09
342.07
332.04
337.68
353.21
330.25
342.76
333.55
354.45
302.61
354.18
311.27
350.19
336.57
325.44
302.61
325.3
344
315.95
338.23
314.3
339.19
339.6
340.29
334.24
354.45
308.39
311.14
345.1
303.16
329.56
310.45
333
316.09
305.09
327.91
348.68
333.82
302.61
352.39
309.35
345.51
333.69
346.61
306.32
335.75
306.32
325.99
337.54
307.29
325.57
303.85
332.04
331.07
314.02
313.06
300.82
321.18
341.66
331.63
322.41
310.73
328.19
339.19
347.71
340.84
354.73
347.71
326.68
349.64
301.1
335.06
351.98
302.2
315.68
337.26
332.31
303.57
348.4
326.81
349.09
341.94
336.02
353.49
309.35
307.43
341.52
317.19
325.44
318.7
300.55
318.43
313.61
354.73
349.77
319.25
315.26
305.09
313.2
349.64
317.88
331.49
310.18
340.56
306.19
321.18
347.44
347.16
345.1
313.48
349.36
333.27
307.7
308.94
348.54
353.9
333.14
319.94
312.79
324.75
335.34
313.48
325.71
327.36
304.13
342.21
302.48
309.07
342.76
311.41
313.89
321.86
326.4
328.05
334.38
334.38
354.59
319.8
315.13
337.26
328.05
315.26
331.9
345.24
351.84
324.48
323.24
354.86
333.82
351.98
350.19
344.82
337.95
317.05
330.66
335.06
342.35
303.02
306.32
346.61
309.49
302.06
317.19
344.96
312.93
332.31
350.88
318.15
311.27
320.07
353.63
339.46
335.34
343.04
325.71
312.79
317.46
343.45
334.93
336.3
329.56
350.6
342.9
318.01
340.7
324.06
332.59
306.32
317.6
334.24
349.23
353.07
301.1
306.05
322.14
305.36
316.09
337.4
353.9
322
345.24
307.29
346.48
312.79
303.71
318.29
331.63
307.56
347.71
318.15
326.81
323.79
314.3
354.04
353.07
352.25
324.89
318.29
300.41
309.07
345.51
335.34
317.74
301.51
319.52
340.98
316.5
310.04
322.82
347.71
334.38
303.02
322.27
316.64
308.39
317.05
300.14
324.06
337.26
345.24
341.52
308.94
330.39
328.88
350.6
324.34
302.48
353.07
300.69
330.39
351.43
349.5
333.96
338.5
351.7
324.89
309.76
333.96
328.46
320.07
342.49
345.51
317.46
332.73
343.04
301.79
347.16
337.54
344.14
350.46
321.31
325.99
304.81
350.88
337.4
335.34
354.86
327.5
323.65
345.65
306.46
333
312.24
322
316.64
334.93
351.98
300.27
344.96
337.95
354.04
303.85
302.48
340.7
345.1
314.3
338.77
316.36
304.54
348.13
304.26
340.84
306.88
324.48
332.59
335.06
329.29
311.55
337.13
313.34
339.6
322
321.73
322.69
