459 496 
454 496 
452 496 
447 496 
443 496 
438 496 
429 496 
417 496 
403 496 
390 496 
378 496 
380 496 
387 496 
397 496 
406 496 
413 496 
417 496 
417 496 
415 496 
413 496 
410 496 
406 496 
403 496 
399 496 
397 496 
392 496 
387 496 
385 496 
380 496 
378 496 
376 496 
371 496 
369 496 
367 496 
364 496 
362 496 
361 496 
360 496 
359 496 
358 496 
358 496 
357 496 
356 496 
355 496 
354 496 
353 496 
352 496 
351 496 
350 496 
349 496 
348 496 
347 496 
347 496 
346 496 
345 496 
344 496 
343 496 
342 496 
341 496 
340 496 
339 496 
338 496 
337 496 
337 496 
336 496 
335 496 
334 496 
333 496 
332 496 
331 496 
330 496 
329 496 
328 496 
327 496 
326 496 
326 496 
325 496 
324 496 
323 496 
322 496 
321 496 
320 497 
319 494 
318 512 
317 546 
316 581 
316 615 
315 650 
314 680 
313 660 
312 622 
311 589 
310 553 
309 521 
308 480 
307 490 
306 498 
305 496 
305 496 
304 496 
303 496 
302 496 
301 496 
300 497 
300 495 
300 511 
305 520 
311 525 
328 529 
355 532 
383 534 
413 536 
438 538 
459 539 
475 540 
486 540 
493 540 
498 540 
500 539 
498 538 
495 537 
491 535 
486 532 
479 530 
475 526 
470 521 
466 514 
461 496 
459 496 
454 496 
452 496 
447 496 
443 496 
438 496 
429 496 
417 496 
403 496 
390 496 
378 496 
380 496 
387 496 
397 496 
406 496 
413 496 
417 496 
417 496 
415 496 
413 496 
410 496 
406 496 
403 496 
399 496 
397 496 
392 496 
387 496 
385 496 
380 496 
378 496 
376 496 
371 496 
369 496 
367 496 
364 496 
362 496 
361 496 
360 496 
359 496 
358 496 
358 496 
357 496 
356 496 
355 496 
354 496 
353 496 
352 496 
351 496 
350 496 
349 496 
348 496 
347 496 
347 496 
346 496 
345 496 
344 496 
343 496 
342 496 
341 496 
340 496 
339 496 
338 496 
337 496 
337 496 
336 496 
335 496 
334 496 
333 496 
332 496 
331 496 
330 496 
329 496 
328 496 
327 496 
326 496 
326 496 
325 496 
324 496 
323 496 
322 496 
321 496 
320 497 
319 494 
318 512 
317 546 
316 581 
316 615 
315 650 
314 680 
313 660 
312 622 
311 589 
310 553 
309 521 
308 480 
307 490 
306 498 
305 496 
305 496 
304 496 
303 496 
302 496 
301 496 
300 497 
300 495 
300 511 
305 520 
311 525 
328 529 
355 532 
383 534 
413 536 
438 538 
459 539 
475 540 
486 540 
493 540 
498 540 
500 539 
498 538 
495 537 
491 535 
486 532 
479 530 
475 526 
470 521 
466 514 
461 496 
459 496 
454 496 
452 496 
447 496 
443 496 
438 496 
429 496 
417 496 
403 496 
390 496 
378 496 
380 496 
387 496 
397 496 
406 496 
413 496 
417 496 
417 496 
415 496 
413 496 
410 496 
406 496 
403 496 
399 496 
397 496 
392 496 
387 496 
385 496 
380 496 
378 496 
376 496 
371 496 
369 496 
367 496 
364 496 
362 496 
361 496 
360 496 
359 496 
358 496 
358 496 
357 496 
356 496 
355 496 
354 496 
353 496 
352 496 
351 496 
350 496 
349 496 
348 496 
347 496 
347 496 
346 496 
345 496 
344 496 
343 496 
342 496 
341 496 
340 496 
339 496 
338 496 
337 496 
337 496 
336 496 
335 496 
334 496 
333 496 
332 496 
331 496 
330 496 
329 496 
328 496 
327 496 
326 496 
326 496 
325 496 
324 496 
323 496 
322 496 
321 496 
320 497 
319 494 
318 512 
317 546 
316 581 
316 615 
315 650 
314 680 
313 660 
312 622 
311 589 
310 553 
309 521 
308 480 
307 490 
306 498 
305 496 
305 496 
304 496 
303 496 
302 496 
301 496 
300 497 
300 495 
300 511 
305 520 
311 525 
328 529 
355 532 
383 534 
413 536 
438 538 
459 539 
475 540 
486 540 
493 540 
498 540 
500 539 
498 538 
495 537 
491 535 
486 532 
479 530 
475 526 
470 521 
466 514 
461 496 
459 496 
454 496 
452 496 
447 496 
443 496 
438 496 
429 496 
417 496 
403 496 
390 496 
378 496 
380 496 
387 496 
397 496 
406 496 
413 496 
417 496 
417 496 
415 496 
413 496 
410 496 
406 496 
403 496 
399 496 
397 496 
392 496 
387 496 
385 496 
380 496 
378 496 
376 496 
371 496 
369 496 
367 496 
364 496 
362 496 
361 496 
360 496 
359 496 
358 496 
358 496 
357 496 
356 496 
355 496 
354 496 
353 496 
352 496 
351 496 
350 496 
349 496 
348 496 
347 496 
347 496 
346 496 
345 496 
344 496 
343 496 
342 496 
341 496 
340 496 
339 496 
338 496 
337 496 
337 496 
336 496 
335 496 
334 496 
333 496 
332 496 
331 496 
330 496 
329 496 
328 496 
327 496 
326 496 
326 496 
325 496 
324 496 
323 496 
322 496 
321 496 
320 497 
319 494 
318 512 
317 546 
316 581 
316 615 
315 650 
314 680 
313 660 
312 622 
311 589 
310 553 
309 521 
308 480 
307 490 
306 498 
305 496 
305 496 
304 496 
303 496 
302 496 
301 496 
300 497 
300 495 
300 511 
305 520 
311 525 
328 529 
355 532 
383 534 
413 536 
438 538 
459 539 
475 540 
486 540 
493 540 
498 540 
500 539 
498 538 
495 537 
491 535 
486 532 
479 530 
475 526 
470 521 
466 514 
461 496 
459 496 
454 496 
452 496 
447 496 
443 496 
438 496 
429 496 
417 496 
403 496 
390 496 
378 496 
380 496 
387 496 
397 496 
406 496 
413 496 
417 496 
417 496 
415 496 
413 496 
410 496 
406 496 
403 496 
399 496 
397 496 
392 496 
387 496 
385 496 
380 496 
378 496 
376 496 
371 496 
369 496 
367 496 
364 496 
362 496 
361 496 
360 496 
359 496 
358 496 
358 496 
357 496 
356 496 
355 496 
354 496 
353 496 
352 496 
351 496 
350 496 
349 496 
348 496 
347 496 
347 496 
346 496 
345 496 
344 496 
343 496 
342 496 
341 496 
340 496 
339 496 
338 496 
337 496 
337 496 
336 496 
335 496 
334 496 
333 496 
332 496 
331 496 
330 496 
329 496 
328 496 
327 496 
326 496 
326 496 
325 496 
324 496 
323 496 
322 496 
321 496 
320 497 
319 494 
318 512 
317 546 
316 581 
316 615 
315 650 
314 680 
313 660 
312 622 
311 589 
310 553 
309 521 
308 480 
307 490 
306 498 
305 496 
305 496 
304 496 
303 496 
302 496 
301 496 
300 497 
300 495 
300 511 
305 520 
311 525 
328 529 
355 532 
383 534 
413 536 
438 538 
459 539 
475 540 
486 540 
493 540 
498 540 
500 539 
498 538 
495 537 
491 535 
486 532 
479 530 
475 526 
470 521 
466 514 
461 496 
459 496 
454 496 
452 496 
447 496 
443 496 
438 496 
429 496 
417 496 
403 496 
390 496 
378 496 
380 496 
387 496 
397 496 
406 496 
413 496 
417 496 
417 496 
415 496 
413 496 
410 496 
406 496 
403 496 
399 496 
397 496 
392 496 
387 496 
385 496 
380 496 
378 496 
376 496 
371 496 
369 496 
367 496 
364 496 
362 496 
361 496 
360 496 
359 496 
358 496 
358 496 
357 496 
356 496 
355 496 
354 496 
353 496 
352 496 
351 496 
350 496 
349 496 
348 496 
347 496 
347 496 
346 496 
345 496 
344 496 
343 496 
342 496 
341 496 
340 496 
339 496 
338 496 
337 496 
337 496 
336 496 
335 496 
334 496 
333 496 
332 496 
331 496 
330 496 
329 496 
328 496 
327 496 
326 496 
326 496 
325 496 
324 496 
323 496 
322 496 
321 496 
320 497 
319 494 
318 512 
317 546 
316 581 
316 615 
315 650 
314 680 
313 660 
312 622 
311 589 
310 553 
309 521 
308 480 
307 490 
306 498 
305 496 
305 496 
304 496 
303 496 
302 496 
301 496 
300 497 
300 495 
300 511 
305 520 
311 525 
328 529 
355 532 
383 534 
413 536 
438 538 
459 539 
475 540 
486 540 
493 540 
498 540 
500 539 
498 538 
495 537 
491 535 
486 532 
479 530 
475 526 
470 521 
466 514 
461 496 
459 496 
454 496 
452 496 
447 496 
443 496 
438 496 
429 496 
417 496 
403 496 
390 496 
378 496 
380 496 
387 496 
397 496 
406 496 
413 496 
417 496 
417 496 
415 496 
413 496 
410 496 
406 496 
403 496 
399 496 
397 496 
392 496 
387 496 
385 496 
380 496 
378 496 
376 496 
371 496 
369 496 
367 496 
364 496 
362 496 
361 496 
360 496 
359 496 
358 496 
358 496 
357 496 
356 496 
355 496 
354 496 
353 496 
352 496 
351 496 
350 496 
349 496 
348 496 
347 496 
347 496 
346 496 
345 496 
344 496 
343 496 
342 496 
341 496 
340 496 
339 496 
338 496 
337 496 
337 496 
336 496 
335 496 
334 496 
333 496 
332 496 
331 496 
330 496 
329 496 
328 496 
327 496 
326 496 
326 496 
325 496 
324 496 
323 496 
322 496 
321 496 
320 497 
319 494 
318 512 
317 546 
316 581 
316 615 
315 650 
314 680 
313 660 
312 622 
311 589 
310 553 
309 521 
308 480 
307 490 
306 498 
305 496 
305 496 
304 496 
303 496 
302 496 
301 496 
300 497 
300 495 
300 511 
305 520 
311 525 
328 529 
355 532 
383 534 
413 536 
438 538 
459 539 
475 540 
486 540 
493 540 
498 540 
500 539 
498 538 
495 537 
491 535 
486 532 
479 530 
475 526 
470 521 
466 514 
461 496 
459 496 
454 496 
452 496 
447 496 
443 496 
438 496 
429 496 
417 496 
403 496 
390 496 
378 496 
380 496 
387 496 
397 496 
406 496 
413 496 
417 496 
417 496 
415 496 
413 496 
410 496 
406 496 
403 496 
399 496 
397 496 
392 496 
387 496 
385 496 
380 496 
378 496 
376 496 
371 496 
369 496 
367 496 
364 496 
362 496 
361 496 
360 496 
359 496 
358 496 
358 496 
357 496 
356 496 
355 496 
354 496 
353 496 
352 496 
351 496 
350 496 
349 496 
348 496 
347 496 
347 496 
346 496 
345 496 
344 496 
343 496 
342 496 
341 496 
340 496 
339 496 
338 496 
337 496 
337 496 
336 496 
335 496 
334 496 
333 496 
332 496 
331 496 
330 496 
329 496 
328 496 
327 496 
326 496 
326 496 
325 496 
324 496 
323 496 
322 496 
321 496 
320 497 
319 494 
318 512 
317 546 
316 581 
316 615 
315 650 
314 680 
313 660 
312 622 
311 589 
310 553 
309 521 
308 480 
307 490 
306 498 
305 496 
305 496 
304 496 
303 496 
302 496 
301 496 
300 497 
300 495 
300 511 
305 520 
311 525 
328 529 
355 532 
383 534 
413 536 
438 538 
459 539 
475 540 
486 540 
493 540 
498 540 
500 539 
498 538 
495 537 
491 535 
486 532 
479 530 
475 526 
470 521 
466 514 
461 496 
459 496 
454 496 
452 496 
447 496 
443 496 
438 496 
429 496 
417 496 
403 496 
390 496 
378 496 
380 496 
387 496 
397 496 
406 496 
413 496 
417 496 
417 496 
415 496 
413 496 
410 496 
406 496 
403 496 
399 496 
397 496 
392 496 
387 496 
385 496 
380 496 
378 496 
376 496 
371 496 
369 496 
367 496 
364 496 
362 496 
361 496 
360 496 
359 496 
358 496 
358 496 
357 496 
356 496 
355 496 
354 496 
353 496 
352 496 
351 496 
350 496 
349 496 
348 496 
347 496 
347 496 
346 496 
345 496 
344 496 
343 496 
342 496 
341 496 
340 496 
339 496 
338 496 
337 496 
337 496 
336 496 
335 496 
334 496 
333 496 
332 496 
331 496 
330 496 
329 496 
328 496 
327 496 
326 496 
326 496 
325 496 
324 496 
323 496 
322 496 
321 496 
320 497 
319 494 
318 512 
317 546 
316 581 
316 615 
315 650 
314 680 
313 660 
312 622 
311 589 
310 553 
309 521 
308 480 
307 490 
306 498 
305 496 
305 496 
304 496 
303 496 
302 496 
301 496 
300 497 
300 495 
300 511 
305 520 
311 525 
328 529 
355 532 
383 534 
413 536 
438 538 
459 539 
475 540 
486 540 
493 540 
498 540 
500 539 
498 538 
495 537 
491 535 
486 532 
479 530 
475 526 
470 521 
466 514 
461 496 
459 496 
454 496 
452 496 
447 496 
443 496 
438 496 
429 496 
417 496 
403 496 
390 496 
378 496 
380 496 
387 496 
397 496 
406 496 
413 496 
417 496 
417 496 
415 496 
413 496 
410 496 
406 496 
403 496 
399 496 
397 496 
392 496 
387 496 
385 496 
380 496 
378 496 
376 496 
371 496 
369 496 
367 496 
364 496 
362 496 
361 496 
360 496 
359 496 
358 496 
358 496 
357 496 
356 496 
355 496 
354 496 
353 496 
352 496 
351 496 
350 496 
349 496 
348 496 
347 496 
347 496 
346 496 
345 496 
344 496 
343 496 
342 496 
341 496 
340 496 
339 496 
338 496 
337 496 
337 496 
336 496 
335 496 
334 496 
333 496 
332 496 
331 496 
330 496 
329 496 
328 496 
327 496 
326 496 
326 496 
325 496 
324 496 
323 496 
322 496 
321 496 
320 497 
319 494 
318 512 
317 546 
316 581 
316 615 
315 650 
314 680 
313 660 
312 622 
311 589 
310 553 
309 521 
308 480 
307 490 
306 498 
305 496 
305 496 
304 496 
303 496 
302 496 
301 496 
300 497 
300 495 
300 511 
305 520 
311 525 
328 529 
355 532 
383 534 
413 536 
438 538 
459 539 
475 540 
486 540 
493 540 
498 540 
500 539 
498 538 
495 537 
491 535 
486 532 
479 530 
475 526 
470 521 
466 514 
461 496 
459 496 
454 496 
452 496 
447 496 
443 496 
438 496 
429 496 
417 496 
403 496 
390 496 
378 496 
380 496 
387 496 
397 496 
406 496 
413 496 
417 496 
417 496 
415 496 
413 496 
410 496 
406 496 
403 496 
399 496 
397 496 
392 496 
387 496 
385 496 
380 496 
378 496 
376 496 
371 496 
369 496 
367 496 
364 496 
362 496 
361 496 
360 496 
359 496 
358 496 
358 496 
357 496 
356 496 
355 496 
354 496 
353 496 
352 496 
351 496 
350 496 
349 496 
348 496 
347 496 
347 496 
346 496 
345 496 
344 496 
343 496 
342 496 
341 496 
340 496 
339 496 
338 496 
337 496 
337 496 
336 496 
335 496 
334 496 
333 496 
332 496 
331 496 
330 496 
329 496 
328 496 
327 496 
326 496 
326 496 
325 496 
324 496 
323 496 
322 496 
321 496 
320 497 
319 494 
318 512 
317 546 
316 581 
316 615 
315 650 
314 680 
313 660 
312 622 
311 589 
310 553 
309 521 
308 480 
307 490 
306 498 
305 496 
305 496 
304 496 
303 496 
302 496 
301 496 
300 497 
300 495 
300 511 
305 520 
311 525 
328 529 
355 532 
383 534 
413 536 
438 538 
459 539 
475 540 
486 540 
493 540 
498 540 
500 539 
498 538 
495 537 
491 535 
486 532 
479 530 
475 526 
470 521 
466 514 
461 496 
459 496 
454 496 
452 496 
447 496 
443 496 
438 496 
429 496 
417 496 
403 496 
390 496 
378 496 
380 496 
387 496 
397 496 
406 496 
413 496 
417 496 
417 496 
415 496 
413 496 
410 496 
406 496 
403 496 
399 496 
397 496 
392 496 
387 496 
385 496 
380 496 
378 496 
376 496 
371 496 
369 496 
367 496 
364 496 
362 496 
361 496 
360 496 
359 496 
358 496 
358 496 
357 496 
356 496 
355 496 
354 496 
353 496 
352 496 
351 496 
350 496 
349 496 
348 496 
347 496 
347 496 
346 496 
345 496 
344 496 
343 496 
342 496 
341 496 
340 496 
339 496 
338 496 
337 496 
337 496 
336 496 
335 496 
334 496 
333 496 
332 496 
331 496 
330 496 
329 496 
328 496 
327 496 
326 496 
326 496 
325 496 
324 496 
323 496 
322 496 
321 496 
320 497 
319 494 
318 512 
317 546 
316 581 
316 615 
315 650 
314 680 
313 660 
312 622 
311 589 
310 553 
309 521 
308 480 
307 490 
306 498 
305 496 
305 496 
304 496 
303 496 
302 496 
301 496 
300 497 
300 495 
300 511 
305 520 
311 525 
328 529 
355 532 
383 534 
413 536 
438 538 
459 539 
475 540 
486 540 
493 540 
498 540 
500 539 
498 538 
495 537 
491 535 
486 532 
479 530 
475 526 
470 521 
466 514 
461 496 
459 496 
454 496 
452 496 
447 496 
443 496 
438 496 
429 496 
417 496 
403 496 
390 496 
378 496 
380 496 
387 496 
397 496 
406 496 
413 496 
417 496 
417 496 
415 496 
413 496 
410 496 
406 496 
403 496 
399 496 
397 496 
392 496 
387 496 
385 496 
380 496 
378 496 
376 496 
371 496 
369 496 
367 496 
364 496 
362 496 
361 496 
360 496 
359 496 
358 496 
358 496 
357 496 
356 496 
355 496 
354 496 
353 496 
352 496 
351 496 
350 496 
349 496 
348 496 
347 496 
347 496 
346 496 
345 496 
344 496 
343 496 
342 496 
341 496 
340 496 
339 496 
338 496 
337 496 
337 496 
336 496 
335 496 
334 496 
333 496 
332 496 
331 496 
330 496 
329 496 
328 496 
327 496 
326 496 
326 496 
325 496 
324 496 
323 496 
322 496 
321 496 
320 497 
319 494 
318 512 
317 546 
316 581 
316 615 
315 650 
314 680 
313 660 
312 622 
311 589 
310 553 
309 521 
308 480 
307 490 
306 498 
305 496 
305 496 
304 496 
303 496 
302 496 
301 496 
300 497 
300 495 
300 511 
305 520 
311 525 
328 529 
355 532 
383 534 
413 536 
438 538 
459 539 
475 540 
486 540 
493 540 
498 540 
500 539 
498 538 
495 537 
491 535 
486 532 
479 530 
475 526 
470 521 
466 514 
461 496 
459 496 
454 496 
452 496 
447 496 
443 496 
438 496 
429 496 
417 496 
403 496 
390 496 
378 496 
380 496 
387 496 
397 496 
406 496 
413 496 
417 496 
417 496 
415 496 
413 496 
410 496 
406 496 
403 496 
399 496 
397 496 
392 496 
387 496 
385 496 
380 496 
378 496 
376 496 
371 496 
369 496 
367 496 
364 496 
362 496 
361 496 
360 496 
359 496 
358 496 
358 496 
357 496 
356 496 
355 496 
354 496 
353 496 
352 496 
351 496 
350 496 
349 496 
348 496 
347 496 
347 496 
346 496 
345 496 
344 496 
343 496 
342 496 
341 496 
340 496 
339 496 
338 496 
337 496 
337 496 
336 496 
335 496 
334 496 
333 496 
332 496 
331 496 
330 496 
329 496 
328 496 
327 496 
326 496 
326 496 
325 496 
324 496 
323 496 
322 496 
321 496 
320 497 
319 494 
318 512 
317 546 
316 581 
316 615 
315 650 
314 680 
313 660 
312 622 
311 589 
310 553 
309 521 
308 480 
307 490 
306 498 
305 496 
305 496 
304 496 
303 496 
302 496 
301 496 
300 497 
300 495 
300 511 
305 520 
311 525 
328 529 
355 532 
383 534 
413 536 
438 538 
459 539 
475 540 
486 540 
493 540 
498 540 
500 539 
498 538 
495 537 
491 535 
486 532 
479 530 
475 526 
470 521 
466 514 
461 496 
459 496 
454 496 
452 496 
447 496 
443 496 
438 496 
429 496 
417 496 
403 496 
390 496 
378 496 
380 496 
387 496 
397 496 
406 496 
413 496 
417 496 
417 496 
415 496 
413 496 
410 496 
406 496 
403 496 
399 496 
397 496 
392 496 
387 496 
385 496 
380 496 
378 496 
376 496 
371 496 
369 496 
367 496 
364 496 
362 496 
361 496 
360 496 
359 496 
358 496 
358 496 
357 496 
356 496 
355 496 
354 496 
353 496 
352 496 
351 496 
350 496 
349 496 
348 496 
347 496 
347 496 
346 496 
345 496 
344 496 
343 496 
342 496 
341 496 
340 496 
339 496 
338 496 
337 496 
337 496 
336 496 
335 496 
334 496 
333 496 
332 496 
331 496 
330 496 
329 496 
328 496 
327 496 
326 496 
326 496 
325 496 
324 496 
323 496 
322 496 
321 496 
320 497 
319 494 
318 512 
317 546 
316 581 
316 615 
315 650 
314 680 
313 660 
312 622 
311 589 
310 553 
309 521 
308 480 
307 490 
306 498 
305 496 
305 496 
304 496 
303 496 
302 496 
301 496 
300 497 
300 495 
300 511 
305 520 
311 525 
328 529 
355 532 
383 534 
413 536 
438 538 
459 539 
475 540 
486 540 
493 540 
498 540 
500 539 
498 538 
495 537 
491 535 
486 532 
479 530 
475 526 
470 521 
466 514 
461 496 
459 496 
454 496 
452 496 
447 496 
443 496 
438 496 
429 496 
417 496 
403 496 
390 496 
378 496 
380 496 
387 496 
397 496 
406 496 
413 496 
417 496 
417 496 
415 496 
413 496 
410 496 
406 496 
403 496 
399 496 
397 496 
392 496 
387 496 
385 496 
380 496 
378 496 
376 496 
371 496 
369 496 
367 496 
364 496 
362 496 
361 496 
360 496 
359 496 
358 496 
358 496 
357 496 
356 496 
355 496 
354 496 
353 496 
352 496 
351 496 
350 496 
349 496 
348 496 
347 496 
347 496 
346 496 
345 496 
344 496 
343 496 
342 496 
341 496 
340 496 
339 496 
338 496 
337 496 
337 496 
336 496 
335 496 
334 496 
333 496 
332 496 
331 496 
330 496 
329 496 
328 496 
327 496 
326 496 
326 496 
325 496 
324 496 
323 496 
322 496 
321 496 
320 497 
319 494 
318 512 
317 546 
316 581 
316 615 
315 650 
314 680 
313 660 
312 622 
311 589 
310 553 
309 521 
308 480 
307 490 
306 498 
305 496 
305 496 
304 496 
303 496 
302 496 
301 496 
300 497 
300 495 
300 511 
305 520 
311 525 
328 529 
355 532 
383 534 
413 536 
438 538 
459 539 
475 540 
486 540 
493 540 
498 540 
500 539 
498 538 
495 537 
491 535 
486 532 
479 530 
475 526 
470 521 
466 514 
461 496 
459 496 
454 496 
452 496 
447 496 
443 496 
438 496 
429 496 
417 496 
403 496 
390 496 
378 496 
380 496 
387 496 
397 496 
406 496 
413 496 
417 496 
417 496 
415 496 
413 496 
410 496 
406 496 
403 496 
399 496 
397 496 
392 496 
387 496 
385 496 
380 496 
378 496 
376 496 
371 496 
369 496 
367 496 
364 496 
362 496 
361 496 
360 496 
359 496 
358 496 
358 496 
357 496 
356 496 
355 496 
354 496 
353 496 
352 496 
351 496 
350 496 
349 496 
348 496 
347 496 
347 496 
346 496 
345 496 
344 496 
343 496 
342 496 
341 496 
340 496 
339 496 
338 496 
337 496 
337 496 
336 496 
335 496 
334 496 
333 496 
332 496 
331 496 
330 496 
329 496 
328 496 
327 496 
326 496 
326 496 
325 496 
324 496 
323 496 
322 496 
321 496 
320 497 
319 494 
318 512 
317 546 
316 581 
316 615 
315 650 
314 680 
313 660 
312 622 
311 589 
310 553 
309 521 
308 480 
307 490 
306 498 
305 496 
305 496 
304 496 
303 496 
302 496 
301 496 
300 497 
300 495 
300 511 
305 520 
311 525 
328 529 
355 532 
383 534 
413 536 
438 538 
459 539 
475 540 
486 540 
493 540 
498 540 
500 539 
498 538 
495 537 
491 535 
486 532 
479 530 
475 526 
470 521 
466 514 
461 496 
459 496 
454 496 
452 496 
447 496 
443 496 
438 496 
429 496 
417 496 
403 496 
390 496 
378 496 
380 496 
387 496 
397 496 
406 496 
413 496 
417 496 
417 496 
415 496 
413 496 
410 496 
406 496 
403 496 
399 496 
397 496 
392 496 
387 496 
385 496 
380 496 
378 496 
376 496 
371 496 
369 496 
367 496 
364 496 
362 496 
361 496 
360 496 
359 496 
358 496 
358 496 
357 496 
356 496 
355 496 
354 496 
353 496 
352 496 
351 496 
350 496 
349 496 
348 496 
347 496 
347 496 
346 496 
345 496 
344 496 
343 496 
342 496 
341 496 
340 496 
339 496 
338 496 
337 496 
337 496 
336 496 
335 496 
334 496 
333 496 
332 496 
331 496 
330 496 
329 496 
328 496 
327 496 
326 496 
326 496 
325 496 
324 496 
323 496 
322 496 
321 496 
320 497 
319 494 
318 512 
317 546 
316 581 
316 615 
315 650 
314 680 
313 660 
312 622 
311 589 
310 553 
309 521 
308 480 
307 490 
306 498 
305 496 
305 496 
304 496 
303 496 
302 496 
301 496 
300 497 
300 495 
300 511 
305 520 
311 525 
328 529 
355 532 
383 534 
413 536 
438 538 
459 539 
475 540 
486 540 
493 540 
498 540 
500 539 
498 538 
495 537 
491 535 
486 532 
479 530 
475 526 
470 521 
466 514 
461 496 
459 496 
454 496 
452 496 
447 496 
443 496 
438 496 
429 496 
417 496 
403 496 
390 496 
378 496 
380 496 
387 496 
397 496 
406 496 
413 496 
417 496 
417 496 
415 496 
413 496 
410 496 
406 496 
403 496 
399 496 
397 496 
392 496 
387 496 
385 496 
380 496 
378 496 
376 496 
371 496 
369 496 
367 496 
364 496 
362 496 
361 496 
360 496 
359 496 
358 496 
358 496 
357 496 
356 496 
355 496 
354 496 
353 496 
352 496 
351 496 
350 496 
349 496 
348 496 
347 496 
347 496 
346 496 
345 496 
344 496 
343 496 
342 496 
341 496 
340 496 
339 496 
338 496 
337 496 
337 496 
336 496 
335 496 
334 496 
333 496 
332 496 
331 496 
330 496 
329 496 
328 496 
327 496 
326 496 
326 496 
325 496 
324 496 
323 496 
322 496 
321 496 
320 497 
319 494 
318 512 
317 546 
316 581 
316 615 
315 650 
314 680 
313 660 
312 622 
311 589 
310 553 
309 521 
308 480 
307 490 
306 498 
305 496 
305 496 
304 496 
303 496 
302 496 
301 496 
300 497 
300 495 
300 511 
305 520 
311 525 
328 529 
355 532 
383 534 
413 536 
438 538 
459 539 
475 540 
486 540 
493 540 
498 540 
500 539 
498 538 
495 537 
491 535 
486 532 
479 530 
475 526 
470 521 
466 514 
461 496 
459 496 
454 496 
452 496 
447 496 
443 496 
438 496 
429 496 
417 496 
403 496 
390 496 
378 496 
380 496 
387 496 
397 496 
406 496 
413 496 
417 496 
417 496 
415 496 
413 496 
410 496 
406 496 
403 496 
399 496 
397 496 
392 496 
387 496 
385 496 
380 496 
378 496 
376 496 
371 496 
369 496 
367 496 
364 496 
362 496 
361 496 
360 496 
359 496 
358 496 
358 496 
357 496 
356 496 
355 496 
354 496 
353 496 
352 496 
351 496 
350 496 
349 496 
348 496 
347 496 
347 496 
346 496 
345 496 
344 496 
343 496 
342 496 
341 496 
340 496 
339 496 
338 496 
337 496 
337 496 
336 496 
335 496 
334 496 
333 496 
332 496 
331 496 
330 496 
329 496 
328 496 
327 496 
326 496 
326 496 
325 496 
324 496 
323 496 
322 496 
321 496 
320 497 
319 494 
318 512 
317 546 
316 581 
316 615 
315 650 
314 680 
313 660 
312 622 
311 589 
310 553 
309 521 
308 480 
307 490 
306 498 
305 496 
305 496 
304 496 
303 496 
302 496 
301 496 
300 497 
300 495 
300 511 
305 520 
311 525 
328 529 
355 532 
383 534 
413 536 
438 538 
459 539 
475 540 
486 540 
493 540 
498 540 
500 539 
498 538 
495 537 
491 535 
486 532 
479 530 
475 526 
470 521 
466 514 
461 496 
459 496 
454 496 
452 496 
447 496 
443 496 
438 496 
429 496 
417 496 
403 496 
390 496 
378 496 
380 496 
387 496 
397 496 
406 496 
413 496 
417 496 
417 496 
415 496 
413 496 
410 496 
406 496 
403 496 
399 496 
397 496 
392 496 
387 496 
385 496 
380 496 
378 496 
376 496 
371 496 
369 496 
367 496 
364 496 
362 496 
361 496 
360 496 
359 496 
358 496 
358 496 
357 496 
356 496 
355 496 
354 496 
353 496 
352 496 
351 496 
350 496 
349 496 
348 496 
347 496 
347 496 
346 496 
345 496 
344 496 
343 496 
342 496 
341 496 
340 496 
339 496 
338 496 
337 496 
337 496 
336 496 
335 496 
334 496 
333 496 
332 496 
331 496 
330 496 
329 496 
328 496 
327 496 
326 496 
326 496 
325 496 
324 496 
323 496 
322 496 
321 496 
320 497 
319 494 
318 512 
317 546 
316 581 
316 615 
315 650 
314 680 
313 660 
312 622 
311 589 
310 553 
309 521 
308 480 
307 490 
306 498 
305 496 
305 496 
304 496 
303 496 
302 496 
301 496 
300 497 
300 495 
300 511 
305 520 
311 525 
328 529 
355 532 
383 534 
413 536 
438 538 
459 539 
475 540 
486 540 
493 540 
498 540 
500 539 
498 538 
495 537 
491 535 
486 532 
479 530 
475 526 
470 521 
466 514 
461 496 
459 496 
454 496 
452 496 
447 496 
443 496 
438 496 
429 496 
417 496 
403 496 
390 496 
378 496 
380 496 
387 496 
397 496 
406 496 
413 496 
417 496 
417 496 
415 496 
413 496 
410 496 
406 496 
403 496 
399 496 
397 496 
392 496 
387 496 
385 496 
380 496 
378 496 
376 496 
371 496 
369 496 
367 496 
364 496 
362 496 
361 496 
360 496 
359 496 
358 496 
358 496 
357 496 
356 496 
355 496 
354 496 
353 496 
352 496 
351 496 
350 496 
349 496 
348 496 
347 496 
347 496 
346 496 
345 496 
344 496 
343 496 
342 496 
341 496 
340 496 
339 496 
338 496 
337 496 
337 496 
336 496 
335 496 
334 496 
333 496 
332 496 
331 496 
330 496 
329 496 
328 496 
327 496 
326 496 
326 496 
325 496 
324 496 
323 496 
322 496 
321 496 
320 497 
319 494 
318 512 
317 546 
316 581 
316 615 
315 650 
314 680 
313 660 
312 622 
311 589 
310 553 
309 521 
308 480 
307 490 
306 498 
305 496 
305 496 
304 496 
303 496 
302 496 
301 496 
300 497 
300 495 
300 511 
305 520 
311 525 
328 529 
355 532 
383 534 
413 536 
438 538 
459 539 
475 540 
486 540 
493 540 
498 540 
500 539 
498 538 
495 537 
491 535 
486 532 
479 530 
475 526 
470 521 
466 514 
461 496 
459 496 
454 496 
452 496 
447 496 
443 496 
438 496 
429 496 
417 496 
403 496 
390 496 
378 496 
380 496 
387 496 
397 496 
406 496 
413 496 
417 496 
417 496 
415 496 
413 496 
410 496 
406 496 
403 496 
399 496 
397 496 
392 496 
387 496 
385 496 
380 496 
378 496 
376 496 
371 496 
369 496 
367 496 
364 496 
362 496 
361 496 
360 496 
359 496 
358 496 
358 496 
357 496 
356 496 
355 496 
354 496 
353 496 
352 496 
351 496 
350 496 
349 496 
348 496 
347 496 
347 496 
346 496 
345 496 
344 496 
343 496 
342 496 
341 496 
340 496 
339 496 
338 496 
337 496 
337 496 
336 496 
335 496 
334 496 
333 496 
332 496 
331 496 
330 496 
329 496 
328 496 
327 496 
326 496 
326 496 
325 496 
324 496 
323 496 
322 496 
321 496 
320 497 
319 494 
318 512 
317 546 
316 581 
316 615 
315 650 
314 680 
313 660 
312 622 
311 589 
310 553 
309 521 
308 480 
307 490 
306 498 
305 496 
305 496 
304 496 
303 496 
302 496 
301 496 
300 497 
300 495 
300 511 
305 520 
311 525 
328 529 
355 532 
383 534 
413 536 
438 538 
459 539 
475 540 
486 540 
493 540 
498 540 
500 539 
498 538 
495 537 
491 535 
486 532 
479 530 
475 526 
470 521 
466 514 
461 496 
459 496 
454 496 
452 496 
447 496 
443 496 
438 496 
429 496 
417 496 
403 496 
390 496 
378 496 
380 496 
387 496 
397 496 
406 496 
413 496 
417 496 
417 496 
415 496 
413 496 
410 496 
406 496 
403 496 
399 496 
397 496 
392 496 
387 496 
385 496 
380 496 
378 496 
376 496 
371 496 
369 496 
367 496 
364 496 
362 496 
361 496 
360 496 
359 496 
358 496 
358 496 
357 496 
356 496 
355 496 
354 496 
353 496 
352 496 
351 496 
350 496 
349 496 
348 496 
347 496 
347 496 
346 496 
345 496 
344 496 
343 496 
342 496 
341 496 
340 496 
339 496 
338 496 
337 496 
337 496 
336 496 
335 496 
334 496 
333 496 
332 496 
331 496 
330 496 
329 496 
328 496 
327 496 
326 496 
326 496 
325 496 
324 496 
323 496 
322 496 
321 496 
320 497 
319 494 
318 512 
317 546 
316 581 
316 615 
315 650 
314 680 
313 660 
312 622 
311 589 
310 553 
309 521 
308 480 
307 490 
306 498 
305 496 
305 496 
304 496 
303 496 
302 496 
301 496 
300 497 
300 495 
300 511 
305 520 
311 525 
328 529 
355 532 
383 534 
413 536 
438 538 
459 539 
475 540 
486 540 
493 540 
498 540 
500 539 
498 538 
495 537 
491 535 
486 532 
479 530 
475 526 
470 521 
466 514 
461 496 
459 496 
454 496 
452 496 
447 496 
443 496 
438 496 
429 496 
417 496 
403 496 
390 496 
378 496 
380 496 
387 496 
397 496 
406 496 
413 496 
417 496 
417 496 
415 496 
413 496 
410 496 
406 496 
403 496 
399 496 
397 496 
392 496 
387 496 
385 496 
380 496 
378 496 
376 496 
371 496 
369 496 
367 496 
364 496 
362 496 
361 496 
360 496 
359 496 
358 496 
358 496 
357 496 
356 496 
355 496 
354 496 
353 496 
352 496 
351 496 
350 496 
349 496 
348 496 
347 496 
347 496 
346 496 
345 496 
344 496 
343 496 
342 496 
341 496 
340 496 
339 496 
338 496 
337 496 
337 496 
336 496 
335 496 
334 496 
333 496 
332 496 
331 496 
330 496 
329 496 
328 496 
327 496 
326 496 
326 496 
325 496 
324 496 
323 496 
322 496 
321 496 
320 497 
319 494 
318 512 
317 546 
316 581 
316 615 
315 650 
314 680 
313 660 
312 622 
311 589 
310 553 
309 521 
308 480 
307 490 
306 498 
305 496 
305 496 
304 496 
303 496 
302 496 
301 496 
300 497 
300 495 
300 511 
305 520 
311 525 
328 529 
355 532 
383 534 
413 536 
438 538 
459 539 
475 540 
486 540 
493 540 
498 540 
500 539 
498 538 
495 537 
491 535 
486 532 
479 530 
475 526 
470 521 
466 514 
461 496 
459 496 
454 496 
452 496 
447 496 
443 496 
438 496 
429 496 
417 496 
403 496 
390 496 
378 496 
380 496 
387 496 
397 496 
406 496 
413 496 
417 496 
417 496 
415 496 
413 496 
410 496 
406 496 
403 496 
399 496 
397 496 
392 496 
387 496 
385 496 
380 496 
378 496 
376 496 
371 496 
369 496 
367 496 
364 496 
362 496 
361 496 
360 496 
359 496 
358 496 
358 496 
357 496 
356 496 
355 496 
354 496 
353 496 
352 496 
351 496 
350 496 
349 496 
348 496 
347 496 
347 496 
346 496 
345 496 
344 496 
343 496 
342 496 
341 496 
340 496 
339 496 
338 496 
337 496 
337 496 
336 496 
335 496 
334 496 
333 496 
332 496 
331 496 
330 496 
329 496 
328 496 
327 496 
326 496 
326 496 
325 496 
324 496 
323 496 
322 496 
321 496 
320 497 
319 494 
318 512 
317 546 
316 581 
316 615 
315 650 
314 680 
313 660 
312 622 
311 589 
310 553 
309 521 
308 480 
307 490 
306 498 
305 496 
305 496 
304 496 
303 496 
302 496 
301 496 
300 497 
300 495 
300 511 
305 520 
311 525 
328 529 
355 532 
383 534 
413 536 
438 538 
459 539 
475 540 
486 540 
493 540 
498 540 
500 539 
498 538 
495 537 
491 535 
486 532 
479 530 
475 526 
470 521 
466 514 
461 496 
459 496 
454 496 
452 496 
447 496 
443 496 
438 496 
429 496 
417 496 
403 496 
390 496 
378 496 
380 496 
387 496 
397 496 
406 496 
413 496 
417 496 
417 496 
415 496 
413 496 
410 496 
406 496 
403 496 
399 496 
397 496 
392 496 
387 496 
385 496 
380 496 
378 496 
376 496 
371 496 
369 496 
367 496 
364 496 
362 496 
361 496 
360 496 
359 496 
358 496 
358 496 
357 496 
356 496 
355 496 
354 496 
353 496 
352 496 
351 496 
350 496 
349 496 
348 496 
347 496 
347 496 
346 496 
345 496 
344 496 
343 496 
342 496 
341 496 
340 496 
339 496 
338 496 
337 496 
337 496 
336 496 
335 496 
334 496 
333 496 
332 496 
331 496 
330 496 
329 496 
328 496 
327 496 
326 496 
326 496 
325 496 
324 496 
323 496 
322 496 
321 496 
320 497 
319 494 
318 512 
317 546 
316 581 
316 615 
315 650 
314 680 
313 660 
312 622 
311 589 
310 553 
309 521 
308 480 
307 490 
306 498 
305 496 
305 496 
304 496 
303 496 
302 496 
301 496 
300 497 
300 495 
300 511 
305 520 
311 525 
328 529 
355 532 
383 534 
413 536 
438 538 
459 539 
475 540 
486 540 
493 540 
498 540 
500 539 
498 538 
495 537 
491 535 
486 532 
479 530 
475 526 
470 521 
466 514 
461 496 
459 496 
454 496 
452 496 
447 496 
443 496 
438 496 
429 496 
417 496 
403 496 
390 496 
378 496 
380 496 
387 496 
397 496 
406 496 
413 496 
417 496 
417 496 
415 496 
413 496 
410 496 
406 496 
403 496 
399 496 
397 496 
392 496 
387 496 
385 496 
380 496 
378 496 
376 496 
371 496 
369 496 
367 496 
364 496 
362 496 
361 496 
360 496 
359 496 
358 496 
358 496 
357 496 
356 496 
355 496 
354 496 
353 496 
352 496 
351 496 
350 496 
349 496 
348 496 
347 496 
347 496 
346 496 
345 496 
344 496 
343 496 
342 496 
341 496 
340 496 
339 496 
338 496 
337 496 
337 496 
336 496 
335 496 
334 496 
333 496 
332 496 
331 496 
330 496 
329 496 
328 496 
327 496 
326 496 
326 496 
325 496 
324 496 
323 496 
322 496 
321 496 
320 497 
319 494 
318 512 
317 546 
316 581 
316 615 
315 650 
314 680 
313 660 
312 622 
311 589 
310 553 
309 521 
308 480 
307 490 
306 498 
305 496 
305 496 
304 496 
303 496 
302 496 
301 496 
300 497 
300 495 
300 511 
305 520 
311 525 
328 529 
355 532 
383 534 
413 536 
438 538 
459 539 
475 540 
486 540 
493 540 
498 540 
500 539 
498 538 
495 537 
491 535 
486 532 
479 530 
475 526 
470 521 
466 514 
461 496 
459 496 
454 496 
452 496 
447 496 
443 496 
438 496 
429 496 
417 496 
403 496 
390 496 
378 496 
380 496 
387 496 
397 496 
406 496 
413 496 
417 496 
417 496 
415 496 
413 496 
410 496 
406 496 
403 496 
399 496 
397 496 
392 496 
387 496 
385 496 
380 496 
378 496 
376 496 
371 496 
369 496 
367 496 
364 496 
362 496 
361 496 
360 496 
359 496 
358 496 
358 496 
357 496 
356 496 
355 496 
354 496 
353 496 
352 496 
351 496 
350 496 
349 496 
348 496 
347 496 
347 496 
346 496 
345 496 
344 496 
343 496 
342 496 
341 496 
340 496 
339 496 
338 496 
337 496 
337 496 
336 496 
335 496 
334 496 
333 496 
332 496 
331 496 
330 496 
329 496 
328 496 
327 496 
326 496 
326 496 
325 496 
324 496 
323 496 
322 496 
321 496 
320 497 
319 494 
318 512 
317 546 
316 581 
316 615 
315 650 
314 680 
313 660 
312 622 
311 589 
310 553 
309 521 
308 480 
307 490 
306 498 
305 496 
305 496 
304 496 
303 496 
302 496 
301 496 
300 497 
300 495 
300 511 
305 520 
311 525 
328 529 
355 532 
383 534 
413 536 
438 538 
459 539 
475 540 
486 540 
493 540 
498 540 
500 539 
498 538 
495 537 
491 535 
486 532 
479 530 
475 526 
470 521 
466 514 
461 496 
459 496 
454 496 
452 496 
447 496 
443 496 
438 496 
429 496 
417 496 
403 496 
390 496 
378 496 
380 496 
387 496 
397 496 
406 496 
413 496 
417 496 
417 496 
415 496 
413 496 
410 496 
406 496 
403 496 
399 496 
397 496 
392 496 
387 496 
385 496 
380 496 
378 496 
376 496 
371 496 
369 496 
367 496 
364 496 
362 496 
361 496 
360 496 
359 496 
358 496 
358 496 
357 496 
356 496 
355 496 
354 496 
353 496 
352 496 
351 496 
350 496 
349 496 
348 496 
347 496 
347 496 
346 496 
345 496 
344 496 
343 496 
342 496 
341 496 
340 496 
339 496 
338 496 
337 496 
337 496 
336 496 
335 496 
334 496 
333 496 
332 496 
331 496 
330 496 
329 496 
328 496 
327 496 
326 496 
326 496 
325 496 
324 496 
323 496 
322 496 
321 496 
320 497 
319 494 
318 512 
317 546 
316 581 
316 615 
315 650 
314 680 
313 660 
312 622 
311 589 
310 553 
309 521 
308 480 
307 490 
306 498 
305 496 
305 496 
304 496 
303 496 
302 496 
301 496 
300 497 
300 495 
300 511 
305 520 
311 525 
328 529 
355 532 
383 534 
413 536 
438 538 
459 539 
475 540 
486 540 
493 540 
498 540 
500 539 
498 538 
495 537 
491 535 
486 532 
479 530 
475 526 
470 521 
466 514 
461 496 
