621	605
619	781
618	945
618	982
618	807
618	607
618	511
618	537
618	573
618	519
618	521
619	527
621	531
621	531
623	523
630	531
646	537
669	518
694	537
720	526
741	533
759	537
774	523
789	544
802	533
810	529
818	547
825	525
829	545
830	545
830	544
830	565
829	555
829	571
832	591
833	582
837	607
841	603
843	611
845	627
849	611
850	630
850	611
851	587
850	587
849	557
848	553
843	543
837	525
830	537
820	525
806	521
791	525
776	513
762	529
759	519
759	518
762	531
762	511
762	523
762	521
759	512
758	529
757	510
754	517
750	527
747	513
746	533
745	516
744	517
744	528
741	513
741	525
737	519
733	516
729	527
725	509
722	523
720	522
717	507
714	527
712	520
709	520
706	529
703	513
702	535
701	525
699	516
698	529
695	518
693	528
690	529
686	521
683	541
681	529
678	532
676	535
673	528
670	551
669	537
667	539
666	551
663	529
661	541
660	531
657	525
657	545
656	528
654	535
653	532
651	519
650	531
649	517
648	532
645	534
645	516
645	531
642	531
641	529
641	541
640	507
638	508
637	563
637	714
637	913
637	975
637	898
637	673
637	514
637	531
638	559
640	543
640	530
638	515
637	545
637	527
638	517
642	537
653	519
674	528
697	527
720	522
741	542
759	523
773	531
786	539
797	527
810	541
818	533
826	537
832	557
834	544
836	561
834	556
834	559
833	583
830	571
829	587
832	601
834	599
837	617
840	611
842	623
842	629
843	601
843	603
843	584
842	563
841	555
837	527
833	533
825	526
814	515
802	525
789	508
774	522
762	521
758	509
758	519
757	513
758	511
759	525
759	507
759	523
758	519
757	513
754	528
750	511
746	525
744	523
741	515
741	531
742	513
741	517
740	525
735	513
733	517
729	513
725	514
722	525
720	510
717	529
717	531
714	517
710	533
708	517
706	531
703	525
702	515
699	533
698	518
693	524
690	531
686	513
683	535
682	531
681	525
680	533
677	513
676	532
674	525
672	514
670	528
669	510
669	523
667	523
666	508
663	527
662	511
661	519
660	532
657	507
654	525
651	517
650	518
649	535
646	503
645	499
644	538
642	660
642	867
642	950
642	883
642	695
642	511
644	519
645	539
645	526
645	516
646	501
646	521
648	515
648	501
649	515
653	501
666	517
685	523
708	506
730	530
750	512
769	517
782	525
793	515
804	527
811	521
820	523
826	543
829	523
830	543
830	535
829	536
829	565
826	551
826	575
826	581
826	584
829	609
832	601
832	606
832	624
833	595
833	597
832	573
830	552
827	562
825	527
820	530
813	519
804	505
789	526
776	511
758	505
746	515
746	497
746	511
745	507
746	507
746	519
746	501
747	518
747	519
746	508
744	521
741	501
738	513
737	519
735	507
734	523
731	511
730	514
726	524
725	498
722	515
718	509
715	506
714	521
709	503
708	516
703	511
701	501
698	518
695	505
693	521
693	513
690	501
689	527
686	516
682	515
677	521
674	507
673	521
672	517
670	509
669	522
669	511
667	516
666	517
662	511
661	531
661	519
661	522
661	528
658	508
657	527
654	519
651	514
649	519
646	488
645	507
642	589
641	753
638	919
637	915
637	775
637	587
637	495
637	531
637	531
637	510
637	509
637	500
637	519
637	505
637	505
637	525
644	505
658	519
677	516
699	509
722	532
741	513
756	515
767	526
781	505
790	531
800	514
805	521
810	533
811	521
813	541
811	545
810	539
810	559
809	554
809	577
810	587
813	577
814	605
814	598
815	599
815	605
814	568
813	575
813	563
811	538
809	545
804	515
795	527
786	527
774	515
762	538
746	513
733	522
731	533
733	518
733	531
731	526
733	518
733	527
733	517
733	529
733	525
730	513
729	533
727	521
726	527
726	539
726	523
725	536
724	525
720	527
717	530
714	518
713	525
710	513
706	515
705	533
702	509
699	523
698	520
695	507
694	524
692	513
689	521
686	530
682	515
681	532
677	519
676	521
674	523
672	503
669	528
669	517
666	504
663	519
662	509
661	517
661	523
658	507
657	526
654	513
650	521
648	529
644	509
642	503
641	491
638	573
637	739
635	887
634	932
634	785
634	582
634	511
634	509
635	533
635	517
634	493
634	519
633	507
631	512
630	513
629	503
637	522
651	515
670	509
693	529
714	514
733	529
751	528
770	519
785	537
797	521
805	541
810	539
811	525
813	549
814	534
813	549
813	570
814	559
815	582
818	587
820	589
822	611
825	596
827	616
829	621
829	598
829	603
829	567
827	557
826	555
821	527
818	535
813	515
805	507
794	517
781	501
767	511
751	512
744	495
745	519
745	502
745	509
746	514
746	505
746	517
744	505
741	512
741	527
738	503
735	525
733	517
730	511
729	525
726	507
725	525
722	527
720	513
717	529
715	509
714	518
710	523
708	509
705	521
703	515
701	517
701	530
698	518
698	536
695	533
693	523
692	527
689	511
686	523
683	523
682	507
680	526
677	511
676	513
674	521
672	503
669	525
667	517
666	508
666	527
665	509
663	525
661	525
661	521
658	518
656	495
653	524
650	649
646	815
645	942
646	886
646	709
646	553
645	506
646	550
645	539
645	505
646	523
648	517
648	521
649	518
649	504
651	523
661	514
681	520
701	523
725	513
746	529
765	521
781	521
797	536
809	517
818	529
823	529
829	526
832	545
833	534
833	549
834	552
834	544
834	570
836	577
838	582
842	603
848	599
850	614
850	617
852	611
853	611
853	577
853	577
853	560
852	539
850	537
845	515
837	531
829	529
814	508
800	523
784	513
765	511
757	523
759	505
759	523
762	514
762	516
762	529
761	507
759	522
758	527
754	511
751	531
747	520
746	517
744	525
742	517
740	531
738	517
735	519
734	529
731	513
730	529
727	523
725	521
722	527
720	507
717	523
714	527
712	511
709	529
706	521
703	527
702	533
699	517
697	537
693	523
690	517
687	529
685	513
685	529
682	525
681	510
678	525
676	516
672	514
669	527
667	514
666	532
666	519
662	528
661	536
658	510
656	513
653	500
650	545
648	706
645	857
645	939
644	842
642	635
642	522
642	509
642	538
642	532
642	495
641	513
642	513
641	503
642	517
644	507
653	519
670	516
692	506
715	519
738	503
759	504
779	511
797	505
811	526
821	513
826	515
829	527
830	517
833	533
834	529
834	527
834	553
836	543
838	554
842	567
845	567
850	593
853	589
857	600
858	608
858	582
858	595
858	563
857	555
854	551
850	520
845	523
842	512
834	502
826	512
813	495
798	503
783	509
766	490
758	511
759	494
759	503
761	501
762	495
761	506
759	499
758	499
754	509
751	492
749	507
746	502
742	493
741	517
741	499
740	506
738	509
735	505
733	520
730	496
726	503
722	518
719	495
717	510
714	509
712	501
709	515
708	493
706	503
703	509
699	495
697	513
693	493
690	509
686	519
683	507
682	525
678	508
677	508
674	522
673	501
670	517
669	511
667	502
666	518
663	505
663	510
662	517
658	503
657	524
654	509
651	506
650	527
645	503
644	525
641	511
638	491
637	507
634	563
634	736
634	893
634	939
634	819
634	607
634	505
634	530
634	534
634	529
634	500
634	503
635	521
635	504
635	515
641	509
653	499
674	515
698	504
724	510
746	517
769	507
788	521
802	501
813	508
821	515
825	509
827	525
832	520
834	516
836	535
837	527
837	539
840	551
842	551
849	574
853	562
858	585
861	599
865	591
866	610
869	595
869	581
869	575
868	545
866	538
861	522
858	505
853	511
848	495
841	505
829	509
813	486
797	513
779	495
770	503
772	510
773	493
776	507
776	497
774	501
773	513
770	495
769	510
766	509
762	497
758	513
754	501
750	509
747	515
746	500
744	523
741	511
741	511
738	527
734	505
731	518
727	514
725	499
722	517
717	495
715	507
713	508
709	507
709	513
706	500
703	504
701	513
698	499
693	523
689	515
685	511
682	525
678	507
677	523
674	520
672	520
669	539
667	517
667	525
666	531
665	519
663	526
662	510
661	513
661	525
660	501
657	525
653	521
650	513
649	519
648	510
646	525
645	519
645	507
645	529
644	515
642	519
642	509
640	489
640	584
640	743
638	907
638	961
637	813
637	614
637	510
635	526
635	561
635	521
635	515
635	517
634	515
634	533
634	521
642	526
660	531
683	519
709	535
733	531
754	519
773	529
790	517
805	531
818	531
825	528
832	542
837	532
842	536
842	539
842	535
841	559
841	545
842	560
848	582
853	575
859	597
863	597
866	603
869	631
870	607
872	613
873	607
874	589
874	580
874	547
870	535
868	535
861	515
854	528
845	509
833	506
818	517
802	509
785	523
774	523
773	508
773	523
774	506
773	514
773	525
772	514
770	527
766	513
762	517
758	527
756	511
754	527
751	524
749	518
746	529
745	519
742	529
741	529
738	513
737	533
734	519
730	522
729	529
725	513
722	528
720	521
717	521
715	528
714	508
710	528
708	523
705	512
702	535
699	507
698	518
695	527
693	509
692	529
690	515
687	519
686	529
685	513
685	534
683	535
682	531
681	545
677	523
674	534
672	527
669	523
667	535
666	521
665	531
662	531
658	515
658	533
656	521
653	526
653	535
651	520
650	536
650	527
649	523
648	543
645	524
645	520
642	503
641	541
640	707
640	877
641	985
642	905
642	685
644	539
645	519
645	557
645	551
645	507
648	517
649	529
649	517
649	528
651	511
662	522
682	530
708	516
733	533
757	523
779	527
797	535
813	515
826	536
837	525
846	526
853	540
858	528
861	547
863	550
863	541
866	563
868	558
869	576
872	590
875	587
879	609
884	606
885	613
890	627
891	605
894	616
893	596
893	567
890	575
886	540
884	537
879	531
874	516
866	534
855	514
841	513
823	525
806	508
793	525
790	510
789	513
790	522
790	513
790	522
789	521
789	519
786	523
782	515
779	522
777	528
773	521
769	538
765	517
762	523
758	534
756	517
753	525
750	524
746	522
744	531
741	510
738	525
733	522
730	515
726	528
725	517
722	520
718	533
717	503
714	523
713	518
712	516
709	527
706	512
703	527
701	522
699	512
697	539
693	517
690	527
686	528
683	512
682	535
680	531
677	538
676	546
672	521
670	537
669	523
667	523
667	532
666	523
666	535
663	525
661	517
658	532
654	521
653	525
653	529
653	514
653	537
653	529
651	535
650	545
650	521
649	519
649	522
649	605
650	808
650	945
650	977
649	815
649	583
650	521
649	536
649	553
649	533
648	499
649	535
649	527
650	519
650	531
657	525
673	532
694	532
718	528
742	536
763	513
782	527
797	540
813	528
826	543
836	529
842	538
849	552
853	535
855	557
857	555
857	560
858	576
857	571
858	586
861	595
865	598
869	619
870	615
874	617
874	635
875	617
877	623
877	589
878	579
877	567
875	543
874	547
869	536
863	523
853	535
840	515
823	524
808	526
791	515
786	529
786	511
788	515
788	529
788	513
786	526
786	521
785	516
782	527
779	511
778	521
773	517
770	503
766	527
762	513
759	513
758	521
756	512
754	523
751	511
749	519
747	532
745	515
741	523
738	519
734	519
733	527
730	506
730	523
726	521
724	507
722	529
718	509
717	515
714	527
712	509
709	523
708	520
706	519
703	530
702	513
701	536
698	536
698	525
697	537
694	514
693	519
690	525
687	511
685	531
683	515
682	516
681	527
681	507
680	528
677	517
677	521
674	529
672	511
669	523
669	521
667	509
667	524
666	503
666	489
663	505
