800 
800 
800 
800 
800 
800 
800 
800 
800 
800 
800 
800 
800 
800 
822 
836 
858 
889 
927 
973 
1020 
1066 
1108 
1144 
1172 
1190 
1199 
1200 
1193 
1181 
1164 
1144 
1123 
1101 
1079 
1058 
1039 
1020 
1004 
989 
977 
966 
957 
951 
945 
943 
940 
939 
936 
830 
830 
853 
868 
891 
923 
964 
1011 
1061 
1109 
1154 
1191 
1221 
1239 
1249 
1250 
1243 
1230 
1212 
1192 
1169 
1146 
1123 
1101 
1081 
1061 
1044 
1029 
1016 
1005 
995 
988 
982 
980 
977 
976 
973 
840 
861 
875 
896 
927 
964 
1008 
1054 
1099 
1141 
1176 
1203 
1220 
1229 
1230 
1224 
1211 
1194 
1176 
1155 
1134 
1112 
1092 
1073 
1054 
1039 
1025 
1013 
1002 
994 
987 
981 
979 
977 
975 
973 
970 
800 
822 
836 
858 
889 
927 
973 
1020 
1066 
1108 
1144 
1172 
1190 
1199 
1200 
1193 
1181 
1164 
1144 
1123 
1101 
1079 
1058 
1039 
1020 
1004 
989 
977 
966 
957 
951 
945 
943 
940 
939 
936 
790 
815 
832 
858 
895 
939 
993 
1048 
1103 
1152 
1194 
1227 
1248 
1259 
1260 
1252 
1238 
1217 
1195 
1169 
1144 
1118 
1094 
1070 
1048 
1030 
1012 
998 
986 
975 
967 
960 
958 
955 
953 
950 
947 
880 
903 
918 
941 
973 
1014 
1061 
1111 
1159 
1204 
1241 
1271 
1289 
1299 
1300 
1293 
1280 
1262 
1242 
1219 
1196 
1173 
1151 
1131 
1111 
1094 
1079 
1066 
1055 
1045 
1038 
1032 
1030 
1027 
1026 
1023 
1020 
1017 
840 
862 
877 
899 
931 
970 
1017 
1065 
1113 
1156 
1193 
1222 
1239 
1249 
1250 
1243 
1230 
1213 
1193 
1171 
1149 
1126 
1105 
1085 
1065 
1049 
1034 
1022 
1011 
1001 
994 
989 
986 
984 
982 
980 
800 
822 
836 
858 
889 
927 
973 
1020 
1066 
1108 
1144 
1172 
1190 
1199 
1200 
1193 
1181 
1164 
1144 
1123 
1101 
1079 
1058 
1039 
1020 
1004 
989 
977 
966 
957 
951 
945 
943 
940 
939 
936 
933 
830 
853 
868 
891 
923 
964 
1011 
1061 
1109 
1154 
1191 
1221 
1239 
1249 
1250 
1243 
1230 
1212 
1192 
1169 
1146 
1123 
1101 
1081 
1061 
1044 
1029 
1016 
1005 
995 
988 
982 
980 
977 
976 
973 
840 
861 
875 
896 
927 
964 
1008 
1054 
1099 
1141 
1176 
1203 
1220 
1229 
1230 
1224 
1211 
1194 
1176 
1155 
1134 
1112 
1092 
1073 
1054 
1039 
1025 
1013 
1002 
994 
987 
981 
979 
977 
975 
973 
970 
800 
822 
836 
858 
889 
927 
973 
1020 
1066 
1108 
1144 
1172 
1190 
1199 
1200 
1193 
1181 
1164 
1144 
1123 
1101 
1079 
1058 
1039 
1020 
1004 
989 
977 
966 
957 
951 
945 
943 
940 
939 
936 
790 
790 
815 
832 
858 
895 
939 
993 
1048 
1103 
1152 
1194 
1227 
1248 
1259 
1260 
1252 
1238 
1217 
1195 
1169 
1144 
1118 
1094 
1070 
1048 
1030 
1012 
998 
986 
975 
967 
960 
958 
955 
953 
950 
880 
880 
903 
918 
941 
973 
1014 
1061 
1111 
1159 
1204 
1241 
1271 
1289 
1299 
1300 
1293 
1280 
1262 
1242 
1219 
1196 
1173 
1151 
1131 
1111 
1094 
1079 
1066 
1055 
1045 
1038 
1032 
1030 
1027 
1026 
1023 
1020 
840 
862 
877 
899 
931 
970 
1017 
1065 
1113 
1156 
1193 
1222 
1239 
1249 
1250 
1243 
1230 
1213 
1193 
1171 
1149 
1126 
1105 
1085 
1065 
1049 
1034 
1022 
1011 
1001 
994 
989 
986 
984 
982 
980 
800 
800 
822 
836 
858 
889 
927 
973 
1020 
1066 
1108 
1144 
1172 
1190 
1199 
1200 
1193 
1181 
1164 
1144 
1123 
1101 
1079 
1058 
1039 
1020 
1004 
989 
977 
966 
957 
951 
945 
943 
940 
939 
936 
830 
853 
868 
891 
923 
964 
1011 
1061 
1109 
1154 
1191 
1221 
1239 
1249 
1250 
1243 
1230 
1212 
1192 
1169 
1146 
1123 
1101 
1081 
1061 
1044 
1029 
1016 
1005 
995 
988 
982 
980 
977 
976 
973 
840 
861 
875 
896 
927 
964 
1008 
1054 
1099 
1141 
1176 
1203 
1220 
1229 
1230 
1224 
1211 
1194 
1176 
1155 
1134 
1112 
1092 
1073 
1054 
1039 
1025 
1013 
1002 
994 
987 
981 
979 
977 
975 
973 
970 
800 
822 
836 
858 
889 
927 
973 
1020 
1066 
1108 
1144 
1172 
1190 
1199 
1200 
1193 
1181 
1164 
1144 
1123 
1101 
1079 
1058 
1039 
1020 
1004 
989 
977 
966 
957 
951 
945 
943 
940 
939 
936 
790 
790 
815 
832 
858 
895 
939 
993 
1048 
1103 
1152 
1194 
1227 
1248 
1259 
1260 
1252 
1238 
1217 
1195 
1169 
1144 
1118 
1094 
1070 
1048 
1030 
1012 
998 
986 
975 
967 
960 
958 
955 
953 
950 
880 
880 
903 
918 
941 
973 
1014 
1061 
1111 
1159 
1204 
1241 
1271 
1289 
1299 
1300 
1293 
1280 
1262 
1242 
1219 
1196 
1173 
1151 
1131 
1111 
1094 
1079 
1066 
1055 
1045 
1038 
1032 
1030 
1027 
1026 
1023 
1020 
840 
862 
877 
899 
931 
970 
1017 
1065 
1113 
1156 
1193 
1222 
1239 
1249 
1250 
1243 
1230 
1213 
1193 
1171 
1149 
1126 
1105 
1085 
1065 
1049 
1034 
1022 
1011 
1001 
994 
989 
986 
984 
982 
980 
977 
